// Id               X                Y
  1  -0.0634101363184013 0.135285089089275
  2  0.882336417771098 0.143814400389066
  3   1.81919123722322 0.174185713641275
  4   2.75445747264115 0.257069417861273
  5   3.68485027021476 0.439717431756728
  6   4.58773817021627 0.745389488503343
  7   5.44048368332164  1.17052197633501
  8   6.26945845431167  1.61341633007132
  9   7.13470618339461  1.92045617115603
 10   8.03548341060707  1.91380307959642
 11   8.79910347568702  1.43481762047809
 12    9.0091388134643 0.971619580552911
 13   8.98250497209235 0.434896352330719
 14   8.59450864892898 -0.0911955478514092
 15   7.94407847819175 -0.239309627756687
 16   7.33336921506401 0.137051120433492
 17   6.87476328235866 0.466398279491407
 18   6.53049003775375 0.615176822650906
 19   6.24999704144166 0.678846441001744
 20   6.00871437593965 0.698049444830888
 21   5.80220673281172  0.69163561347511
 22   5.64067219249544 0.673804798277311
 23   5.52636892208036 0.655281882776922
 24   5.42219240298074 0.634623444941273
 25   5.32141737608508 0.611639771573453
 26    5.2214569844695 0.586340448051194
 27   5.12094023627437 0.558801957803592
 28    5.0191019735048 0.529174973979508
 29   4.91552386750791 0.497682990495925
 30    4.8099863248463  0.46460838087446
 31   4.70237582818758 0.430272527539867
 32    4.5926289687349 0.395016260611496
 33   4.48070260395151 0.359184182048388
 34   4.36656154104006  0.32311377214188
 35   4.25017658404158 0.287128501592033
 36   4.13152763880271 0.251533600513596
 37   4.01060845849073 0.216613266048997
 38   3.88743112878638 0.182628488093393
 39   3.76202941691418 0.149815070064468
 40   3.63446071238897 0.118381713002021
 41   3.50480659592748 0.0885082048183027
 42   3.37317219961178 0.0603438380570698
 43   3.23968454850001 0.0340062016788911
 44   3.10449005656944 0.00958048181088309
 45    2.9677513232196 -0.0128806197424316
 46   2.82964336062966 -0.0333562735769658
 47   2.69034938504226 -0.0518561791240166
 48   2.55005632460953 -0.0684184926413292
 49   2.40895022378182 -0.0831070747103392
 50   2.26721174710108 -0.0960081504632354
 51   2.12501199240422 -0.107226516564325
 52   1.98250880810817 -0.116881459353101
 53   1.83984377107932 -0.125102563518595
 54   1.69713992629228 -0.132025587808195
 55   1.55450032672513 -0.137788564515146
 56   1.41200735226888 -0.142528246762379
 57   1.26972273847023 -0.146376987620976
 58   1.12768821463382 -0.149460093876409
 59  0.985926637030015 -0.151893659821202
 60  0.844443504230342 -0.153782856156408
 61  0.703228753527747 -0.155220627464047
 62  0.562258755093788 -0.156286738809713
 63  0.421498439704215 -0.15704710690807
 64  0.280903513482679 -0.157553352523723
 65  0.140422727477584 -0.157842516894418
 66  1.80479195635696e-07 -0.157936894608449
 67  -0.140422359444657 -0.157843947436387
 68  -0.280903125041403 -0.157556277235234
 69  -0.421498020036109 -0.157051650518553
 70  -0.562258297786376 -0.156293082037294
 71  -0.703228258722889 -0.155228999198421
 72  -0.844442981006909 -0.153793522780824
 73  -0.98592610587316 -0.151906911499358
 74  -1.12768770968668 -0.149476227645665
 75  -1.26972230909037 -0.146396287192725
 76    -1.412007063235 -0.142550959044107
 77   -1.5545002562907 -0.137814873044799
 78  -1.69714016119686 -0.132055583531806
 79  -1.83984439764523 -0.125136213638754
 80  -1.98250989871102 -0.116918575306241
 81  -2.12501358693568 -0.107266722510259
 82  -2.26721382954619 -0.0960508539369478
 83  -2.40895269468669 -0.0831514412306713
 84  -2.55005897095298 -0.0684634260342282
 85  -2.69035184975229 -0.0519003090574739
 86  -2.82964511459369 -0.0333979513114272
 87   -2.9677516430059 -0.0129179224091835
 88  -3.10448801111278 0.00954973890030057
 89  -3.23967899765418 0.0339844460012511
 90  -3.37316180673582 0.0603337161140605
 91  -3.50478985561611 0.0885125560551345
 92  -3.63443599323257 0.118403543901133
 93  -3.76199501799665  0.14985753061711
 94   -3.8873853478289 0.182694852261546
 95  -4.01054966951036 0.216706917108018
 96  -4.13145437837848 0.251658021589928
 97  -4.25008764830969 0.287287271624186
 98  -4.36645610095765 0.323310568243239
 99   -4.4805803546313   0.3594227910349
100  -4.59249033977429 0.395300605087565
101  -4.70222229478551 0.430606714491175
102  -4.80982087098465 0.464996781235338
103  -4.91535165715607 0.498130353834074
104  -5.01893127740527 0.529686570732211
105  -5.12078363503883 0.559383721507541
106  -5.22133280656204 0.586999059780431
107  -5.32135112379941 0.612382570198906
108   -5.4222169639901 0.635457874135226
109  -5.52651650223078 0.656213443826062
110  -5.64088020402562 0.674825432308512
111  -5.80200937122481  0.69273994994632
112  -6.00840466345349 0.699358518376667
113  -6.24958616599708  0.68045783239852
114  -6.53001520597887 0.617229466313671
115  -6.87432669319653 0.469124886775639
116  -7.33323255061023 0.140850749739045
117  -7.94427528210115 -0.234574250501767
118  -8.59456841007731 -0.0874449407418929
119  -8.98644715579522 0.435632006488844
120  -9.02040626783227 0.971809498546108
121  -8.81876386695122  1.43838123028895
122  -8.06524383208766  1.93168772577737
123  -7.16660951081871  1.95015633307722
124  -6.30418599003422  1.64701885221672
125  -5.48489505332769  1.20207898142036
126   -4.6489270796482 0.770821335601351
127  -3.76305085311683 0.455716707475911
128  -2.85069183041622 0.265862864287751
129  -1.91406419960947 0.175169059273692
130  -0.988250004679806 0.123226643169402
131  -0.0175703268356476 0.739153810119048
132  0.912685273260272  0.75222867937254
133   1.84319651149168 0.781790870605676
134   2.77195642358697  0.86343768004151
135   3.68864371012225  1.04803426543834
136   4.57797054753392  1.35839705800978
137   5.45324187405548  1.78688469788482
138   6.43255795437889  2.21127467471958
139   7.50995828401495  2.41387737885076
140   8.59708734116561  2.16151603666766
141   9.30941618064336  1.28945830407517
142   9.36040939093315 0.555939647989875
143   9.03319761604222 -0.107905259461739
144   8.47588421507109 -0.598289580990281
145   7.86802852264188 -1.01538963230531
146   7.61215959993858 -1.77205471358143
147   7.60790969484498 -1.77565602079996
148   7.60685934990424 -1.77653658324077
149   7.59583198013011 -1.78555925049334
150   7.57498690135437 -1.80164920545237
151   7.54102555628318 -1.82577743203192
152    7.4805424721316 -1.86437382572377
153   7.38239480006847 -1.92007375078112
154   7.27239109463408 -1.97688670782824
155   7.15553678399329 -2.03304399630009
156   7.03372347985281 -2.08822947207268
157   6.90790743878156 -2.14242234694892
158   6.77857158070781 -2.19572048873473
159   6.64592123284946 -2.24826235842643
160   6.51000183135698 -2.30017766004999
161   6.37077978305049 -2.35155752009699
162    6.2281968538138 -2.40244046273739
163    6.0822031545331  -2.4528103213958
164    5.9327740777986 -2.50260206099493
165    5.7799166532001 -2.55171191372919
166   5.62366983004569 -2.60000907162132
167   5.46410176585511 -2.64734710393962
168   5.30130591379875 -2.69357405318478
169   5.13539681157476 -2.73854073185272
170     4.966505962041 -2.78210710815825
171   4.79477794909798 -2.82414688136137
172   4.62036683772565 -2.86455045636229
173   4.44343288400141 -2.90322657169234
174   4.26413958176049 -2.94010284133985
175   4.08265107393132 -2.97512545567146
176   3.89912995017162 -3.00825826018842
177   3.71373543820873 -3.03948139917535
178    3.5266219779074  -3.0687896783014
179   3.33793814910296  -3.0961907684093
180   3.14782591049657 -3.12170334370849
181   2.95642009966602 -3.14535522243053
182   2.76384814398221 -3.16718155728856
183   2.57022993782256 -3.18722310699494
184   2.37567785079849 -3.20552460841179
185   2.18029684224332 -3.22213326107808
186   1.98418466670148 -3.23709733104238
187   1.78743216213255 -3.25046487817747
188   1.59012361638765 -3.26228260952606
189   1.39233720848668 -3.27259485997801
190   1.19414552014079  -3.2814427002242
191  0.995616110877335 -3.28886317029522
192   0.79681214803271 -3.29488863515733
193  0.597793081493588 -3.29954625707539
194  0.398615352737277 -3.30285757808433
195  0.199333128421482 -3.30483820525769
196  -9.49799057986198e-07 -3.30549759169708
197  -0.199335005860693 -3.30483890734961
198  -0.398617165449471 -3.30285899574831
199  -0.597794792053758 -3.29954841531616
200  -0.796813727237743 -3.29489156661048
201  -0.995617540311502 -3.28886690942667
202  -1.19414679404811 -3.28144727567057
203  -1.39233833479831 -3.27260028508331
204  -1.59012461679227 -3.26228887113821
205  -1.78743307113218  -3.2504719237618
206  -1.98418552965917 -3.23710505416172
207  -2.18029771250804 -3.22214148526471
208  -2.37567878607716 -3.20553306942702
209  -2.57023099605884 -3.18723143343402
210   -2.7638493790852 -3.16718924945202
211  -2.95642155751024 -3.14536162935102
212   -3.1478276256791 -3.12170763820974
213  -3.33794014298579 -3.09619192008699
214  -3.52662425850552 -3.06878642436389
215  -3.71373800249856 -3.03947221316588
216  -3.89913278938933 -3.00824131873118
217  -4.08265418241226 -2.97509860351956
218  -4.26414296982201 -2.94006355514324
219  -4.44343659527474  -2.9031719230127
220  -4.62037097115592  -2.8644770745173
221  -4.79478268553041 -2.82405091665682
222  -4.96651159480226 -2.78198419596035
223  -5.13540377968973 -2.73838595777353
224  -5.30131483533065 -2.69338191945617
225  -5.46411346717435 -2.64711149691075
226  -5.62368536439937 -2.59972323036274
227  -5.77993729848226 -2.55136840013207
228  -5.93280129857439 -2.50219273275501
229  -6.08223850699957 -2.45232631116092
230  -6.22824180495358 -2.40187216982336
231  -6.37083540875846 -2.35089462587614
232  -6.51006835744209 -2.29940918464295
233  -6.64599739512286 -2.24737678499817
234  -6.77865381446808 -2.19470599354796
235  -6.90798897084106 -2.14126719080356
236   -7.0337935035433 -2.08692263157703
237  -7.15558014279205 -2.03157610991894
238  -7.27238978451743 -1.97525115602132
239  -7.38233739331791 -1.91826542732039
240  -7.48050203546642 -1.86235156976331
241  -7.54136280636926 -1.82335846697848
242  -7.57547955288356 -1.79899960672228
243    -7.596476369814 -1.78269684494299
244  -7.60766176078639 -1.77348112705619
245  -7.60891905580525 -1.77241871932644
246  -7.61369335430751  -1.7683341325625
247  -7.86831597064876 -1.01104879684877
248  -8.47665608884694 -0.595018574929595
249  -9.03563467368308 -0.106940392275507
250  -9.36786634392264 0.554184439060743
251  -9.32525389965845  1.28817044541118
252   -8.6289066899513  2.17288076162627
253   -7.5452545564601  2.44067353632548
254  -6.46587263312493  2.24519235142877
255  -5.48630205772452  1.81848363103268
256  -4.60851903163107  1.38204853884983
257  -3.72102525684623  1.06151815270002
258  -2.80430885702039  0.87009486171964
259  -1.87554714665777 0.781397676997225
260  -0.945203564522523 0.725798281661698
