// Id               X                Y
  1  -0.283021672548642  6.23667868672109
  2  0.768233521995572  6.19788005439216
  3   1.80931022608345  6.03014383208871
  4   2.82754578061863  5.72780231835867
  5   3.79102440712701  5.28962067316191
  6   4.67881734986131  4.72493035792823
  7   5.53887485723106  4.11243830604768
  8   6.41423480739677  3.53563937796443
  9   7.27308729652372  2.98195827514151
 10   8.01861736247863   2.3850545543122
 11   8.55023509057655  1.59838288067196
 12   8.60645387845019  1.07200913577459
 13   8.41899870729451  0.57259758026701
 14   7.97260099353471 0.245635017937755
 15   7.43084580226478 0.258429924104886
 16   6.93508872142874  0.71317867379744
 17   6.66867145025711  1.23251166951768
 18   6.51340955738789  1.61818186622455
 19    6.4049821901596  1.89299001161226
 20   6.32280772154998  2.09196144725794
 21   6.25552723467757  2.24594655091613
 22   6.19689235634119  2.37307571392177
 23     6.143048481854  2.48410996454513
 24   6.09134072173213  2.58585168607984
 25   6.03985575333776  2.68270650361921
 26   5.98718783065811  2.77752993765937
 27   5.93228887892312  2.87214707432845
 28   5.87436385830203  2.96768998327532
 29   5.81279646315762  3.06482201781138
 30   5.74709646737433  3.16388858910046
 31    5.6768625343296  3.26501920238827
 32   5.60175597311147  3.36819681928589
 33   5.52148223258616  3.47330507526723
 34   5.43577794486257  3.58016028516943
 35   5.34440208764224  3.68853282875003
 36   5.24713037496617  3.79816099468346
 37   5.14375235966571  3.90875938970395
 38   5.03407098801341  4.02002339744444
 39   4.91790453269598   4.1316307682746
 40    4.7950909873188  4.24324114757587
 41   4.66549517829889  4.35449414458741
 42   4.52901908184295  4.46500637115767
 43   4.38561614676417  4.57436773857733
 44   4.23531073771012  4.68213726538821
 45   4.07822371182407  4.78783896487603
 46   3.91460338184955   4.8909596014672
 47   3.74485527434477    4.990952933212
 48     3.569552928601   5.0872586604236
 49   3.38940462063162  5.17934259795126
 50   3.20516991263172  5.26674945986294
 51   3.01756283798395  5.34914177345928
 52   2.82719107109674  5.42630541265949
 53   2.63454365669431  5.49812824459173
 54     2.440007117019  5.56457042311732
 55   2.24388858340028  5.62563848409889
 56   2.04643599912038  5.68136651296561
 57   1.84785331311497  5.73180345174034
 58   1.64831142659974  5.77700476642557
 59   1.44795609773408  5.81702700518641
 60   1.24691376653554   5.8519242399291
 61   1.04529595660465   5.8817457374999
 62   0.84320268520821   5.9065344388772
 63  0.640725169203728   5.9263259714394
 64  0.437948025661845  5.94114801270749
 65  0.234951111435524  5.95101988477876
 66  0.0318111117613775  5.95595229955038
 67  -0.171397033432619  5.95594720333993
 68  -0.374598789588615  5.95099769044264
 69  -0.577718704167349  5.94108797186909
 70  -0.780679030561801  5.92619340061505
 71  -0.983398224964299   5.9062805706999
 72  -1.18578923105203   5.8813075263223
 73  -1.38775744942935  5.85122414273285
 74  -1.58919826082803  5.81597277577706
 75  -1.78999392803458  5.77548932863149
 76   -1.9900096292682  5.72970496241068
 77  -2.18908825230389  5.67854880067504
 78  -2.38704336393874  5.62195218013333
 79  -2.58364940596082  5.55985533833647
 80  -2.77862762410538  5.49221797998275
 81  -2.97162572035448  5.41903593136129
 82  -3.16218991020928  5.34036660124539
 83   -3.3497335411265  5.25636415035311
 84    -3.533521791778  5.16731669383933
 85  -3.71270973159167  5.07366226083434
 86  -3.88645195882987  4.97595833485348
 87  -4.05403222336357  4.87481470285328
 88  -4.21493473530287  4.77083208161813
 89  -4.36884195186972  4.66457155962122
 90   -4.5155959835796  4.55654833443279
 91  -4.65515617839676  4.44723568513947
 92  -4.78756500910829  4.33707119173672
 93  -4.91292325426858  4.22646251749558
 94  -5.03137245281106  4.11579221441747
 95   -5.1430826553712  4.00542148663455
 96  -5.24824413563078  3.89569275396526
 97   -5.3470623055861  3.78693068274775
 98  -5.43975530032094  3.67944102050365
 99  -5.52655445138762  3.57350683257387
100   -5.6077061162273  3.46937991394562
101  -5.68347989129469  3.36726977476698
102  -5.75416952439545  3.26731722844759
103  -5.82012575201616  3.16957664395329
104  -5.88173096011008  3.07393899806964
105  -5.93951131177908   2.9801223105562
106  -5.99401455396329  2.88749065456608
107  -6.04607260595284  2.79507235958021
108  -6.09658006597459  2.70119052581011
109  -6.14692155615411  2.60329445564335
110  -6.19883259619524  2.49730050172175
111  -6.25481533503364  2.37690513145324
112  -6.31844999072717  2.23189935951213
113  -6.39572663462239  2.04407446296299
114  -6.49800810454478  1.77855399793055
115  -6.64200033159877  1.39552220141941
116   -6.8768092886773 0.866877078842981
117  -7.31483830407438 0.346563310916948
118  -7.80499084631813 0.230415043196985
119  -8.29023875476727 0.419974545472055
120  -8.59858124752262 0.862636664282287
121  -8.64628227059915  1.41418844083148
122  -8.12217588957753  2.31460978516941
123  -7.38734048979335   2.9163508954284
124  -6.59463827666433  3.42549774723133
125  -5.80931437268235  3.94125253640754
126  -5.04880931486236  4.49682786828504
127   -4.2897640174737  5.06134985823394
128  -3.37138138299841  5.55558208254015
129  -2.36907458479102  5.92141356825531
130  -1.32827015529489  6.11327390573162
131  0.0129223599445664  6.74447803793176
132   1.11458410676885  6.68080397787672
133   2.19794269411076  6.47641397953534
134   3.24618288186418  6.13988994984403
135   4.23697514828434  5.66717455827745
136   5.15562883252671  5.07498231702934
137   6.04825919702968  4.44850414618077
138   6.95060712693006  3.83471645014647
139   7.84682960256196  3.20282537381695
140   8.63054541569637  2.42690225089676
141   9.06955972023471  1.41126427215704
142   9.00496306133237 0.704749518033287
143   8.63287054431137 0.104363597487756
144   8.03842543275328 -0.263964087422096
145   7.37768593193091 -0.467570770339748
146   6.72979204966362 -0.756203665482424
147   6.52856218875934 -0.805003199698548
148   6.32544134543058 -0.832001239598245
149   6.12223356085374 -0.837621958966608
150   5.91993973323707 -0.823072945553983
151   5.72034952890587 -0.789633073972959
152   5.52500480555836 -0.738768542558393
153     5.335188869946 -0.672145947605753
154   5.15193117781336 -0.591628887842535
155   4.97593965149683 -0.499209706808765
156   4.80757272729519 -0.396912001340136
157   4.64686199437863 -0.286701105878089
158    4.4935660910125 -0.170419110876788
159   4.34723670392793 -0.0497465078059416
160   4.20728413056073 0.0738140701832336
161   4.07303581658763 0.198938345902886
162   3.94378524235486 0.324471014797164
163   3.81883078556713 0.449411133545808
164   3.69750529164472 0.572895631116621
165   3.57919749954939 0.694183180474362
166   3.46336651024597 0.812639806231218
167   3.34955033600987  0.92772696848025
168   3.23736933839769  1.03899241244727
169   3.12652510571222  1.14606376684089
170   3.01679505759226    1.248644681831
171   2.90802279058245  1.34651320298064
172   2.80010387383722  1.43952206717238
173   2.69296645608535  1.52760065131544
174   2.58654572922433  1.61075830586694
175    2.4807514028078  1.68908847552447
176   2.37542907235089  1.76277168941042
177   2.27032208154247  1.83207227418968
178   2.16505145924858  1.89731915532054
179   2.05913899590968  1.95886200032279
180   1.95208040822803    2.017010153862
181   1.84343363905656  2.07198308417733
182   1.73287423763246  2.12389598335725
183   1.62020477971918  2.17277605605321
184   1.50533716593138  2.21859016559592
185   1.38826817346832  2.26127009629854
186   1.26905785481896  2.30073107803291
187   1.14781285545356  2.33688400514637
188   1.02467399626367  2.36964296094664
189  0.899807034631476  2.39892950583508
190  0.773395738068347  2.42467479792655
191  0.645636679173219  2.44682029642333
192  0.516735354852114  2.46531758069613
193  0.386903348625367  2.48012767311663
194  0.256356319024489  2.49122015313992
195  0.125312631450574  2.49857227600184
196  -0.0060075309126039  2.50216825140488
197  -0.137382731955477  2.50199878981071
198  -0.268590673367758  2.49806098267215
199  -0.399408559691819  2.49035854529241
200  -0.52961358684234  2.47890241452947
201  -0.658983705946067  2.46371165593146
202  -0.787298819237199  2.44481459378125
203  -0.914342572648549  2.42225003050901
204  -1.03990492311221  2.39606836606274
205  -1.16378568315695  2.36633235871993
206  -1.28579929320498   2.3331171785636
207  -1.40578116631192  2.29650927786917
208  -1.52359613172776  2.25660340867932
209  -1.63914983103876  2.21349680379534
210  -1.75240442847108   2.1672790359411
211  -1.86340048538056  2.11801540431549
212  -1.97228618264106  2.06572143213853
213  -2.07934981579821  2.01032845367372
214  -2.18503677875535  1.95164986967699
215  -2.28991549872556  1.88937373969063
216  -2.39457584256316  1.82310663442376
217  -2.49951098419544   1.7524536509018
218  -2.60505823301044  1.67708652357982
219  -2.71141212508922  1.59677493863884
220  -2.81867257540502  1.51139112977924
221  -2.92689595044418  1.42090438896524
222  -3.03613704098563  1.32537434333807
223  -3.14648078776316  1.22494576327113
224  -3.25806554801579  1.11984536620865
225  -3.37109965895817  1.01038062967597
226  -3.48587241711313 0.896940714855808
227   -3.6027600174963 0.779999731053715
228  -3.72222656731896 0.660122601533111
229  -3.84481996003817  0.53797369510217
230  -3.97116211808501 0.414328166059493
231  -4.10193284469461 0.290085620681054
232  -4.23784622295688 0.166285317649615
233  -4.37961834133246 0.0441214700986279
234  -4.52792538338934 -0.0750439092393278
235  -4.68335286715782 -0.189675079872673
236  -4.84633965633683 -0.298069788237015
237  -5.01712068075701 -0.39838371826323
238  -5.19566432704257 -0.488670629610188
239  -5.38161244715092 -0.566943576627738
240  -5.57425966106828 -0.631266750543976
241  -5.77259696151218 -0.67985902806471
242  -5.97538812087089 -0.711164131511814
243  -6.18115424468403 -0.723859210530058
244  -6.38820851656102 -0.71685439106444
245  -6.59706320099475 -0.688913493933198
246   -6.8075021624581 -0.638943117170999
247   -7.4613955306572 -0.364930265682911
248  -8.14698961548821 -0.166785759153686
249  -8.75465428504563 0.202530479785642
250  -9.11511496867186 0.805082135248372
251  -9.14138643160548  1.50365539996431
252  -8.68106651459118   2.4964161362277
253   -7.8909655123133  3.25740005887121
254  -6.99341955540252  3.88476774927616
255  -6.07999517508325  4.48698548026429
256  -5.16955751138333  5.09672756441777
257  -4.22960228614917  5.66978082612045
258  -3.23321702929315  6.14812162310245
259  -2.17848967316529  6.48233535350699
260  -1.08832599834091  6.66644987308792
