// Id               X                Y
  1  -0.0754209572531456 0.0737029183078675
  2  0.841749185399103 0.0921497773039987
  3   1.74352713059024 0.244231375527724
  4   2.61189815673479 0.509044297254436
  5   3.44251240409178 0.855345034331171
  6   4.24577612452416  1.24144064925601
  7     5.045288058727  1.61594431236579
  8   5.87241251547291  1.91665716551872
  9   6.74249542079043  2.01286824278482
 10   7.58029387935146  1.77299355473085
 11   8.21543581322135  1.16536054574863
 12   8.39689498472853 0.711372418908248
 13   8.42298902780185  0.19641988125556
 14   8.21356960952584 -0.361774999005828
 15   7.59874445648375 -0.739993684882941
 16   7.84272731788896 0.142785103225868
 17   7.77598514316548 0.412558597959171
 18    7.6097256074853 0.579781291849403
 19   7.39693059256009  0.67558652727167
 20   7.17498480039423 0.722546130091392
 21   6.96533736896394 0.740537209589676
 22   6.78048501603716 0.741593003995674
 23   6.60382254578314 0.731815600597226
 24   6.43206634370292  0.71315765617467
 25   6.26425343817551 0.686857309414283
 26   6.10097146440804 0.654399466254702
 27   5.94077651467006 0.617152503962079
 28   5.78303477021515 0.576626517946236
 29   5.62732528613484 0.534216993217916
 30   5.47318332046918 0.491026918420948
 31   5.32016465540226 0.447858406998959
 32   5.16789972991988 0.405267497925763
 33   5.01610862766496 0.363629544578914
 34   4.86459190722961 0.323194583788558
 35   4.71321300512917  0.28412842634102
 36   4.56188086871617 0.246541134756501
 37   4.41053603436664 0.210505892745655
 38   4.25914056151527 0.176071048233644
 39   4.10767116206756 0.143267515444285
 40   3.95611464930621 0.112113140187776
 41   3.80446494634682 0.0826151639154966
 42   3.65272109131088 0.0547715700238481
 43    3.5008858574559 0.0285718391282142
 44   3.34896474505191 0.00399745507951399
 45   3.19696519861979 -0.0189776289982203
 46    3.0448959668704 -0.0403864496216248
 47   2.89276656239523 -0.0602683676467848
 48    2.7405868012848 -0.0786682737803385
 49   2.58836641495869 -0.0956356872027107
 50   2.43611473160699 -0.111223783626139
 51   2.28384042563812 -0.125488393064706
 52   2.13155133240248 -0.138487004452078
 53    1.9792543235607 -0.150277806799146
 54   1.82695523663211 -0.160918787327361
 55   1.67465885095116 -0.170466897948047
 56   1.52236890165176 -0.178977293961112
 57   1.37008812337222 -0.186502643628631
 58   1.21781831599249 -0.193092504451872
 59   1.06556042569921 -0.198792761213653
 60  0.913314635842817 -0.203645121560614
 61  0.761080463257824 -0.207686666442885
 62  0.608856856860067 -0.210949454522118
 63  0.456642296353862 -0.213460181270388
 64   0.30443488975164 -0.215239894650435
 65  0.152232469122383 -0.216303769884448
 66  3.26845475767492e-05 -0.216660945892185
 67  -0.152166903319978 -0.216314425591264
 68  -0.304368731422868 -0.215261041521476
 69  -0.456575142381112 -0.213491487313557
 70  -0.608788291677142 -0.210990414505831
 71  -0.761010053265351 -0.207736593255657
 72  -0.913241923198944 -0.203703134734797
 73  -1.06548492127813 -0.19885777257745
 74  -1.21773949128034 -0.193163200794974
 75  -1.37000540104262 -0.186577466175502
 76  -1.52228164453406 -0.179054414371017
 77   -1.6745663490793 -0.170544190542925
 78  -1.82685669204854 -0.160993797335269
 79  -1.97914883255919 -0.15034771463861
 80  -2.13143786493813 -0.138548586504116
 81  -2.28371780172322 -0.125537979990716
 82  -2.43598159465572 -0.111257218058488
 83  -2.58822120224136 -0.0956482834831913
 84  -2.74042771189369 -0.078654783230509
 85  -2.89259152338621 -0.0602229534770126
 86  -3.04470259849151 -0.0403026758716334
 87  -3.19675077972055 -0.018848467722063
 88  -3.34872617982324 0.00417959490331061
 89  -3.50061964450506 0.0288150588017288
 90  -3.65242329564135 0.0550844041998441
 91  -3.80413117397811 0.0830064817739204
 92  -3.95574002289233 0.112592030073933
 93  -4.10725029374878 0.143843162209467
 94   -4.2586675160714  0.17675261750929
 95  -4.41000427111761 0.211302443072945
 96  -4.56128314406804 0.247461587816969
 97  -4.71254120898455 0.285181638798076
 98  -4.86383679671082 0.324389583039963
 99  -5.01525941541953 0.364976016389364
100  -5.16694349478059 0.406776645871551
101  -5.31908559898279 0.449544334358833
102   -5.4719620421288 0.492908684306757
103  -5.62593853036597 0.536321384065256
104  -5.78145640158417 0.578991157180823
105  -5.93898006196842 0.619827873263364
106  -6.09893072964787 0.657446624959917
107   -6.2619024463861 0.690333742011241
108  -6.42936838443078   0.7171246081978
109  -6.60074684660315  0.73632326984841
110  -6.77694187696589 0.746685224381994
111  -6.96102559860321 0.746280828013472
112  -7.16938719006941 0.729155713866333
113  -7.39102542599209 0.683073121932843
114   -7.6037420277804 0.588083398262294
115  -7.77014400868472 0.421635111735714
116   -7.8375726650062 0.152071506721483
117   -7.5985252772499 -0.731445583146605
118  -8.22525638615275  -0.3724066730398
119    -8.446778225518 0.192354497569847
120  -8.42714401251638 0.707738547179601
121  -8.25274691893823  1.16419569177561
122  -7.62910564648542  1.78252551338644
123  -6.79641861344588  2.03396335060362
124  -5.92877582242618  1.94384644329325
125  -5.10641484358107  1.64314672466315
126  -4.31493534079426   1.2652508616115
127  -3.52273676212476 0.874376866959492
128  -2.70565508917425  0.52291322266544
129   -1.8530695899322 0.253477378137579
130  -0.969917971181733 0.0982477602648567
131  -0.0315802124584862 0.656694240935803
132  0.848877894934943 0.707182183534413
133   1.71716341305458 0.864981094866163
134   2.56529152035922   1.1286982687399
135   3.39372074531294  1.47490093615774
136   4.22096945716884  1.86206675063466
137   5.08755178019416  2.23045186632322
138   6.09391285914191  2.49296557460147
139   7.17127502560803  2.45594444510679
140   8.14497731074225   1.9525867040774
141   8.68665571593397  0.99034971468107
142   8.67331784945035 0.239663957518906
143   8.36112293916807 -0.452847074071617
144   7.83660752477565 -1.01851232207788
145   7.19824199783813 -1.51095590941424
146   6.46902060779567 -2.03518478460228
147   6.31879092099042 -2.11907971882474
148   6.29161712419544 -2.13330529048979
149   6.26357731445489 -2.14770865561387
150   6.22746867403528 -2.16588159108578
151   6.18197615441149 -2.18822657213749
152    6.1280918650495 -2.21396370328887
153   6.06685733666501 -2.24232774993318
154   5.99808574889229 -2.27314937997799
155   5.91979872806569 -2.30700899901697
156   5.82063308955497 -2.34818301181047
157   5.70969916008916 -2.39220093238239
158   5.59213261042629 -2.43675401138398
159   5.46965434682718 -2.48111950519002
160   5.34334151657143 -2.52489549835824
161   5.21395785764527 -2.56782161937295
162   5.08205097516327 -2.60971820915145
163   4.94801146464066  -2.6504549647933
164   4.81211865966695 -2.68993277717811
165   4.67457566637302 -2.72807326246391
166   4.53553477610832 -2.76481297017602
167   4.39511501712978 -2.80010033962673
168   4.25341383658549  -2.8338941773047
169   4.11051467225882 -2.86616290822417
170   3.96649176678257 -2.89688417095164
171   3.82141318142432  -2.9260445233113
172   3.67534265358089 -2.95363914186317
173   3.52834071932248 -2.97967146290962
174   3.38046537283301 -3.00415274680208
175   3.23177243745703 -3.02710156402524
176   3.08231576083025 -3.04854320897172
177   2.93214730674304 -3.06850905011437
178   2.78131719069503  -3.0870358260069
179   2.62987368931261 -3.10416489655957
180   2.47786324268927 -3.11994145900881
181   2.32533046129778 -3.13441373817582
182   2.17231814418642 -3.14763216099032
183   2.01886731192062 -3.15964852570984
184   1.86501725562947 -3.17051517661075
185   1.71080560218206 -3.18028419499452
186    1.5562683946817 -3.18900661703645
187   1.40144018694274 -3.19673168827449
188   1.24635415029463 -3.20350616344773
189   1.09104219088211 -3.20937365905586
190  0.935535075573557 -3.21437406456299
191  0.779862564639305 -3.21854301674721
192   0.62405354950616 -3.22191144041232
193  0.468136194114712 -3.22450515760281
194  0.312138078676405 -3.22634456662981
195  0.156086344916246 -3.22744439162285
196  7.84216308477254e-06 -3.22781350294161
197  -0.156070726116606 -3.22745480857353
198  -0.312122655576441 -3.22636521655861
199  -0.468121094186311 -3.22453566847209
200  -0.624038895515314 -3.22195124401243
201  -0.779848472340423 -3.21859133673537
202  -0.935521650992285 -3.21442990089771
203  -1.09102952708792  -3.2094357691749
204   -1.2463423235811 -3.20357304064587
205  -1.40142925235622 -3.19680153785165
206  -1.55625838086775  -3.1890773309023
207  -1.71079650555351 -3.18035332552414
208  -1.86500903389981  -3.1705799106363
209  -2.01885987709054  -3.1597056595952
210  -2.17231135512083 -3.14767807775921
211  -2.32532411608755 -3.13444438764527
212  -2.47785707106083 -3.11995234181893
213  -2.62986734543747  -3.1041510528983
214  -2.78131024686747 -3.08699182971883
215  -2.93213924854708 -3.06842900877917
216  -3.08230598461282 -3.04842077045894
217  -3.23176025116927 -3.02692992999864
218  -3.38045000160444 -3.00392469366825
219  -3.52832131751018  -2.9793793707845
220  -3.67531832552656 -2.95327503225974
221  -3.82138301382879 -2.92560010641559
222  -3.96645487660444 -2.89635090352577
223  -4.11047027559452 -2.86553206331004
224  -4.25336134647758 -2.83315692691761
225  -4.39505418229973 -2.79924785136497
226  -4.53546587914629 -2.76383651781519
227  -4.67449981016721  -2.7269643485637
228  -4.81203818603667 -2.68868326145443
229  -4.94793056942333 -2.64905718378314
230  -5.08197660629643 -2.60816505795075
231  -5.21390099764572 -2.56610654143137
232  -5.34331894367864 -2.52301228933692
233  -5.46969095133353 -2.47906176782822
234  -5.59226454050435 -2.43451391994526
235  -5.70998005690705 -2.38976609947855
236  -5.82116173260354 -2.34552367753056
237  -5.92104072302095   -2.303939980121
238  -5.99983229313797 -2.26976915426203
239  -6.06888928036958 -2.23873676532411
240  -6.13032830828888 -2.21020455299062
241  -6.18436432918062 -2.18433105483832
242  -6.22996711733665 -2.16187849735907
243  -6.26615593052844 -2.14362344964504
244   -6.2942659466762 -2.12915107990938
245   -6.3215179934355 -2.11485313590995
246  -6.47177497282288 -2.03077361924109
247  -7.20133926054078 -1.50642804342955
248  -7.84151410715215 -1.01943133871821
249  -8.37271177469191 -0.458543651584506
250  -8.69459101256692 0.230562930935856
251  -8.71985920065438 0.981783710727355
252  -8.19476198642668  1.95438675352083
253  -7.22844477566653  2.47283033297455
254  -6.15056658618372  2.51942739022113
255  -5.14126960569134  2.25743223790875
256  -4.27586219602724   1.8849196975938
257  -3.45157405077986  1.49171377224641
258  -2.62602035049127  1.13928697073627
259  -1.77945273833291 0.870435304724733
260  -0.910772177292383 0.709050654006166
