// Id               X                Y
  1  -0.0851007073080371  5.22586437604254
  2  0.998146459278521  5.18621403791903
  3   2.05633523784489  4.98811876749903
  4   3.05596694334118  4.67075815384748
  5   3.93747923759546  4.30583486019824
  6   4.77826487367189  3.92131054059826
  7    5.6336484315962  3.55889586566757
  8   6.49612081129418  3.20786362406548
  9    7.3494328596448  2.84354986100238
 10   8.16899863760666  2.42508128998719
 11     8.927404556405  1.90640519701525
 12   9.28393622208457  1.52733268735172
 13   9.54441564079191  1.06018943025146
 14   9.60606240507539 0.480492241788326
 15   9.34878394757393 0.00856272064180414
 16   8.65396400067103 -0.16224591808788
 17   8.17232204694248 -0.0281299741804964
 18   7.83954216608833 0.168982827456246
 19   7.60582560782309 0.359886094182501
 20   7.46383592221431 0.496745870197705
 21   7.36506057688809 0.601012501925074
 22   7.27238445423485 0.705293338294011
 23   7.18459509507777 0.809347551860624
 24   7.10124533122613 0.912335150511273
 25   7.02125502131551   1.0144340282927
 26   6.94325837550038  1.11646680955831
 27   6.86594189745248  1.21941103266043
 28   6.78817498218887  1.32413255278251
 29   6.70902287153943  1.43128462166586
 30     6.627711879866  1.54129586489045
 31   6.54358063075777  1.65440045526673
 32   6.45603173987773  1.77068469975985
 33   6.36448972042079  1.89013536442702
 34   6.26836738788275  2.01268080891592
 35   6.16704220365876   2.1382190380237
 36   6.05984491382516  2.26662824057083
 37   5.94606525501058  2.39775578535002
 38    5.8249828551931  2.53138197960669
 39   5.69593222124266  2.66715906399785
 40     5.558397494135  2.80454328334333
 41   5.41209635656588  2.94276853451752
 42   5.25699573410929  3.08090433297391
 43   5.09326169502977  3.21796550762301
 44   4.92119943167213   3.3530033441405
 45   4.74121131807192  3.48515533757349
 46   4.55376740687958  3.61366688928849
 47   4.35937917839444  3.73789857364502
 48   4.15857594221723  3.85732373156876
 49   3.95188694550291  3.97151827679741
 50   3.73983438877771  4.08014366910784
 51   3.52293441802938  4.18292832066869
 52   3.30170339073114  4.27965075060114
 53   3.07666435380971  4.37012735100875
 54   2.84834938333452  4.45420573807504
 55   2.61729869898805  4.53176187099435
 56   2.38405760848492  4.60269947015407
 57   2.14917131711047  4.66695089288274
 58   1.91317875344944  4.72447844248115
 59   1.67660206193048  4.77527630743841
 60   1.43992861075474  4.81937257455153
 61   1.20358537771036  4.85682972453927
 62  0.967905954893618  4.88774207626342
 63   0.73309447053727  4.91222843813256
 64  0.499197057910439  4.93041879122393
 65  0.266093025436541  4.94243595554102
 66  0.0335139738176954  4.94837559629553
 67  -0.19890798437948  4.94828933450317
 68  -0.431570101905361  4.94217555089299
 69  -0.664821717239903  4.92998061910549
 70  -0.898898439346375  4.91161018874055
 71  -1.13388256607372   4.8869470020495
 72  -1.36969308958798  4.85587038252034
 73  -1.60609961959055  4.81827325323979
 74  -1.84275364532896    4.774073699308
 75  -2.07922625145496  4.72322025646578
 76  -2.31503796297606  4.66569325544801
 77  -2.54967758833221  4.60150460604447
 78  -2.78261494575131  4.53069673333286
 79  -3.01330085271325   4.4533444003966
 80  -3.24117419530237  4.36955487793775
 81  -3.46568203183207  4.27946270542643
 82  -3.68630518161706  4.18321950031112
 83  -3.90256081290958  4.08099123421005
 84  -4.11398909233049  3.97296502425302
 85  -4.32009949121436  3.85938417977215
 86  -4.52035143647539  3.74057864636503
 87  -4.71416035992662  3.61698856538245
 88  -4.90093937584987  3.48916630772535
 89  -5.08013836489036  3.35777289660875
 90  -5.25126778944044  3.22357710631825
 91  -5.41390057856762  3.08746537934583
 92  -5.56770038318478  2.95042339819639
 93  -5.71247849811866  2.81347380034445
 94  -5.84827548097541  2.67755987894902
 95  -5.97541716579158  2.54341969710103
 96  -6.09447805552156  2.41154052364937
 97  -6.20617545071833  2.28220660482519
 98  -6.31126991115545  2.15557524124764
 99   -6.4105058392952  2.03173486997722
100  -6.50458842571591  1.91073448644887
101  -6.59418555884092  1.79258702120421
102  -6.67994659665491    1.677251009473
103  -6.76253377528636  1.56459459376573
104  -6.84266430503993  1.45434651540028
105  -6.92116164519597   1.3460411481076
106  -6.99901254379223  1.23896983570254
107  -7.07742017148233  1.13216148379394
108  -7.15782704076807  1.02443822685047
109  -7.24183896137574 0.914640603731862
110  -7.33089340483659 0.802191935675415
111  -7.42554285726663 0.688024089804037
112  -7.52581770637181 0.573946571696899
113  -7.67662564248295 0.416752067332193
114  -7.90394920129592 0.214617515794241
115  -8.22904979891293 -0.000256107428416626
116  -8.70466493843731 -0.162759022608126
117  -9.41060297900176 -0.0381349548693654
118  -9.69815063983931 0.415367824595457
119  -9.67239558051051 0.993639172494034
120  -9.43693286718934  1.47350422455358
121  -9.09670291621723  1.86715621112452
122   -8.3530264864891  2.40733461122602
123  -7.53943575797938  2.83854944318444
124   -6.6871373776402  3.20912526940822
125   -5.8227214015166  3.56229922890782
126  -4.96068864959499  3.92090103744218
127  -4.11072466377266  4.29701857320642
128  -3.22321756324981  4.66901699468264
129  -2.26249347203087  4.96105587405658
130  -1.17532480387315  5.10835806928956
131  -0.217003969513046  5.79150678067413
132   0.83173420369367  5.74263358983647
133   1.88757006753855  5.55864214901692
134   2.92099094514746  5.26959020109264
135   3.92244976309632  4.91534582370364
136   4.90108295322505  4.52615974031774
137   5.85000800374116  4.13976814259836
138   6.76377675627909  3.76659469424002
139   7.70948359600982  3.34825396911151
140   8.63318413811636  2.82928321770347
141   9.44154582608681  2.12688637979606
142   9.81788169588933  1.57034586634346
143   10.0516170467354 0.946947742743558
144   10.1231315566752 0.339359370896459
145   10.0704928044356 -0.203119398806516
146   9.91632175395207 -0.729508795758845
147   9.66320865089079 -1.19366400005319
148   9.36587196510768 -1.53963069399715
149   9.05009516422824 -1.79241281473087
150   8.71808342917222 -1.97738658389156
151   8.37588768125035 -2.10410676891717
152   8.03831861463299 -2.17754022834337
153   7.70914605477874 -2.20635889520709
154   7.39000452728828 -2.19760775810323
155   7.08206123278146 -2.15698842156751
156   6.78637658071711 -2.08944477191473
157   6.50380286020421 -1.99950879502233
158   6.23484771476702 -1.89141320768183
159   5.97961287303983 -1.76908051515286
160    5.7378122480953 -1.63607321202011
161   5.50884472010448 -1.49555308991065
162   5.29189328826291 -1.35026902961702
163   5.08602770587842 -1.20257417921701
164   4.89029548858372 -1.05446371419674
165   4.70379282209675 -0.907620951939669
166   4.52571077845808 -0.76345970785334
167   4.35535301320285 -0.623152178348109
168   4.19211964506177 -0.487633386968157
169   4.03545252184296 -0.357577752147609
170   3.88475124176468 -0.233359238762969
171   3.73930453581087 -0.115036863815638
172   3.59829217138286 -0.00240972192923669
173   3.46084632711805 0.104878084938816
174    3.3261112113089 0.207243049945127
175   3.19327496819791 0.305102336818622
176   3.06158358845585  0.39883887531256
177   2.93034904606257 0.488779670592113
178   2.79895456386609 0.575183220328816
179   2.66685574811224  0.65823506831281
180   2.53357364321189 0.738051918503667
181   2.39868319879235 0.814689762415746
182   2.26179962873266 0.888152933771806
183   2.12256714742797 0.958400778216178
184   1.98065392718761  1.02535022348131
185     1.835751846149  1.08887594617136
186   1.68757965445189  1.14880958073673
187   1.53588919981569   1.2049387889059
188   1.38047309786393  1.25700738219026
189   1.22117687280838  1.30471598821773
190   1.05791837063627  1.34772373083372
191  0.890714164039997  1.38565295644569
192  0.719712398129384  1.41809913280638
193  0.545227402848934  1.44464854181147
194  0.367765024606639  1.46490561764424
195  0.188026348495944  1.47852836351999
196  0.00688169310029295  1.48526610283702
197  -0.174685927349646  1.48499114635498
198  -0.355660158749654   1.4777160141464
199  -0.535078112690223   1.4635912923474
200  -0.712105324400322  1.44288458753559
201  -0.886083525097376   1.4159474913535
202   -1.0565472000492  1.38317787468713
203  -1.22321484244802  1.34498806867539
204  -1.38595993518634  1.30177675790165
205  -1.54477639072591  1.25392102295478
206  -1.69974493426461  1.20175447438045
207  -1.85102133866647  1.14558579303758
208  -1.99880758537299  1.08565458881184
209  -2.14337503554678  1.02219021038178
210  -2.28501537910314 0.955315472085237
211  -2.42407762222066 0.885183741568746
212  -2.56086315529259  0.81182817062805
213  -2.69572374177559 0.735361030314478
214   -2.8289636522269 0.655756325504249
215  -2.96101927078001 0.573029832019629
216   -3.0923673193175 0.487016617675692
217  -3.22363698028493 0.397533555605428
218  -3.35549614812858 0.304259447640352
219  -3.48869603337239 0.206853391975423
220  -3.62402195743271  0.10490616373954
221  -3.76233853805152 -0.00201603579286137
222  -3.90456361776637 -0.11435836876807
223  -4.05162990100245 -0.232493446590447
224  -4.20439848243938 -0.356608407226697
225  -4.36358914630717 -0.486586158318342
226  -4.52979638195208 -0.621963987702688
227  -4.70358000610781 -0.761965574880492
228  -4.88555401568603 -0.905545122149845
229  -5.07643480851374 -1.05140581835989
230  -5.27704728440239 -1.19798885421554
231  -5.48829653566486 -1.34344109441007
232  -5.71111128450948 -1.48557212235638
233  -5.94636412002181 -1.62181254672364
234  -6.19477578855279 -1.74918617149581
235  -6.45681657201426 -1.86430697913057
236  -6.73262612760817 -1.96340483308991
237  -7.02198146884902 -2.04236805395878
238  -7.32434646552409  -2.0967637253414
239  -7.63902674062794 -2.12175553853375
240  -7.96539914621576 -2.11178524221279
241   -8.3029161769993 -2.05987507851493
242  -8.64965940721182  -1.9568820105888
243  -8.98842688181898 -1.79813423115208
244  -9.32023333823808 -1.57025012171213
245  -9.64093129708116 -1.24898059153358
246  -9.92637253110395 -0.807412278807593
247  -10.1177992726525 -0.295082702527381
248  -10.2075954491609 0.243807704419013
249  -10.1729781492089 0.860187025159482
250  -9.97139525022348  1.49566110528521
251  -9.61816912959438  2.06855065865756
252   -8.8301911085305   2.7960919480194
253  -7.91385406699097  3.33265496357496
254  -6.96858036086441  3.76070687829816
255  -6.05518964128371  4.13723379074041
256  -5.13776838388639  4.51310272606299
257  -4.17105277978186  4.90236323677575
258  -3.18151445616544  5.25719345258155
259   -2.1712284582277  5.53949835897015
260  -1.20726523094013  5.71486002416392
