// Id               X                Y
  1  -0.093514049947853 -0.0766235822666342
  2   0.90679641880225 -0.103027699164428
  3   1.81085147041957 0.0668717100179271
  4   2.65614081548789 0.405090984319882
  5   3.44797165814549 0.831583785524051
  6   4.20723285515524   1.2924342635429
  7   4.96345192591564  1.73854828288332
  8   5.74895444618865  2.11175191914738
  9   6.58144542454511  2.34540433006434
 10   7.44193102774394  2.35908681083723
 11   8.27643890128471  2.11500070431131
 12   8.65937809668779  1.83039249159627
 13   8.93241259205627  1.39191568526888
 14   8.88610130193058 0.850317660481943
 15   8.42299295929259 0.554766381319077
 16   7.60445592316582 0.986721484692924
 17    7.3296619811851  1.03930217846226
 18   7.08587068752961 0.978581675259986
 19   6.87824787975451  0.85975102525786
 20   6.69511353325335 0.717330474844541
 21   6.53155825012428 0.581066583005241
 22   6.39574294775002 0.470411466217961
 23   6.26359010002518 0.367004718965121
 24   6.13222291086848 0.268945583709454
 25   6.00018593394846 0.175694789878359
 26   5.86653861879922 0.0874491083652842
 27   5.73058070872671 0.00468390970418952
 28   5.59191614501824 -0.0720617340220078
 29   5.45046816907463 -0.142350039863566
 30   5.30642585005683 -0.205944445452748
 31   5.16014835110757 -0.262838077067194
 32   5.01206308680278 -0.313222722897749
 33    4.8625859658681 -0.357423702077705
 34   4.71207494878987 -0.395828997744872
 35   4.56081386449217 -0.428833622036695
 36   4.40901683275553 -0.456808338731567
 37   4.25684327141923 -0.480091577862382
 38   4.10441560880746 -0.498997409085565
 39   3.95183285169439 -0.513830533636721
 40   3.79917828024622 -0.524899063468614
 41   3.64652907621096 -0.53251880208808
 42   3.49396172767763 -0.53701104260641
 43   3.34155288252887 -0.538697247672809
 44   3.18937974159793 -0.537893106563581
 45   3.03752023806721 -0.534903804400784
 46   2.88605248665875 -0.530021264852187
 47   2.73505343285385 -0.523523242476953
 48   2.58459700718233 -0.515673655967552
 49   2.43475219061106 -0.506723448774008
 50    2.2855812946164 -0.496911419724122
 51   2.13713857496393 -0.486464732984382
 52   1.98946913683754 -0.475599067503193
 53   1.84260800352987 -0.464518528042068
 54   1.69657922073253 -0.453415495787117
 55   1.55139492970558 -0.442470566841004
 56   1.40705442886413 -0.431852647347212
 57   1.26354331790805 -0.421719179135357
 58   1.12083285820134 -0.412216386615367
 59  0.978879683468552 -0.403479384054159
 60  0.837625965777865 -0.39563197603421
 61  0.697000094177419 -0.388786027961586
 62  0.556917863935868 -0.383040370089885
 63  0.417284111672927 -0.37847930610829
 64  0.277994683083001 -0.37517089657444
 65  0.138938602867984 -0.37316525230217
 66  3.35256744034125e-07 -0.372493088923441
 67  -0.138937934257279 -0.373164761083749
 68  -0.277994020536191 -0.37516992324166
 69  -0.417283460425301 -0.378477868708003
 70  -0.556917231034033 -0.383038495306432
 71  -0.696999489234643 -0.388783750698684
 72  -0.837625401732068 -0.395629338924535
 73  -0.978879177313637 -0.403476436937639
 74  -1.12083243165346 -0.412213186018781
 75  -1.26354299796916 -0.421715787769495
 76  -1.40705424825256 -0.431849133616874
 77   -1.5513949271327 -0.442467004342523
 78  -1.69657944102046 -0.453411962755484
 79  -1.84260849756573 -0.464515106705907
 80  -1.98946996136487 -0.475595843314879
 81  -2.13713979219846 -0.486461793709172
 82  -2.28558297165732 -0.49690885439401
 83  -2.43475439860286 -0.506721346529719
 84  -2.58459982017538 -0.515672104819361
 85  -2.73505692633891 -0.523522328001458
 86  -2.88605673581149 -0.530021068805674
 87   -3.0375253158153 -0.534904403172784
 88  -3.18938571669903 -0.53789456933619
 89  -3.34155981784844 -0.53869963412861
 90  -3.49396967873688 -0.537014400085156
 91  -3.64653808985995 -0.532523162274598
 92  -3.79918839310283 -0.524904439021521
 93  -3.95184408812153 -0.51383691558149
 94  -4.10442797884695 -0.499004766136448
 95   -4.2568567684333 -0.480099859002336
 96  -4.40903142802879 -0.456817480159454
 97  -4.56082950141368 -0.428843557400021
 98  -4.71209153603124 -0.395839670443268
 99  -4.86260336810191 -0.357435079028013
100  -5.01208111205122 -0.313234809535892
101  -5.16016673539826 -0.262850933362967
102  -5.30644424076004 -0.205958202950893
103  -5.45048611289301 -0.142364917678933
104  -5.59193308656623 -0.0720780494333797
105  -5.73059600509948 0.00466574362703356
106  -5.86655156492661 0.0874286010556735
107  -6.00019578792202  0.17567140023618
108  -6.13222889428282 0.268918724567431
109  -6.26359130855884 0.366973662525023
110  -6.39573809731049 0.470375059627708
111   -6.5315431530881 0.581021017723574
112  -6.69504693520239  0.71724034708212
113  -6.87817234408736 0.859657594991035
114  -7.08578753407664 0.978491014468228
115  -7.32957431094584  1.03921934540035
116  -7.60437000607335 0.986648764618978
117  -8.42292497283622 0.554728214370515
118  -8.88600710382724 0.850293559314385
119  -8.93230596576811  1.39187407776717
120  -8.65927880732685  1.83033844365441
121  -8.27634470523187  2.11494739079737
122  -7.44184657458359  2.35905606917578
123  -6.58136185988306  2.34544132298179
124  -5.74884248876954  2.11189813368634
125  -4.96329502748449  1.73877737577074
126  -4.20699370333545  1.29277570392038
127   -3.4474171811423 0.832406883967663
128   -2.6558445630426 0.406143276742865
129  -1.81982507961944 0.0605057605762996
130  -0.955410940240557 -0.127390979033636
131  0.0175022131954842 0.471515788497434
132  0.877367761410267  0.49924106159038
133   1.72866723221265 0.681861944548853
134   2.54563831934715  1.01560555331538
135   3.32934719070582   1.4410232571841
136    4.1033131411814  1.90495351844096
137    4.9019669648889  2.35641381196547
138   5.76520857039543  2.72996339569994
139   6.77314905756996  2.93458882011813
140   7.83725116029125   2.8018639009892
141   8.74743735805349  2.22259527322689
142   9.12622115286362  1.64384769336588
143   9.26953933662678  1.02837980658685
144   9.26088327418749 0.536674396454629
145    9.2175807463728 0.102907309042663
146   9.24889558717256 -0.680582362014947
147   9.05056869550733 -1.27072263111867
148   9.05056699463147 -1.27072488307308
149   8.93563014871541 -1.39771450732082
150   8.79317871457444 -1.52145822934926
151    8.6460265610238  -1.6341825615988
152   8.49024916230998 -1.74750446478912
153   8.32739176201411 -1.86399297802249
154   8.16528686928459 -1.97887947671388
155   8.00659771661221 -2.08931263842319
156   7.84868643407292 -2.19550735364439
157    7.6895576537856 -2.29711340264944
158   7.52786407686012 -2.39355846528091
159    7.3627933923546  -2.4843231238006
160   7.19399277142686 -2.56907503593937
161   7.02144867317663 -2.64773114129197
162   6.84534550024567 -2.72045208769449
163    6.6659426608484 -2.78758137563081
164   6.48349091854639 -2.84955841700623
165   6.29818736052359 -2.90683608497433
166   6.11015610507669 -2.95982249198069
167     5.919443022197   -3.008852228487
168   5.72603785103659 -3.05417776463546
169   5.53000734992303 -3.09595748379657
170   5.33167528451961 -3.13425741052964
171    5.1314650072001 -3.16912648232244
172   4.92973663245283 -3.20064708332007
173   4.72678138472796 -3.22893968729322
174   4.52284351986656 -3.25415711744779
175    4.3181335206721 -3.27647722084966
176   4.11283469119195 -3.29609516772754
177   3.90710692665743 -3.31321631416146
178   3.70108927158614 -3.32805030710721
179   3.49490178412093 -3.34080659384695
180   3.28864683759095 -3.35169111889818
181   3.08240987489368  -3.3609038547843
182    2.8762596008259 -3.36863684952239
183   2.67024760554633 -3.37507257807139
184   2.46440748047669 -3.38038248539908
185   2.25875366347193  -3.3847256785665
186    2.0532805582989 -3.38824776964333
187   1.84796284439867 -3.39107990410781
188   1.64275807896809 -3.39333803858192
189   1.43761233953139  -3.3951225500407
190   1.23246860067942 -3.39651825425017
191   1.02727620488695  -3.3975948752997
192  0.821999044447561 -3.39840794547172
193  0.616620484323085 -3.39900004428936
194  0.411144303258959  -3.3994022227658
195    0.2055921541731 -3.39963541860773
196  -1.35276836116813e-06 -3.39971165685864
197  -0.205594865326164 -3.39963485436521
198  -0.411147030735126  -3.3994011028098
199  -0.616623237273223 -3.39899838573244
200   -0.8220018295267 -3.39840577410932
201  -1.02727902553547 -3.39759222573568
202  -1.23247145681808 -3.39651517002756
203  -1.43761522786536 -3.39511908375411
204  -1.64276099398135 -3.39333425194705
205  -1.84796577991132  -3.3910758679593
206  -2.05328350926391 -3.38824356382658
207  -2.25875662763917 -3.38472139168794
208  -2.46441045967397 -3.38037821439787
209  -2.67025060651665 -3.37506842758011
210  -2.87626263569937 -3.36863293098496
211  -3.08241296141195 -3.36090028530125
212  -3.28864999917376 -3.35168801978178
213  -3.49490504981572 -3.34080408888732
214  -3.70109267589841  -3.3280485205889
215   -3.9071105092296 -3.31321536871242
216  -4.11283849628319 -3.29609518212165
217  -4.31813759637079 -3.27647830789737
218  -4.52284791697264 -3.25415938208878
219  -4.72678615520726 -3.22894322494149
220  -4.92974182743308 -3.20065197841009
221  -5.13147067420179  -3.1691328069459
222  -5.33168146261122 -3.13426522318415
223  -5.53001405475764  -3.0959668298089
224  -5.72604503184904 -3.05418868367435
225  -5.91945052297505 -3.00886476688097
226  -6.11016374088649 -2.95983669145535
227  -6.29819496554746 -2.90685197201329
228  -6.48349834844093 -2.84957600230305
229  -6.66594978598595 -2.78760065827936
230  -6.84535221005099 -2.72047305689947
231  -7.02145487393619 -2.64775377855173
232  -7.19399839760264 -2.56909930664991
233  -7.36279840203896  -2.4843489671837
234  -7.52786846023925  -2.3935857691711
235  -7.68956141791931 -2.29714198439023
236  -7.84868960854166 -2.19553693053366
237  -8.00660039476393 -2.08934278265973
238  -8.16528958817952 -1.97890934751855
239  -8.32739685237834 -1.86402037424896
240   -8.4902578156399 -1.74752802075293
241   -8.6460374428121 -1.63420283771504
242   -8.7932004009418 -1.52146802013423
243   -8.9356512009685 -1.39772096241367
244  -9.05058813000815 -1.27072561083677
245  -9.05058984115209 -1.27072334516324
246  -9.24889269855706 -0.680576716951937
247    -9.217536591477 0.102910453339633
248  -9.26081630066352 0.536675495698084
249  -9.26945007376461  1.02836747336458
250  -9.12612521687901  1.64379418076929
251  -8.74734758521725  2.22253386111557
252  -7.83718952030367  2.80181935021845
253   -6.7731185833923  2.93460815017953
254  -5.76530624992961  2.73010780790131
255  -4.90209152353155  2.35667198864393
256  -4.10338822904777  1.90539616260105
257  -3.32920344646759  1.44193881601926
258  -2.54553859146424  1.01602501165271
259  -1.72807873231455 0.675938877676022
260  -0.868280496851987 0.486568803045618
