// Id               X                Y
  1  -0.0693971942061991  2.11301093601889
  2  0.934518012869694  2.11382611803581
  3   1.96583010284179  2.11346859607174
  4   3.01982845569544  2.08645651371471
  5   4.03214081791193  1.98632126041866
  6   5.05886300051447  1.86277052224027
  7   6.08212064212469  1.77366018888541
  8   7.04404362088358   1.6717759647117
  9   7.94972533645967   1.4382250878654
 10   8.70683235968969 0.920234945797997
 11   9.00715609728174 0.0540358182042824
 12   8.80300698310642 -0.412570759590373
 13    8.3831575944289 -0.699311095646113
 14   7.87650926034043 -0.729701626696265
 15   7.41092099716201 -0.527827283567422
 16    6.9372305861018 -0.000190137071262871
 17   6.42435903738089 0.675146222883258
 18    6.3297285677429 0.761126398737036
 19   6.25568277758622 0.822942004586647
 20   6.18825424241712 0.875556906413369
 21   6.12203043981368 0.924141495923948
 22   6.05260779132224 0.972144632690239
 23   5.97774759773288  1.02084092903854
 24   5.89653513547805  1.07045136168062
 25   5.80866685219175   1.1207122979477
 26   5.71415859970152    1.171204906288
 27   5.61318710031222  1.22145892499211
 28   5.50602434214445  1.27101895725145
 29    5.3929960185008  1.31946708878127
 30    5.2744583279402  1.36643566986373
 31   5.15078360490943  1.41161017118779
 32   5.02235312613498  1.45472826625223
 33   4.88955461469188  1.49557669290329
 34   4.75278262274385  1.53398767445671
 35   4.61243996677055  1.56983567124316
 36   4.46893863871489  1.60303484339481
 37   4.32269889576922  1.63353719609526
 38   4.17414566460709   1.6613311307861
 39   4.02370201255736  1.68643997296613
 40   3.87178020584159   1.7089200202358
 41   3.71877160195203  1.72885776041856
 42   3.56503702589744  1.74636612977931
 43   3.41089916171032  1.76157994362009
 44   3.25663790478635   1.7746508390063
 45   3.10248884985426  1.78574215384236
 46    2.9486444531362  1.79502412399174
 47   2.79525707879352  1.80266965934414
 48   2.64244310793679  1.80885082231079
 49   2.49028743877364  1.81373602066381
 50   2.33884791758772  1.81748785604491
 51   2.18815943382381  1.82026153588235
 52   2.03823755671782  1.82220374840467
 53   1.88908168365921  1.82345190663306
 54   1.74067772266389  1.82413367955373
 55   1.59300035612281  1.82436674233489
 56   1.44601494127537  1.82425869012088
 57   1.29967910223395  1.82390707074319
 58   1.15394406359864  1.82339950052602
 59    1.0087557694549  1.82281383445127
 60  0.864055825252107  1.82221836759672
 61   0.71978229436704  1.82167204927804
 62  0.575870376297443   1.8212246949671
 63  0.432252989434071  1.82091718403279
 64   0.28886127815914  1.82078163381504
 65  0.145625061520826  1.82084154262056
 66  0.00247323884283894  1.82111189601693
 67  -0.140665833734851  1.82159923237654
 68  -0.283863982684351   1.8223016650494
 69  -0.427192859858318  1.82320885987957
 70  -0.570723576036391  1.82430196807744
 71  -0.714526312352318   1.8255535157691
 72  -0.858669895950256  1.82692725291712
 73  -1.00322132500783   1.8283779657988
 74    -1.148245226537  1.82985125890201
 75  -1.29380322804986  1.83128331402782
 76  -1.43995322115255  1.83260063666564
 77  -1.58674849128798  1.83371980244632
 78  -1.73423668307332  1.83454721983436
 79  -1.88245856490019   1.8349789293927
 80  -2.03144654974264  1.83490046520443
 81   -2.1812229217955  1.83418681069599
 82  -2.33179771155472  1.83270248956394
 83  -2.48316615719733  1.83030184314999
 84  -2.63530569130992  1.82682955867323
 85  -2.78817240552791  1.82212152796634
 86   -2.9416969814967  1.81600613243482
 87  -3.09578014858514  1.80830606344873
 88  -3.25028785233724  1.79884079156473
 89  -3.40504650202808  1.78742978194455
 90  -3.55983889842659  1.77389650300977
 91  -3.71440166776152  1.75807317892436
 92  -3.86842513083384  1.73980609581699
 93  -4.02155636868404  1.71896111640527
 94  -4.17340571202896  1.69542894935748
 95  -4.32355605851481  1.66912972965323
 96  -4.47157360714752  1.64001662867134
 97  -4.61701817562544  1.60807848713385
 98  -4.75945144791441   1.5733417477161
 99  -4.89844218619565   1.5358721521374
100  -5.03356832238767  1.49577670675212
101  -5.16441663180051  1.45320630827783
102  -5.29058126979779  1.40835918054985
103  -5.41166284524698  1.36148488178575
104  -5.52727000717004  1.31288813972212
105  -5.63702571881955   1.2629309622961
106  -5.74058074066789  1.21203068721461
107  -5.83763742038404  1.16064970701954
108  -5.92799011359123  1.10927015156046
109  -6.01159741463009  1.05833723128513
110  -6.08872835844081  1.00813319451547
111  -6.16028429462636 0.958484246009941
112  -6.22847754779006 0.908103257293266
113  -6.29774533384423 0.853515086901737
114  -6.37353259931279 0.789375683161687
115  -6.46945005025029 0.700675900182352
116  -6.97302778293548 0.0180730974433457
117  -7.43557082243811 -0.519512993387126
118  -7.89457307757524 -0.735302738902491
119  -8.40179900991004 -0.724765868402792
120  -8.83408406702087 -0.457679931714649
121  -9.06038816445851 -0.00150773267024994
122  -8.79870486793056 0.876377746561427
123   -8.0571347092177  1.41621423106778
124  -7.15663562177085   1.6648840198914
125  -6.19634270354938  1.77444353825022
126  -5.16978851165085  1.86680992172826
127  -4.14285815329193  1.99386964138055
128   -3.1578511971543   2.1018144703633
129  -2.10948176206461  2.12548254701986
130  -1.08803378166291  2.10184077052495
131  -0.0616053456811993  2.70272389261638
132   1.02760938800836  2.69594688958847
133   2.11630549034519   2.6832690156319
134   3.20347245192888  2.64586540460024
135   4.28384095651205  2.52419187495638
136   5.36263170996231  2.39104030098119
137   6.44530707981603  2.26898980868018
138   7.52300026300999  2.06213975039649
139   8.54051640760234  1.61949132722801
140   9.29459642304184  0.79167301109534
141   9.36088036666812 -0.326243995656883
142   9.11986851881164 -0.831370736420052
143   8.67850081268854 -1.14361304354546
144   8.14111979227254 -1.25573681643009
145   7.59608262749519  -1.2419358134879
146   7.43739278793597 -1.89967368556962
147   7.35894995360872 -2.04578164704093
148   7.17886398240408 -2.07718683058938
149   6.99493037601256 -2.09155069939118
150   6.81027023429345 -2.09087711712495
151   6.62664930530721 -2.07655420509326
152   6.44572387363427 -2.05117514009241
153   6.26842193614489 -2.01722109555042
154   6.09512913978102 -1.97682503238357
155   5.92589952116147 -1.93182121779883
156   5.76058983163863 -1.88379441001059
157   5.59894535684488 -1.83410352744642
158   5.44065767872324 -1.78389453307055
159   5.28540351058168 -1.73411293690284
160   5.13286887111818 -1.68551970569623
161    4.9827616140854  -1.6387104350154
162    4.8348152429556 -1.59413606263059
163   4.68878684546203 -1.55212329204235
164   4.54445166702168 -1.51289346594454
165   4.40159642209373 -1.47657933830832
166   4.26001304555136 -1.44323975163649
167   4.11949422685718 -1.41287253103243
168   3.97983166432772 -1.38542596995189
169   3.84081742440972 -1.36080917438984
170   3.70224808478075 -1.33890135287752
171   3.56393063760473 -1.31955999153324
172   3.42568869981357 -1.30262780524901
173    3.2873676231596 -1.28793841330159
174   3.14883758646181 -1.27532079839758
175   3.00999443086056 -1.26460270602309
176   2.87075856772561 -1.25561318798153
177    2.7310725834787 -1.24818449093689
178   2.59089819398275 -1.24215345918002
179   2.45021306826698 -1.23736258190103
180   2.30900785794192 -1.23366078071312
181   2.16728360488785 -1.23090400647356
182   2.02504958268229 -1.22895569495613
183   1.88232155667812 -1.22768711696037
184   1.73912041251437 -1.22697764848845
185   1.59547109059291 -1.22671497957199
186   1.45140176469978 -1.22679527539179
187   1.30694320978254 -1.22712329990813
188   1.16212831291665  -1.2276125098552
189   1.01699169056667 -1.22818512531037
190  0.871569383379719 -1.22877218187917
191  0.725898606588523   -1.229313568669
192  0.580017539629917 -1.22975805554469
193  0.433965142929777 -1.23006331259476
194  0.287780993144483 -1.23019592424548
195  0.141505130660668 -1.23013140001425
196  -0.00482208500480707 -1.22985418347916
197  -0.151160114967884 -1.22935766064889
198  -0.297468378122957  -1.2286441685389
199  -0.443706387434805 -1.22772500439074
200  -0.589833887037955 -1.22662043560719
201  -0.735810992049444 -1.22535971010916
202  -0.881598333615223 -1.22398106644836
203  -1.02715721274581 -1.22253174262404
204  -1.17244976803657  -1.2210679821474
205  -1.31743916452995 -1.21965503546346
206  -1.46208981391453 -1.21836715436294
207  -1.60636764015735 -1.21728757647374
208  -1.75024040974118 -1.21650849627423
209  -1.89367815213093 -1.21613101825531
210  -2.03665370405081 -1.21626508677697
211  -2.17914342053663 -1.21702938566176
212  -2.32112810599842 -1.21855119842064
213  -2.46259422827353 -1.22096621690375
214  -2.60353548490464 -1.22441828169618
215  -2.74395478820211 -1.22905903120353
216  -2.88386671512979 -1.23504742740238
217  -3.02330041690184 -1.24254911372038
218  -3.16230288655148 -1.25173554309565
219  -3.30094233049678 -1.26278279006263
220  -3.43931119136773 -1.27586992781689
221  -3.57752817325667 -1.29117680983392
222  -3.71573853042944 -1.30888105256589
223  -3.85411203250561 -1.32915398916856
224  -3.99283850046128 -1.35215538127088
225  -4.13212154242728 -1.37802675501054
226  -4.27217182546184 -1.40688335143772
227  -4.41320154608027 -1.43880478678128
228  -4.55542152492256 -1.47382452886981
229   -4.6990416672948 -1.51191818101353
230  -4.84427470767939  -1.5529903702212
231  -4.99134245191991 -1.59685986864042
232  -5.14048321674044 -1.64324255640145
233  -5.29195875540857 -1.69173205702557
234  -5.44605852952954 -1.74177838061137
235  -5.60309870244879 -1.79266561979487
236  -5.76341278387362  -1.8434903873678
237  -5.92733058993992 -1.89314270543877
238  -6.09514197886721 -1.94028958163707
239  -6.26704066240303 -1.98335750282392
240  -6.44303854671084 -2.02050327470861
241   -6.6228287282438  -2.0495588612623
242  -6.80556649217583 -2.06797520431739
243  -6.98966648724312 -2.07305077136731
244  -7.17339542989675 -2.06329131430676
245    -7.353728617095 -2.03663222510296
246   -7.4337316714859 -1.89207690462201
247  -7.60465650380818 -1.23792927379257
248  -8.14871778498926 -1.27053982826596
249  -8.68923878744169 -1.17578432268165
250  -9.14280541764014 -0.882263750851515
251  -9.40123934676441 -0.388677744667318
252  -9.37730718619595 0.730688462148751
253  -8.65180432803323  1.58345457369198
254  -7.64289282393866  2.04624844468276
255  -6.56701400730507  2.26453553490514
256  -5.48436948347936  2.38928639953256
257  -4.40631683180038  2.52888998328724
258  -3.32753320683735  2.66546677343246
259  -2.24033753988838  2.69932190173266
260  -1.15142203315047  2.69018281418018
