// Id               X                Y
  1  -0.00943249475868304 -0.525371176152263
  2   0.95013155594167 -0.445583853417666
  3   1.87502441725949 -0.216047533862996
  4   2.74588744270045 0.134245525566432
  5   3.56160806241447 0.568269521549862
  6   4.33622038152001  1.04645950052319
  7   5.09460967361091  1.52768634257123
  8   5.86661993738034  1.96660750097192
  9   6.68137700454226  2.30666259472907
 10   7.54847043073415  2.42886987299637
 11   8.39803186159122  2.20082856912201
 12   8.74546520732426  1.87177322100531
 13   8.93192249005516  1.42095212827091
 14   8.87820781225641 0.932308671917782
 15   8.58020245507202 0.548433700438867
 16   8.09089639813497 0.358787157168581
 17   7.49832707723138 0.249766356202879
 18   7.36992951659606 0.222424548948149
 19   7.19707923326954 0.182107149546693
 20   7.03455904465683 0.139180836147659
 21   6.88018589923379 0.0932859835190468
 22   6.73249996326548 0.0445731810422209
 23   6.59182519240013 -0.00601426467878253
 24   6.45137143040814 -0.0601938578637503
 25   6.30952664970137 -0.118025379492764
 26   6.16736631043622 -0.178345766690636
 27   6.02503272881703 -0.240209127483349
 28   5.88250758745947 -0.302673137000443
 29    5.7396833412068 -0.364831923222511
 30   5.59638544656259 -0.425854414495107
 31   5.45240321542428 -0.485003221729413
 32   5.30751550541496 -0.541642140640703
 33    5.1615104988811 -0.595236080994787
 34     5.014199733504 -0.645346875566633
 35    4.8654364290424 -0.691624766100408
 36   4.71513049700299 -0.733801463149246
 37   4.56326839250418 -0.771684101082897
 38   4.40992610464044 -0.805154314293614
 39   4.25522198200871 -0.834179968307111
 40   4.09921384000454 -0.85882571505908
 41   3.94197522157468 -0.879224978839444
 42   3.78365182677962 -0.895567063990491
 43   3.62443239739869 -0.90809769172908
 44   3.46452104833417 -0.917113454402595
 45   3.30411923081551 -0.922951284107555
 46   3.14341481220985 -0.925975540002804
 47   2.98257595190635 -0.926564620459496
 48   2.82174861075309 -0.925098394922677
 49   2.66105652771418 -0.921947303338286
 50    2.5006027873301 -0.917463575510663
 51   2.34047220695227 -0.91197470997419
 52   2.18073402413282 -0.905779124898884
 53   2.02144454909911 -0.899143748551321
 54   1.86264960646346 -0.892303238723727
 55   1.70438663374665 -0.88546048973512
 56   1.54668623714597 -0.878788087777092
 57   1.38957283984771 -0.872430402132453
 58   1.23306394540963 -0.866506051162899
 59   1.07716766104363 -0.861110555275295
 60  0.921878659983437 -0.856319071446387
 61  0.767173473181238 -0.852189161485877
 62  0.613006523919537 -0.848763554706945
 63  0.459308161530711 -0.84607282519396
 64  0.305985390386697 -0.844137856720775
 65  0.152925219065305 -0.842971944575217
 66  1.50227659566819e-07 -0.842582397966002
 67  -0.152924920217656 -0.842971541073676
 68  -0.305985097237555 -0.844137053312306
 69  -0.459307880717601 -0.846071629255289
 70  -0.613006266073026 -0.848761977762882
 71  -0.767173254003607 -0.85218721973494
 72  -0.921878500811512 -0.856316786418214
 73   -1.0771675888183 -0.861107954585711
 74  -1.23306399208501 -0.866503169332782
 75  -1.38957304139501 -0.872427281443965
 76  -1.54668663247462 -0.878784779153731
 77  -1.70438726398483 -0.885457053642177
 78  -1.86265051501212 -0.892299746077918
 79   -2.0214457829907 -0.899140281607091
 80  -2.18073563729235 -0.905775778028709
 81  -2.34047426622528 -0.91197159018159
 82  -2.50060538181817 -0.917460802359582
 83  -2.66105978281404 -0.921945007810845
 84  -2.82175270589589 -0.925096716380622
 85  -2.98258114335089 -0.926563700694665
 86  -3.14342145405393 -0.925975513095658
 87  -3.30412779788588 -0.922952261098207
 88  -3.46453213488435 -0.917115502879299
 89  -3.62444671482648 -0.908100811245747
 90  -3.78367013000833 -0.895571164441305
 91  -3.94199825155551 -0.879229863823887
 92  -4.09924205789073 -0.858831103308759
 93   -4.2552554154009 -0.834185537372248
 94  -4.40996372262443 -0.805159870559047
 95  -4.56330773131559 -0.771689797016167
 96  -4.71516670724671 -0.733808237529643
 97  -4.86546254512844 -0.691634574442389
 98  -5.01420765600172 -0.645362629216926
 99   -5.1614941069714 -0.595260646924278
100  -5.30747714385007 -0.541675599424445
101  -5.45235474318121 -0.485041606030512
102  -5.59635068800475 -0.425888058186198
103  -5.73968435087433 -0.364851129097988
104  -5.88255481582673 -0.302673289338626
105  -6.02511264434592 -0.240196844664241
106  -6.16744812527826 -0.178335566624716
107  -6.30957696509105 -0.11803187536205
108  -6.45137175194351 -0.0602233124807883
109  -6.59176412787247 -0.0060680197043407
110  -6.73239956662188 0.0445071648150531
111  -6.88016701344037 0.0932496576096831
112   -7.0345418558168    0.139148060072
113  -7.19696493514934 0.182055404883102
114  -7.36982710555043 0.222385746295496
115  -7.49826845819356 0.249744940663314
116  -8.09067551473056 0.358788168579466
117  -8.57988246343235 0.548368430654906
118  -8.87798176189778 0.932041947865059
119  -8.93213590027931  1.42051521698065
120  -8.74641795814998  1.87146984631382
121  -8.39976644811446  2.20104747147326
122  -7.55089637916999  2.43060941169363
123   -6.6840392282564  2.30946001481558
124  -5.86977668529804  1.96979216158654
125  -5.09880861705849  1.53056784324158
126  -4.34203517839349  1.04856042037865
127  -3.56936291424349 0.569437784043698
128   -2.7556241427955 0.134663494460222
129   -1.8866042979496 -0.215940855215749
130  -0.963214933540794 -0.445266906171495
131  -0.00444855075510107 0.0938079867807963
132  0.897280596838075 0.171791287993399
133   1.77503011307668 0.395728881317212
134   2.61458352637089 0.740495486559525
135   3.41685241422177  1.17195663944664
136   4.19804105673463  1.65219101653278
137   4.98756927455765  2.13993424666225
138    5.8297552511107  2.58448770064738
139    6.8253354553779  2.91058953279005
140   7.90750858432254  2.92158715222178
141   8.87070805897342  2.42534721784957
142   9.26194919247012  1.85185728813341
143    9.4016219679545  1.18855179762113
144   9.32423481940385 0.548051771991462
145    9.1402681502795 0.0208351319920548
146   8.81500024711035 -0.610236793057089
147   8.81484011340422 -0.610474916698328
148    8.6436044258089 -0.840945406015297
149   8.50058614173374 -1.00461046703113
150    8.3594779686544 -1.14714373869035
151   8.21792674843797 -1.27530931380904
152   8.07382003334058 -1.39350169302821
153   7.92433503585956 -1.50534544035792
154   7.77319992950262 -1.60915007338931
155    7.6210558935584 -1.70569481660355
156   7.46653645812198 -1.79674900756632
157   7.30922755739406  -1.8831527643152
158    7.1489962105753 -1.96540779786069
159   6.98586196917705 -2.04381564751982
160   6.81991878742363 -2.11855283698105
161   6.65127091445275 -2.18972081206133
162   6.47999977021776 -2.25737236331148
163   6.30615814665121 -2.32152362331814
164   6.12978296610321 -2.38215951230951
165   5.95090781137395 -2.43924100760474
166   5.76957608156468 -2.49271329618403
167   5.58584233412975 -2.54251766416021
168   5.39977110840893 -2.58860266021255
169   5.21148442147489 -2.63092306395705
170   5.02125268209895 -2.66943513218835
171   4.82940152812846 -2.70413246281873
172    4.6362342574216 -2.73506436637809
173   4.44203591472426 -2.76233168332626
174   4.24707644992624 -2.78608155044924
175   4.05160755983926 -2.80650178126395
176   3.85585736479206 -2.82381412550379
177   3.66002585543828 -2.83826645738804
178   3.46428202985884  -2.8501244295488
179   3.26876301479721 -2.85966318404608
180   3.07357485577053 -2.86715964009103
181   2.87879450424641 -2.87288572004055
182   2.68447242980616 -2.87710271865137
183   2.49063536018493 -2.88005688449277
184   2.29728878384901 -2.88197618477185
185   2.10441907167031 -2.88306816315938
186   1.91199535058932 -2.88351876834454
187   1.71997157035152    -2.88349201822
188   1.52828939904839 -2.88313035979506
189   1.33688249267633 -2.88255557847725
190   1.14568214415324  -2.8818700991072
191  0.954623574029276  -2.8811585118233
192  0.763651554996642 -2.88048916050702
193  0.572724170087037 -2.87991565618181
194  0.381814023974091 -2.87947821389396
195  0.190906970443423 -2.87920474627513
196  -1.19146184861417e-06 -2.87911167129737
197  -0.190909355532022 -2.87920440738564
198  -0.381816415169531 -2.87947754012614
199  -0.572726570221999 -2.87991465531737
200  -0.763653965225439 -2.88048784363799
201  -0.954625993510417 -2.88115689271514
202  -1.14568457010295 -2.88186819344602
203  -1.33688492086199 -2.88255340307724
204  -1.52829182472467 -2.88312793185455
205  -1.71997398958562 -2.88348935472303
206   -1.9119977618747 -2.88351588571331
207  -2.10442147776776 -2.88306507727032
208  -2.29729119407483 -2.88197291144871
209  -2.49063779355312 -2.88005344057523
210  -2.68447491973059 -2.87709912368977
211  -2.87879710557659 -2.87288199857302
212  -3.07357765543347 -2.86715582429322
213  -3.26876614620504 -2.85965931634284
214  -3.46428569263034 -2.85012056445531
215  -3.66003033753915 -2.83826266173511
216  -3.85586306875922 -2.82381047578929
217  -4.05161501983762 -2.80649835789774
218  -4.24708635027402 -2.78607842731157
219  -4.44204906884462 -2.76232891672698
220  -4.63625159702716 -2.73506197949301
221  -4.82942400510711 -2.70413044081716
222  -5.02128130211278 -2.66943339719564
223  -5.21152011715569 -2.63092147604864
224  -5.39981506169555  -2.5886009224127
225  -5.58589609860898 -2.54251524001912
226  -5.76964237588479 -2.49270912108735
227  -5.95099024887361 -2.43923342786036
228   -6.1298852182778 -2.38214643878203
229  -6.30628110885024 -2.32150349402875
230   -6.4801354690212  -2.2573467028996
231  -6.65140200455563 -2.18969531791565
232  -6.82001690708721 -2.11853911140008
233  -6.98590230895343 -2.04382578493252
234    -7.148967709513 -1.96544916001181
235  -7.30914431054529 -1.88322045617349
236  -7.46642917920652 -1.79682726706637
237  -7.62095584086626 -1.70576383626509
238  -7.77312199545727 -1.60919617965574
239  -7.92428504868038 -1.50535813555933
240  -8.07377519914552 -1.39349045705353
241  -8.21779666806733 -1.27534600963124
242  -8.35932383713795 -1.14717990341429
243  -8.50046555872848 -1.00458430425065
244  -8.64344596428713 -0.840927478409439
245  -8.81462921098941 -0.610488202911771
246  -8.81479147800698 -0.610246875952207
247  -9.14004988378996 0.020828316942765
248  -9.32412934085396 0.547993087888407
249  -9.40182768924898  1.18842967259714
250  -9.26266898913425   1.8518928771349
251  -8.87198879353133  2.42585003091586
252  -7.90946379358617  2.92338294527778
253  -6.82734671107861  2.91348244591006
254  -5.83190864048408  2.58757411993626
255   -4.9905323491575  2.14258803364528
256  -4.20210523409805  1.65389039822685
257  -3.42216260405884  1.17254723529857
258  -2.62096821307415 0.740201587592998
259  -1.78214315356342 0.395062340043886
260  -0.90479715039152 0.171240436152699
