// Id               X                Y
  1  -0.0857423114682673  2.91735777542296
  2  0.960021255401899  2.90461076393894
  3   2.02112666105091   2.8569487436562
  4   3.09601952527329  2.74949642706803
  5   4.14310062125484  2.56402223892993
  6   5.12024671261371  2.34553275631511
  7   6.09516089797073  2.22387217875479
  8   7.10968859762937   2.2035631085707
  9   8.07873902893979  2.17673879074517
 10   9.00190000638248  1.94891497342827
 11   9.68950194928242  1.28600619378963
 12   9.73815980657851 0.755069043616773
 13   9.49480759969301 0.287174228245217
 14    9.0367007656263 0.0244440802726853
 15   8.51163885128892 0.0161257287353111
 16   7.96220569831214 0.248966363326052
 17   7.21131135266916 0.852369400189821
 18   7.07253280020257 0.951292042904167
 19   6.97791809035783  1.01634943709977
 20   6.90173912383314  1.06732433829916
 21   6.83243286686139  1.11259885397518
 22   6.76252169970487  1.15728395118533
 23    6.6882144137122  1.20367104409398
 24    6.6078274424826  1.25266330683169
 25   6.52067224206096  1.30440023528536
 26   6.42659031477157  1.35870728439346
 27   6.32566858753874  1.41523374508767
 28   6.21812505458571  1.47355889985622
 29   6.10424194081211  1.53322978605404
 30   5.98433231353798  1.59378756031349
 31   5.85871989209607  1.65478161227331
 32    5.7277277392188  1.71577870444994
 33   5.59167254442387  1.77636865933974
 34   5.45086279417479  1.83616797344349
 35   5.30559952859714  1.89482217422068
 36   5.15617863334059  1.95200748150966
 37   5.00289379517976  2.00743214385849
 38   4.84603940914118   2.0608376587075
 39   4.68591287752604  2.11199995434447
 40   4.52281588985248  2.16073050526332
 41   4.35705442472192  2.20687727272677
 42   4.18893737550178  2.25032531069962
 43   4.01877387008296  2.29099685743025
 44   3.84686951786551  2.32885074759052
 45   3.67352195140008  2.36388102809115
 46   3.49901611002123  2.39611473515362
 47   3.32361972112586  2.42560887703416
 48   3.14757937156222   2.4524467484855
 49   2.97111744564562  2.47673376374204
 50   2.79443006798895  2.49859302505651
 51   2.61768605942883  2.51816084259149
 52   2.44102681458914  2.53558239494096
 53    2.2645669488914   2.5510076776435
 54   2.08839553873544  2.56458783981462
 55   1.91257778224795   2.5764719642547
 56    1.7371569287584   2.5868043087404
 57   1.56215635372902  2.59572199752999
 58   1.38758168567383  2.60335313229817
 59   1.21342291881948  2.60981527959107
 60   1.03965646817313  2.61521428588969
 61  0.866247141913248  2.61964336994549
 62  0.693150019988516  2.62318244387825
 63  0.520312238179575  2.62589761855755
 64  0.347674684386174  2.62784085424727
 65  0.175173619209562  2.62904972382783
 66  0.00274223655122787  2.62954726275035
 67  -0.169687817642866  2.62934188698434
 68  -0.342184948903657  2.62842736745119
 69  -0.514816119737373  2.62678285671351
 70  -0.687645336778856  2.62437297097124
 71  -0.860732099904713  2.62114793767327
 72  -1.03412979498044  2.61704382624967
 73  -1.20788401420183  2.61198288653491
 74  -1.38203079147138   2.6058740262588
 75  -1.55659474531895  2.59861346531074
 76  -1.73158712904844  2.59008560999216
 77  -1.90700379770634  2.58016419464907
 78  -2.08282311483207  2.56871374019276
 79  -2.25900383943858  2.55559137808684
 80  -2.43548305569096   2.5406490831424
 81  -2.61217423404751  2.52373634743527
 82  -2.78896554170449  2.50470330930331
 83   -2.9657185485848  2.48340432447629
 84   -3.1422674967864  2.45970193065369
 85   -3.3184193076354  2.43347111376808
 86  -3.49395448096212  2.40460373787513
 87  -3.66862898685053  2.37301295825504
 88   -3.8421771574577  2.33863740847183
 89  -4.01431546239896  2.30144494670029
 90  -4.18474691500059  2.26143577141586
 91   -4.3531657374743  2.21864477186366
 92  -4.51926184107811   2.1731430566984
 93  -4.68272467331568  2.12503869016471
 94  -4.84324605160325       2.074476742
 95  -5.00052172760879  2.02163881028113
 96  -5.15425158477454  1.96674219701523
 97  -5.30413854032011  1.91003890194622
 98  -5.44988638819177  1.85181455239287
 99  -5.59119697806314   1.7923873086205
100   -5.7277672822941  1.73210667677819
101  -5.85928706425424  1.67135202527434
102  -5.98543803148999  1.61053043226343
103   -6.1058955482847  1.55007328907745
104  -6.22033423244119  1.49043079852693
105  -6.32843925631662  1.43206308132249
106  -6.42992629923249  1.37542561844787
107  -6.52457613136277  1.32094475860105
108  -6.61229704357556  1.26897360207083
109  -6.69324627120657  1.21970661731645
110  -6.76808147719105  1.17300228137648
111  -6.83849513515062  1.12800350683532
112  -6.90828767326537  1.08235846483383
113  -6.98497703878812  1.03097026599747
114  -7.08003327289039 0.965451998210997
115  -7.21900978509168 0.866058796963711
116  -7.96663352948178 0.261456696126584
117  -8.51704211774569 0.023824370464199
118  -9.04201519812267 0.0282963691954987
119  -9.50215721919186 0.286947329988833
120  -9.74973255540121  0.75240414957344
121  -9.70571496239168  1.28378299081311
122  -9.02205536475709  1.95135901473165
123  -8.10063211296258   2.1814921504681
124  -7.14354014941167  2.20937180625122
125  -6.18649703096548  2.22751044664708
126  -5.24123346521592  2.33660481552516
127  -4.30408345309397  2.53667891969732
128  -3.26825232748762  2.73196618176496
129  -2.19573193838247  2.84884326049639
130  -1.14223674380727  2.87444085375179
131  0.0235661227933325  3.49600453058269
132   1.09104250741715  3.47847617372512
133   2.15551336203415  3.42897781663016
134   3.21322309430877  3.32469050206627
135   4.25890386346566  3.14054174981747
136   5.29712572221423  2.91256010960966
137   6.35244069271634  2.77667395683023
138   7.42055528278456  2.73320237698119
139   8.49580280807886  2.62849967554635
140   9.52036297356617  2.25976115586794
141   10.1703451731057  1.38612006634669
142   10.2784559354475 0.704413902610682
143   9.99898250564883 0.0733713737441854
144   9.45711753245475 -0.358221370763861
145   8.81284671407212 -0.608197714918127
146   8.78877618232978 -1.30330172597785
147   8.71954660184984 -1.48360847885541
148   8.52458275573472 -1.59849168908458
149    8.3156326826059 -1.68873706454485
150   8.09755108778405 -1.75504193256802
151   7.87406304839639 -1.79790490448107
152    7.6490138590544 -1.81947286856515
153   7.42528280702187 -1.82245058902704
154   7.20479881612994 -1.80958424103975
155   6.98875557955867 -1.78350112831254
156   6.77780054952471 -1.74664699326067
157    6.5721845694295 -1.70124786570786
158   6.37187813573394 -1.64929009193069
159   6.17666221240093 -1.59251544826304
160   5.98619885914951  -1.5324278641815
161   5.80008467510675 -1.47030850959207
162   5.61788948471279 -1.40723607767046
163   5.43918275768994 -1.34410941792832
164   5.26355031085515 -1.28167027801629
165   5.09060370691682  -1.2205246207279
166   4.91998446697135 -1.16116164761433
167    4.7513648336364 -1.10397020045959
168   4.58444643934487 -1.04925259829974
169   4.41895789685899 -0.997236206587543
170   4.25465205136882 -0.948083149777256
171   4.09130340774812 -0.901898598482256
172   3.92870605563154 -0.858738017208274
173   3.76667224500839 -0.818613676203366
174   3.60503161293008 -0.78150063570921
175    3.4436309366989 -0.747342322691801
176   3.28233420591108 -0.716055752184631
177   3.12102277689758 -0.687536402934138
178   2.95959539844543 -0.66166273793971
179   2.79796796302349 -0.638300357880192
180   2.63607291987238 -0.617305781396802
181   2.47385836200463 -0.598529854594191
182   2.31128685273033 -0.581820799575683
183   2.14833408354804 -0.567026917331182
184   1.98498745751472 -0.553998964067313
185   1.82124467842325 -0.542592222633381
186   1.65711240473112 -0.532668292424658
187    1.4926050048195 -0.524096622183673
188   1.32774343083296 -0.516755810489202
189   1.16255421375845 -0.510534698420862
190  0.997068572669605 -0.505333277949316
191  0.831321625459593 -0.501063438108467
192  0.665351685876785 -0.497649569065048
193  0.499199631240967 -0.495029041928664
194  0.332908326001331 -0.493152579647662
195   0.16652208765726 -0.491984531699712
196  8.61830499412628e-05 -0.491503062575433
197  -0.166353655646256 -0.491700261310907
198  -0.332751704928057 -0.492582176575136
199  -0.499062723127436 -0.494168779071629
200  -0.665242431856964 -0.496493850271106
201  -0.831248015303575 -0.499604793752692
202  -0.997038647831449 -0.503562362693822
203  -1.16257606160155  -0.5084402943206
204  -1.32782516734685 -0.514324839429268
205  -1.49275474278294 -0.521314172450003
206  -1.65733820396189 -0.529517665001081
207  -1.82155447458856 -0.539055003549298
208  -1.98538896610662 -0.550055129745338
209   -2.1488346762549 -0.56265498034387
210  -2.31189340478581 -0.576998002446448
211  -2.47457707137706 -0.593232419195068
212  -2.63690910246038 -0.611509221029462
213  -2.79892583217928 -0.631979858201625
214  -2.96067784156921 -0.654793611432432
215  -3.12223114544003 -0.680094619529691
216  -3.28366813637674 -0.70801854581357
217  -3.44508821764387 -0.738688869841412
218  -3.60660810568058 -0.772212797504512
219  -3.76836185456029 -0.808676790333762
220  -3.93050073545274 -0.848141720884657
221   -4.0931931719104 -0.890637659675472
222  -4.25662496353904 -0.936158282602838
223  -4.42100001056594 -0.984654848845053
224  -4.58654167743807 -1.03602963485525
225  -4.75349481449223 -1.09012862409611
226  -4.92212830723991 -1.14673315679782
227  -5.09273785225111 -1.20555015861578
228  -5.26564846506672  -1.2662005164375
229  -5.44121599602619 -1.32820518233628
230  -5.61982664744261 -1.39096869371059
231  -5.80189314141504  -1.4537600295634
232  -5.98784579506621 -1.51569110386403
233  -6.17811636539224 -1.57569373350588
234  -6.37311220768617 -1.63249658247938
235  -6.57317813532587 -1.68460429344103
236  -6.77854340193407 -1.73028162376325
237  -6.98925129826322 -1.76754570587658
238  -7.20506845456812 -1.79416941485627
239  -7.42536906344492  -1.8076985747834
240   -7.6489849736309 -1.80548743553599
241  -7.87400964417921 -1.78476889830987
242  -8.09757565581225 -1.74282721031586
243  -8.31585271134884 -1.67749598963397
244  -8.52513793460581 -1.58824197639767
245  -8.72060338454403 -1.47433137592515
246  -8.79134360759511 -1.29459290289022
247  -8.81943530406106 -0.59987251054781
248   -9.4653872384063 -0.352914343875626
249  -10.0086158726617 0.0778418170721958
250  -10.2903053885159 0.708541035982928
251  -10.1821736788572  1.39079120868559
252   -9.5314568413143  2.26476355061816
253  -8.50847516919876  2.64050945343373
254  -7.43111505388873  2.75092062848225
255  -6.35779681325127  2.81037047370437
256  -5.29253998798349  2.93411334529006
257  -4.23564966141042  3.12556359356529
258  -3.17875449659592  3.31396568447572
259  -2.11412891183238  3.43066109471897
260  -1.04537020010138  3.45709889818113
