// Id               X                Y
  1  -0.0776465680479986  0.53210590616107
  2    0.8680802783112 0.540161178360697
  3   1.81957433196996 0.614164616821157
  4   2.75731809294695 0.760454047915287
  5   3.67835157652213 0.960187177921829
  6   4.58606942560678  1.18858946872754
  7   5.49197049793659  1.40234156239198
  8   6.40639016314177  1.52363892906245
  9   7.31387003537535   1.4500708331553
 10   8.12875681189053  1.08359937945587
 11   8.71475104744235 0.407416562922472
 12   8.85460566706985 -0.0737896330166279
 13   8.80858860256201 -0.596008858555903
 14   8.44003953491636 -1.11938076989059
 15    7.7424191098426 -1.15465940106237
 16   8.11205960156672 -0.309081868549684
 17   8.08504665919695 -0.0352804648755962
 18   7.93654030754577 0.147832810072678
 19   7.73097110886823 0.261728572868148
 20   7.51340096292482 0.327115795638766
 21   7.30374043903679 0.362877210263381
 22   7.11866505145551 0.379959130324051
 23   6.94064139740201 0.387819961456213
 24   6.76668100604594 0.390450108557611
 25   6.59568783978435 0.390280977018923
 26   6.42681988472671 0.388782164956248
 27   6.25947038123776 0.386781229833367
 28   6.09322794341675 0.384697371051715
 29   5.92782232123619  0.38270152785066
 30   5.76307739208067 0.380821859810178
 31   5.59887732443598 0.379011410042389
 32   5.43514433849753  0.37719032245028
 33   5.27182467354107 0.375271159870637
 34   5.10887981238244 0.373173120456581
 35   4.94628094242527 0.370829093968955
 36   4.78400541209349  0.36818826000656
 37   4.62203445023034 0.365216080883863
 38   4.46035170917413 0.361892935851565
 39   4.29894235269851 0.358212198616503
 40   4.13779250084076 0.354178234806164
 41   3.97688890121978 0.349804566873716
 42   3.81621873765044 0.345112303240922
 43   3.65576951796521 0.340128839042083
 44   3.49552900596429  0.33488679076366
 45   3.33548517835376 0.329423111192547
 46   3.17562619757238 0.323778332179033
 47   3.01594039696301 0.317995891983585
 48   2.85641627722749 0.312121515740777
 49   2.69704251372368 0.306202628652983
 50   2.53780797382398 0.300287790473679
 51   2.37870174286566  0.29442614629271
 52   2.21971315653985 0.288666892817578
 53   2.06083183707031   0.2830587617298
 54   1.90204773028364 0.277649522804978
 55   1.74335114066449  0.27248550978123
 56   1.58473276168232 0.267611171802895
 57   1.42618369901924 0.263068652907151
 58   1.26769548477303  0.25889740161882
 59   1.10926008121187 0.255133812358648
 60  0.950869873185789  0.25181090008703
 61  0.792517648827592 0.248958009399724
 62  0.634196568684653 0.246600559148091
 63  0.475900123897781 0.244759823549514
 64  0.317622084472991 0.243452750659633
 65   0.15935643906721 0.242691818976648
 66  0.00109732802181493 0.242484932825838
 67  -0.15716102837791 0.242835357023341
 68  -0.315424404269153  0.24374169114347
 69  -0.473698642963027 0.245197883519894
 70  -0.631989729827537 0.247193284908898
 71  -0.790303861115821 0.249712741544603
 72  -0.948647506699334 0.252736727132871
 73  -1.10702746488719 0.256241513170393
 74  -1.26545090780519 0.260199376840496
 75  -1.42392541616535 0.264578845623043
 76   -1.5824590026718 0.269344977650362
 77  -1.74106012377195 0.274459676725635
 78  -1.89973767996339 0.279882040771244
 79  -2.05850100539129 0.285568742268563
 80  -2.21735984800059 0.291474438970902
 81  -2.37632434201639 0.297552212818372
 82  -2.53540497498144  0.30375403458984
 83  -2.69461255193954 0.310031251475822
 84  -2.85395815956771 0.316335094601694
 85  -3.01345313307631 0.322617203820382
 86  -3.17310902847233 0.328830168182028
 87  -3.33293760230538 0.334928082831939
 88  -3.49295080034407 0.340867127206347
 89  -3.65316075593153 0.346606175766501
 90  -3.81357979839354 0.352107461375776
 91   -3.9742204724192 0.357337322454668
 92  -4.13509557170909 0.362267076861532
 93  -4.29621819560893 0.366874074953264
 94  -4.45760184737005 0.371142985941694
 95   -4.6192606085736 0.375067356822821
 96  -4.78120944738287 0.378651439741064
 97  -4.94346474973822 0.381912196554272
 98  -5.10604520437219 0.384881241653666
 99  -5.26897323066385 0.387606258437578
100  -5.43227722929262  0.39015110337581
101  -5.59599509515984 0.392593371103836
102  -5.76017972295032 0.395017592991439
103  -5.92490774282691 0.397501398569736
104  -6.09029350932075 0.400090736196598
105  -6.25651132996298 0.402758394708174
106  -6.42382946797292 0.405337294239027
107  -6.59265790280007  0.40741608736797
108  -6.76360486116978 0.408179864149852
109  -6.93752239505145  0.40617570730831
110  -7.11553633473158 0.398987274945872
111  -7.30056358336968 0.382641827934556
112  -7.51036062105895 0.347689418574652
113  -7.72815341470576 0.283095222955727
114  -7.93409953638338 0.169903947467048
115   -8.0831845218861 -0.0127218718633789
116   -8.1110165346947 -0.286585777219319
117  -7.74910840954973 -1.13431070139086
118   -8.4418677349092 -1.16387933122989
119  -8.85129063246334 -0.641751951909842
120  -8.91730888110572 -0.117411309551691
121  -8.79437401937454 0.368488470313769
122  -8.22971722239665  1.06217261362617
123  -7.42372442465645  1.44536148251597
124  -6.51869071389698  1.52811539959623
125  -5.60638471141907  1.40845178897954
126  -4.70440721227676  1.19142110765293
127  -3.80214589604551 0.957255859411038
128  -2.88777168214514  0.75199314770578
129  -1.95851551390692 0.601870833426553
130   -1.0182252861795 0.526517933708889
131  -0.0593895510321774  1.11700268919163
132  0.873495818537512  1.14700660233114
133     1.801999342603  1.23137498842424
134   2.72769470864509  1.37803613767352
135   3.65585517957873  1.57697435075373
136   4.62944621965304  1.80302813281179
137   5.66973624287372  1.99332454698431
138   6.74827724234444  2.03889747660528
139   7.82103676988314  1.80794520330052
140    8.7366692743603  1.17135273604293
141   9.16669172671172 0.136348733303356
142    9.0320415945241 -0.594994381065279
143   8.58427090569883 -1.19517376844216
144   7.94401974694629  -1.5979943461637
145   7.24403987472284 -1.89499798083018
146   6.43637365940671 -2.27770648586133
147     6.273423000796 -2.32693081927976
148   6.22372293895124 -2.33967748437609
149    6.1730984718282  -2.3517256471087
150   6.11064924160894 -2.36547694574731
151   6.03390841205706 -2.38092007120733
152   5.93177521956859 -2.39931081408622
153   5.81507402487036 -2.41781221487459
154   5.69270362447239 -2.43489354052911
155   5.56677480110372 -2.45049863817014
156   5.43849248443744 -2.46476307563144
157   5.30861091388974 -2.47787289601718
158   5.17760737288908 -2.49001601285801
159   5.04578390018916 -2.50136467389122
160   4.91333238115519 -2.51207065722703
161   4.78037609398392  -2.5222654439035
162   4.64699579885608 -2.53206198283118
163   4.51324596482242 -2.54155666771859
164   4.37916485488959 -2.55083104845928
165   4.24478080923619 -2.55995318538051
166   4.11011614864923 -2.56897870277049
167   3.97518956139357 -2.57795163908666
168   3.84001751375282 -2.58690518600323
169   3.70461503790044 -2.59586238582483
170   3.56899613633295 -2.60483683089075
171   3.43317396515577 -2.61383338616141
172   3.29716090311856 -2.62284893981678
173   3.16096857284202 -2.63187317659453
174   3.02460785204001 -2.64088936368241
175   2.88808889343261 -2.64987513772865
176   2.75142116025186 -2.65880328247604
177    2.6146134776605 -2.66764248849695
178   2.47767409723951 -2.67635808871975
179   2.34061077057919 -2.68491276543854
180   2.20343082797831 -2.69326722608568
181   2.06614125871661 -2.70138084618058
182   1.92874878997588 -2.70921227859829
183   1.79125996207593 -2.71672002871558
184   1.65368119820026 -2.72386299518326
185   1.51601886720369 -2.73060097612317
186   1.37827933843867 -2.73689514052077
187   1.24046902783107 -2.74270846452317
188   1.10259443470336 -2.74800613228839
189   0.96466216909577 -2.75275590097897
190  0.826678969584435  -2.7569284294616
191  0.688651711840689 -2.76049757026412
192  0.550587408415911  -2.7634406243525
193  0.412493200466743 -2.76573855831903
194  0.274376342350085 -2.76737618361592
195    0.1362441802094 -2.76834229752203
196  -0.00189587416242284 -2.76862978559206
197  -0.140036372768727  -2.7682356854034
198  -0.278169862656718 -2.76716121148573
199  -0.416288917410158 -2.76541174138965
200  -0.554386167322631 -2.76299676292231
201  -0.692454326722225 -2.75992978264967
202  -0.830486216995542 -2.75622819583487
203  -0.96847478397483 -2.75191311804926
204  -1.10641310850284 -2.74700917875481
205  -1.24429440917063 -2.74154427721167
206  -1.38211203642783  -2.7355493011089
207  -1.51985945748672 -2.72905780834723
208  -1.65753023167507 -2.72210567241523
209  -1.79511797613284 -2.71473069179225
210  -1.93261632199338 -2.70697216378098
211  -2.07001886144275 -2.69887042312053
212  -2.20731908631903 -2.69046634566616
213    -2.344510319213 -2.68180081735784
214  -2.48158563838384 -2.67291416866714
215  -2.61853779823239 -2.66384557475228
216  -2.75535914760039 -2.65463242172909
217  -2.89204154877902 -2.64530963986048
218  -3.02857630075611 -2.63590900517369
219  -3.16495407074396 -2.62645841212097
220  -3.30116483807679 -2.61698112146066
221  -3.43719785355726 -2.60749498952057
222  -3.57304161432429 -2.59801168722532
223  -3.70868384794625 -2.58853591929207
224  -3.84411148792471 -2.57906465505972
225  -3.97931060402038 -2.56958638137755
226  -4.11426622256211 -2.56008038338162
227  -4.24896193189456 -2.55051604929242
228  -4.38337911331482 -2.54085217944635
229  -4.51749556186854 -2.53103625770639
230  -4.65128314878516 -2.52100361761565
231  -4.78470399426465 -2.51067641265801
232  -4.91770430241542 -2.49996229347425
233  -5.05020446004035 -2.48875273281252
234  -5.18208309227485 -2.47692108015907
235   -5.3131513891759 -2.46432079905779
236  -5.44311212100015  -2.4507852130056
237  -5.57149520294802 -2.43613203531098
238  -5.69755661061942  -2.4201802536744
239  -5.82010548490375 -2.40279740549798
240  -5.93705655036736 -2.38403771551758
241  -6.04007877271365 -2.36532647775903
242  -6.11702580321192 -2.34973862002061
243  -6.17960437250972 -2.33589025532104
244  -6.23032779219369 -2.32377209758664
245  -6.28013501565592  -2.3109629269086
246  -6.44320231701808 -2.26165749744432
247  -7.25287649294282 -1.88138170057484
248  -7.95344666923065 -1.60367114845341
249  -8.60611444580736  -1.2223731256844
250  -9.07553279646207 -0.639020932283881
251  -9.23620723774928 0.0873209676671063
252  -8.83904435684418  1.13550991388538
253  -7.93779648242636   1.7931293645838
254  -6.86759069360927   2.0386045173644
255   -5.7881059877461  1.99820021076313
256  -4.74742657434765  1.80586416270094
257  -3.77228938591982  1.57359878720401
258  -2.84522444209134   1.3687808330885
259  -1.91946957064905  1.21875171673426
260  -0.989553534796855  1.13709273365748
