// Id               X                Y
  1   -0.3318597135364  8.35718872040063
  2  0.765939348547019  8.34062915677743
  3   1.84480029889908  8.17772824167411
  4   2.91517583842703  7.91147430639797
  5   3.92715076417297  7.51122689611696
  6   4.82042635442523  6.88927267663371
  7   5.60864101835196  6.16364073267678
  8   6.22924762473085  5.36418550732126
  9   6.87706652962422  4.58163793636883
 10   7.58943741447422  3.84327600785439
 11   8.31775553948816  3.10945182079099
 12   8.68158167714942   2.6113894210867
 13   8.92132349791389  2.03685733234368
 14   8.92438670665728  1.49113497568876
 15    8.6672926934455  1.04163066315349
 16   8.02919652802895 0.827001811561673
 17   7.47233702612757  1.00157610491801
 18   7.19670405572797  1.22417660279042
 19   7.18749950755137  1.23370369382958
 20   6.96069988518007  1.53983921708161
 21   6.94862688514803  1.56020029553543
 22   6.91213104937005  1.62529776609382
 23   6.86540956208334  1.71740431441912
 24   6.81573330735298  1.82818145884647
 25   6.76563631673274   1.9564658408438
 26   6.71660758350072  2.10235039099568
 27   6.66979974545041   2.2654287460818
 28   6.62591421798248  2.44447045150607
 29    6.5850098174657  2.63754616081593
 30   6.54643717286272  2.84231630781196
 31   6.50892791253465  3.05633796684857
 32   6.47078543356197  3.27731115212229
 33   6.43010067023595  3.50323331452418
 34   6.38493296304582  3.73246217866648
 35   6.33342888978357  3.96370514480421
 36   6.27388093897262   4.1959604002559
 37   6.20474394483845  4.42843340418548
 38   6.12463086249277  4.66044668120803
 39   6.03230583790434  4.89135469727182
 40   5.92668637838211  5.12047111060427
 41   5.80686023584952  5.34701344202687
 42   5.67211683796481  5.57006977383891
 43   5.52198742629918  5.78859221685332
 44   5.35628299585934  6.00142042419595
 45   5.17511707267668  6.20733325287193
 46   4.97890426278139  6.40511835313778
 47   4.76833493329698   6.5936429070934
 48   4.54433608241552  6.77190930201623
 49   4.30803335560386  6.93908676449892
 50   4.06072950400949  7.09451832794645
 51   3.80391343237392   7.2377080484098
 52   3.53931019147978   7.3682974144182
 53   3.26896381036193  7.48604696627881
 54   2.99529239346187  7.59084981877955
 55   2.72099155901591  7.68279884722146
 56   2.44871687200582  7.76227830617536
 57   2.18069216047985  7.82999604336954
 58   1.91847311265957  7.88691504301797
 59   1.66291105629277  7.93413162886997
 60   1.41422854150454  7.97275908822362
 61     1.172150882222  8.00383858893805
 62  0.936073806824766  8.02828062565407
 63  0.705219700703956  8.04683820326487
 64  0.478706894547856  8.06010691408648
 65  0.255500459647884  8.06853577228379
 66  0.0343193996755425  8.07242980241794
 67  -0.186359876565559  8.07193911448368
 68  -0.408137257993261  8.06704783012208
 69  -0.632455023630827  8.05757828284357
 70  -0.860464144782949  8.04320827695508
 71  -1.09305618941086  8.02348426952682
 72  -1.33097144585313  7.99781962028837
 73  -1.57484828720788  7.96548594959962
 74  -1.82515576452913  7.92561643269905
 75  -2.08204737677654  7.87723519510998
 76  -2.34520556623954  7.81931646466686
 77  -2.61372041083349  7.75087162984997
 78  -2.88602933549875  7.67105787952516
 79  -3.15997757432556  7.57928206137061
 80  -3.43306342613899  7.47524631821588
 81  -3.70279521043313  7.35890571420489
 82  -3.96695547745479  7.23038398389025
 83  -4.22366935379307  7.08991650465286
 84  -4.47134844730915  6.93784004184725
 85  -4.70861429411096  6.77460987663185
 86  -4.93425089556422  6.60082235847841
 87  -5.14719340249988  6.41722954297936
 88  -5.34654487539046  6.22473807187841
 89  -5.53160972515409  6.02438741611229
 90  -5.70193114674124  5.81730672521611
 91  -5.85731933425199  5.60465628514397
 92   -5.9978601408383  5.38756639608868
 93    -6.123901268758  5.16708853545976
 94  -6.23602168953046  4.94416924109712
 95  -6.33499487083719  4.71964974321998
 96  -6.42175585719337   4.4942886853348
 97   -6.4973782641067  4.26880300338695
 98  -6.56306235573762   4.0439219762339
 99  -6.62013081046555  3.82044964509823
100  -6.67002465284442  3.59932981497908
101  -6.71428824859444  3.38170513292809
102  -6.75453028792585  3.16895755988265
103   -6.7923497081399  2.96271314461678
104  -6.82922445339579  2.76479164615825
105  -6.86637797349269  2.57708412762196
106  -6.90465960415148  2.40135182036664
107  -6.94448966272518  2.23896095466959
108  -6.98590857278588  2.09061830906772
109  -7.02867518669044  1.95636023439588
110  -7.07182969643759   1.8371303726826
111   -7.1092983679917  1.74468353026964
112  -7.12579377010321  1.70684730764887
113   -7.3134062101346  1.35910337434866
114  -7.35764446829246   1.2972523642385
115  -7.64900607057986  0.99161165406353
116  -8.20298321829869 0.734376421842165
117  -8.86917177164182 0.858330061972716
118  -9.18175042103086  1.27360846769897
119  -9.23434124132061  1.81722510317774
120  -9.05620051436476  2.37493595150891
121  -8.74698327798288  2.85879971212102
122  -8.03365294475679  3.59516311716901
123  -7.32956386864382   4.2889575962921
124  -6.65668800452403  5.04729147517126
125  -6.02826649300357  5.85118634196211
126  -5.38832996297025  6.59570407674963
127  -4.51979323657125  7.23390270817543
128  -3.58246062970539  7.73540103288879
129  -2.54112535699482   8.0465067716573
130  -1.43925182623206  8.21651961370889
131  -0.296053091597127  8.93971545937683
132  0.797360936517852  8.92309851051172
133   1.87940999866999  8.76437800148438
134   2.94036164661377  8.49790477511369
135   3.95871601376947  8.09274123037495
136   4.88321019419097  7.49145267356546
137   5.70681964348452   6.7594877923062
138   6.44288429352235  5.94104002260114
139   7.16479752745528  5.12493976998416
140   7.92206793968501  4.35510808985758
141   8.66119552009232  3.57223849338013
142    9.0424895083111   3.0165252711664
143   9.30651189802507   2.3933494282827
144   9.41287875156644  1.71449829251978
145   9.38964338409802  1.02910361923024
146   9.33870246515123 0.374943856479531
147   9.20314238738212 -0.10874045897307
148   8.98485900693156 -0.527414897791586
149    8.7046852238624 -0.862570776657093
150   8.40270675329864 -1.10038901953575
151   8.06436855672941 -1.27134470545349
152   7.71324496166251 -1.36922798220633
153    7.3639046649392 -1.39915143291927
154   7.02493940342315 -1.36878551498602
155   6.70283872463631 -1.28594616501108
156   6.40224190552089 -1.15849020873184
157   6.12599009028088 -0.994125741128861
158   5.87534472331681 -0.800223137920801
159   5.65025591984057 -0.583690056743349
160   5.44962003859879 -0.350882536093947
161   5.27152130662354 -0.107518361270365
162    5.1134749311798 0.141406147817004
163   4.97267625566532 0.391670004660614
164   4.84623894276205 0.639831111410898
165   4.73139690414762 0.883179274546469
166   4.62565158124188   1.1196552104281
167   4.52685904795998  1.34775692783233
168   4.43326214042557  1.56645074441069
169   4.34347848943596  1.77509695916308
170   4.25645666544327  1.97339372274298
171   4.17141161038394  2.16133794669106
172   4.08774898003578  2.33919856755343
173   4.00498712471086  2.50749451945087
174   3.92268520418855  2.66696812967952
175   3.84038492282795  2.81854662726261
176   3.75756968880994  2.96329140537487
177   3.67363877124704  3.10234352289508
178   3.58788821392671  3.23687848887363
179   3.49948741602354  3.36808123688541
180   3.40743952961129  3.49714715721504
181   3.31051297787675  3.62531073607147
182   3.20713283155457  3.75389561840093
183   3.09523901524033  3.88435293548423
184   2.97218014547505  4.01819229138946
185    2.8348030174931  4.15666102819116
186   2.67986786553781  4.30015897521983
187   2.50465972493433  4.44768925102795
188   2.30748112705932  4.59671380735085
189   2.08786013367694  4.74346445510562
190   1.84650763434543  4.88350257629005
191    1.5851067388355  5.01230518484115
192   1.30601841497616  5.12572673316796
193   1.01200524653784  5.22026506722322
194  0.706068405913333   5.2931456882121
195  0.391422981781613   5.3423089410895
196  0.0715339252913635  5.36639650064798
197  -0.249913180955712  5.36477610814927
198  -0.569164934236277  5.33757087821728
199  -0.882605499234172  5.28564600656198
200  -1.18688711481855  5.21055873101503
201  -1.47893645189645  5.11452213459054
202  -1.75591181418466  5.00040742664236
203  -2.01523155545223  4.87173788640197
204  -2.25473464427272  4.73258332954569
205  -2.47293928346142  4.58728547616805
206  -2.66930887555997  4.44001337849683
207  -2.84443157368711  4.29422583886305
208  -3.00003245798064  4.15218857881099
209  -3.13874327317735  4.01474876265701
210  -3.26362318096969    3.881522795633
211  -3.37760999870389  3.75140518161461
212  -3.48317190057059  3.62307012405429
213  -3.58224302438753  3.49523756933604
214   -3.6763208091938  3.36673061209033
215  -3.76659162973378   3.2364442483291
216   -3.8540281583915  3.10330309537265
217  -3.93945220783515  2.96623591015753
218  -4.02357202692617  2.82417290421249
219  -4.10700445675856  2.67606538793935
220  -4.19029179589794  2.52092372532277
221  -4.27392294963756   2.3578651444415
222  -4.35836674060745  2.18616015427184
223  -4.44412089166423  2.00526889208209
224  -4.53177473461641  1.81486600250385
225  -4.62207990415919  1.61485976572849
226  -4.71602201330901  1.40541441247271
227  -4.81488626208672  1.18698396064552
228  -4.92030949500702 0.960363425383366
229  -5.03430978891809 0.726760257973242
230  -5.15928269634006 0.487885512950419
231  -5.29795197180866 0.246060047957582
232  -5.45326345236843 0.00432585535550146
233   -5.6282149398022 -0.233452610888952
234  -5.82562235583374 -0.462515231412917
235  -6.04783089341776 -0.677177856301912
236  -6.29638608018294 -0.870860704246367
237  -6.57168403952848 -1.03618263952343
238   -6.8726336423824 -1.16513287755904
239  -7.19641124686372 -1.24932389785112
240  -7.53852934530054 -1.28024699396193
241  -7.89340494639724 -1.24913365677879
242  -8.24950790831993 -1.14788949555232
243  -8.58492478634819 -0.976143039875669
244  -8.91399424867596 -0.710034167500436
245  -9.20117341297144 -0.349533149125048
246  -9.41776776827119 0.0887666974734551
247    -9.578199385771 0.713141861203312
248  -9.70761284319516  1.37896423201607
249  -9.69456026677077  2.05847136506556
250  -9.49473363605224  2.69783392355896
251  -9.14951017468312  3.27127487959286
252  -8.42491957966337  4.06126335567615
253  -7.65359192895272  4.81019223482844
254  -6.91824821289628  5.60469224717588
255  -6.20510781219948  6.43540411019682
256  -5.41286738790624  7.20078587751855
257  -4.51108196765977   7.8351677994197
258  -3.51823340832431  8.31700468843948
259  -2.46400757375939  8.62751430767291
260  -1.38614286217027  8.81958326361458
