// Id               X                Y
  1  -0.791641033735128  13.8339315441284
  2  0.281999977683778   13.820949734273
  3   1.34793311841822   13.606857636725
  4   2.36513497529549   13.204026618067
  5   3.27295579735899  12.6186591112921
  6   4.03490515614048  11.8666890356555
  7    4.6366922327864  11.0234059194448
  8   5.24496479829922  10.1957642591005
  9   5.88513178493095  9.40553638148242
 10   6.48139632044899  8.64104474968559
 11   6.92531954972092  7.78593114180303
 12   6.97318562016937  7.24569740250493
 13   6.78848771132607  6.72815148310648
 14   6.34536509883887  6.40368188518383
 15   5.81657100961055  6.43989892402455
 16   5.43823583309251   6.7798795720202
 17   5.31912639473116    6.971831918477
 18   5.22854288642785  7.17451180301465
 19   5.16050098069033  7.38188397542729
 20   5.10966711527093  7.59012357116494
 21    5.0715944849039  7.79585128916855
 22   5.04350062107074  7.98797441901394
 23   5.02078272210322  8.17498661895598
 24   5.00086806474787  8.35956123368987
 25   4.98213151227272   8.5424222828885
 26   4.96287983728662  8.72390981473252
 27   4.94216321632658  8.90428518195858
 28   4.91850618284979  9.08364703792282
 29   4.89146169550885  9.26212666516322
 30   4.85970869530012  9.43964203907192
 31   4.82318177244871  9.61623224057457
 32   4.78076736499826  9.79166083969858
 33   4.73262419714207  9.96590473508225
 34   4.67791859184199  10.1386341247213
 35   4.61688523196873  10.3097814406409
 36   4.54899430803446  10.4789938252365
 37    4.4744653006644  10.6461657502173
 38   4.39302975439658   10.810973678116
 39   4.30486020412905  10.9732827863655
 40   4.20986514676992  11.1328239104095
 41   4.10816651971682  11.2894510244663
 42   3.99975406404095  11.4429579248555
 43   3.88468358047646  11.5932192552525
 44   3.76291381680992  11.7401160870086
 45   3.63432951686791  11.8836323306424
 46   3.49854645261887  12.0239260926193
 47   3.35461536099167  12.1615575166197
 48   3.20221593609906  12.2962622792221
 49   3.04260973899135  12.4264594926804
 50   2.87664940413656  12.5511893053393
 51   2.70489454595662  12.6698740495303
 52   2.52779387651109  12.7821004047671
 53   2.34574834275599  12.8875433094108
 54   2.15913574939456  12.9859341630663
 55   1.96832200522266  13.0770453061379
 56   1.77366672185665   13.160681352244
 57   1.57552616315218  13.2366738940375
 58   1.37425480443936  13.3048779763649
 59   1.17020612846623  13.3651695794227
 60  0.963732988591768  13.4174437050324
 61  0.755187732775454  13.4616128495668
 62  0.544922205877389  13.4976057436314
 63  0.333287703608307  13.5253662956816
 64  0.120634922421083  13.5448527089546
 65  -0.0926860704637831  13.5560367598586
 66  -0.306325837196698   13.558903235842
 67  -0.519935540236994  13.5534495351406
 68  -0.733166891710077  13.5396854316402
 69  -0.945672092867024  13.5176330068795
 70  -1.15710377673699  13.4873267490852
 71  -1.36711496596228   13.448813817029
 72  -1.57535905425944  13.4021544653659
 73  -1.78148981393527  13.3474226289585
 74   -1.9851614232742  13.2847066677899
 75  -2.18602849606561   13.214110283098
 76  -2.38374608025169  13.1357536318343
 77  -2.57796957177037  13.0497746945359
 78  -2.76835445889369  12.9563309985562
 79  -2.95455576220874  12.8556018788477
 80  -3.13622694434971  12.7477916028102
 81   -3.3130178810137  12.6331339638839
 82  -3.48457108266779  12.5118995329683
 83  -3.65051437679277  12.3844081211049
 84  -3.81044556103529  12.2510526419956
 85  -3.96389585610266  12.1123519956561
 86  -4.11022732947674  11.9690925521027
 87  -4.24838252160621  11.8226923784464
 88  -4.37775229420656  11.6743855305396
 89  -4.49934646177015  11.5235658834092
 90  -4.61374405761493  11.3698592814918
 91  -4.72115321512375  11.2132073244322
 92  -4.82163848381657  11.0536787595941
 93  -4.91520432925875  10.8914030507256
 94  -5.00183253412455  10.7265444125023
 95  -5.08150393224637  10.5592894467425
 96  -5.15421421962476  10.3898397730213
 97  -5.21998752270287  10.2184062858939
 98  -5.27888925189851  10.0452034407193
 99  -5.33103885079624  9.87044268266929
100  -5.37662259024558  9.69432448879771
101  -5.41590629909463   9.5170287283469
102  -5.44924778136001  9.33870325101761
103  -5.47710863229865  9.15945082571922
104  -5.50006526355283   8.9793147704627
105  -5.51881928182368  8.79826369867467
106  -5.53420811989808  8.61617508701247
107  -5.54721834105576  8.43281350973343
108  -5.55900723410104  8.24778454332112
109  -5.57094777225739  8.06038225552187
110  -5.58477053142447  7.86875826863055
111  -5.60353393852854  7.66292346153275
112  -5.62989300537052  7.45195751517131
113  -5.66748421256019  7.23895726181466
114  -5.72078361465654  7.02594140678716
115  -5.79515664257444  6.81575648258861
116  -5.89687602369098  6.61327802939712
117  -6.24078087243694  6.23111006574247
118  -6.75977125528683  6.12919079840723
119  -7.23644965462432  6.38666280769312
120  -7.48241402799235  6.86508129071955
121  -7.49568874487271  7.39502023914194
122  -7.12567297395131  8.26090555673232
123  -6.58898663873526  9.01659224203869
124  -6.03158171648215  9.75200194469333
125  -5.50853597900657  10.5121859185743
126  -5.01014471458133  11.2937300742689
127  -4.39167473955835  12.0862589549965
128  -3.66165228853656  12.7540611453846
129  -2.80202692155373  13.2544352844335
130  -1.80370752022596  13.5895037119811
131  -0.401230546653354  14.2740549039875
132  0.718243971340959  14.2286792222389
133   1.80687501174431  13.9693561429827
134   2.83669079015811  13.5389886813019
135   3.76184691289738  12.9240652313949
136   4.54194232025701  12.1406758457258
137   5.18488514779921  11.2453896739615
138   5.83265484410727  10.3549885791512
139   6.49471338056699  9.47369354663691
140   7.08758696102417  8.53833727943942
141   7.38152160275888  7.46401043295039
142      7.23496114288  6.75075807711245
143   6.77756068138494  6.18544174812821
144    6.1057433663559  5.91648344895889
145   5.39141364833359  5.84791105551545
146   4.80835597159148  5.37827144700366
147    4.6306436676621  5.35251139512697
148   4.45402366285341   5.3506307079096
149   4.28070934188359  5.36904963531242
150    4.1121279535767  5.40441668435521
151   3.94918923374277  5.45425380344707
152   3.79224679066205  5.51766450782522
153   3.64259207091436  5.59310197761203
154   3.50118799785822  5.67966695259292
155   3.36881941775978  5.77661658404587
156   3.24607893804435  5.88311593717946
157    3.1332579155358  5.99813610212318
158   3.03026075668143    6.120468090904
159   2.93660904608161  6.24880728284472
160   2.85150311465742  6.38186903527834
161   2.77393462680148  6.51846908134893
162   2.70277914397249   6.6575744328932
163   2.63688503249562  6.79830701983226
164   2.57511995251194  6.93993726234203
165   2.51641238071801  7.08185697728993
166   2.45976442311234  7.22355930947174
167    2.4042666911008  7.36461246680156
168   2.34909817463693  7.50464296806927
169   2.29353009721818  7.64331801143949
170    2.2369231726767  7.78033495670105
171   2.17872843218302  7.91541191250237
172   2.11848673437707  8.04828310757861
173   2.05583304540681  8.17869659086228
174   1.99050743023091  8.30641689237599
175   1.92238780914256  8.43123589421234
176   1.85158613677428  8.55300574244689
177   1.77861870690846  8.67168155850711
178   1.70338164986546   8.7869969645097
179   1.62463393655432  8.89827639068843
180   1.54171063177761  9.00497587475438
181   1.45436542331875  9.10667669498202
182   1.36255928494229  9.20302892737785
183   1.26637457871964  9.29372945012733
184   1.16597467928767  9.37851409945704
185   1.06158067975914  9.45715426581519
186  0.953455780144815  9.52945464752083
187  0.841893833697114  9.59525103252566
188  0.727210564674735  9.65440777087977
189  0.609736755669567  9.70681493148523
190  0.489813017726711  9.75238527553678
191  0.367785880996232  9.79105122117367
192  0.244004991051312  9.82276196413385
193  0.118821215965432  9.84748088472917
194  -0.00741451717370339  9.86518333017101
195  -0.134351823227875  9.87585482412883
196  -0.261641048481621  9.87948972766315
197  -0.388933184189939  9.87609035841418
198  -0.515879627038712  9.86566656660285
199  -0.642131901170301  9.84823576413234
200  -0.767341453737044   9.8238234035014
201  -0.891159638817485  9.79246390292272
202  -1.01323801216143   9.7542020096858
203  -1.13322906997453  9.70909458246061
204  -1.25078757642323    9.657212752694
205  -1.36557263398296  9.59864439479508
206  -1.47725065597844  9.53349679624614
207  -1.58549940188901  9.46189937754361
208  -1.69001323897822  9.38400627774765
209  -1.79050981512171   9.2999986086524
210  -1.88673840441231  9.21008620801149
211  -1.97849039871923  9.11450881622324
212  -2.06561294724383  9.01353681015977
213  -2.14802806995458  8.90747207973891
214    -2.225763159036  8.79665074097508
215  -2.29900985887249  8.68145258544392
216  -2.36826426046973  8.56233063156092
217  -2.43462168349715  8.43986116618722
218   -2.4990293247455  8.31452122245486
219  -2.56100580432131  8.18640270725045
220  -2.62032156411908  8.05563162144499
221  -2.67707526348493  7.92240223583441
222  -2.73154185781341  7.78693949787909
223  -2.78411875982828  7.64948495057081
224  -2.83530774908897  7.51029403759902
225  -2.88570910110801  7.36963874971234
226  -2.93602043438207  7.22781412040353
227  -2.98703724358962  7.08514841605347
228  -3.03965327057621  6.94201725596558
229  -3.09485886986369  6.79886190086912
230  -3.15373486181856  6.65621158148203
231  -3.21743813498776  6.51470877580585
232  -3.28717357988621  6.37513437361948
233  -3.36414540781421   6.2384262471798
234  -3.44948134392347  6.10568005703611
235  -3.54412921162725  5.97811757140188
236    -3.648740796886  5.85701186901318
237  -3.76357924517186  5.74357861348031
238  -3.88849470782452  5.63887505448655
239   -4.0229839586767  5.54376879924175
240  -4.16626741564791   5.4590352580188
241  -4.31700165605357   5.3858260203981
242  -4.47498636400922   5.3246021800368
243   -4.6396933283565  5.27691402677026
244  -4.81042325953793  5.24532658482473
245  -4.98606305267891  5.23327498084898
246  -5.16474566237514   5.2445688130595
247  -5.77868883240465  5.66922904898331
248  -6.49453447464685  5.65931739194794
249  -7.19043219236639  5.85288296645343
250   -7.7043425438429  6.36690560982357
251  -7.91322615669349  7.06567236062102
252  -7.72681374290985  8.16504811524666
253  -7.18534802126258  9.13710973309147
254   -6.5522957152848  10.0499760702096
255  -5.91423346441674  10.9595572145732
256  -5.24662560294586  11.8502575825751
257  -4.49820802393948  12.6774070965045
258  -3.60926548547903  13.3541128855964
259  -2.59433941500225  13.8252051829748
260  -1.50653456528799  14.1009548992294
