// Id               X                Y
  1  -0.693779781258257  15.6940284050632
  2  0.372147676638607  15.6997149249798
  3   1.44332876952082  15.5365501578444
  4   2.47744602782089   15.186845870902
  5   3.42657054063464  14.6487904407695
  6   4.23786652802751  13.9383628545957
  7   4.86436273595728   13.112803955102
  8   5.36698705927078  12.2010915658095
  9   5.91033687689156  11.3514542793929
 10   6.53014388044707  10.5590189093227
 11   7.15249394302114  9.76126100018617
 12   7.40971642897597  9.25877511964101
 13   7.53068460227335  8.70743361263487
 14   7.42652556945286  8.16191856914802
 15   7.06592489504775  7.76265010038774
 16    6.3534285089711  7.69160321198419
 17   6.12373215747275  7.77874406541074
 18   5.98185914624048  7.86644781737788
 19   5.85492002591005  7.97316725256411
 20   5.74281971657748  8.09611483642857
 21   5.64627239522473  8.23252437944225
 22   5.56454431965783  8.37974675463518
 23   5.49714125555827  8.53599954051814
 24   5.44266876565677  8.69964643891834
 25   5.39999611538032  8.86981324706362
 26   5.36748460337289    9.046270356748
 27   5.34358638993474  9.23050886455336
 28   5.32565460999752  9.44254092303127
 29     5.314499842695  9.66221700312076
 30   5.30770240961939  9.88633576467267
 31   5.30261098357179  10.1136452913166
 32   5.29667117399761  10.3434236608262
 33    5.2875329897923  10.5751411302379
 34   5.27309514056857  10.8083069743644
 35   5.25152557659517  11.0423910682914
 36    5.2212696179538   11.276787353054
 37     5.181050937094  11.5108039504403
 38   5.12986709955524  11.7436707236363
 39   5.06698017360831  11.9745578135201
 40   4.99190254213275  12.2026002249502
 41   4.90437816897264   12.426924614493
 42   4.80435987887273  12.6466753167477
 43   4.69198354306289  12.8610374501914
 44   4.56754031616471  13.0692556932712
 45   4.43144819206819  13.2706480054341
 46   4.28422412429441  13.4646141573128
 47   4.12645780808302  13.6506394010615
 48   3.95878798387462  13.8282939389405
 49   3.78188183919758  13.9972290351628
 50    3.5964178000778  14.1571706778324
 51   3.40307174709019  14.3079116605659
 52   3.20250648645968   14.449302848106
 53   2.99536416267306  14.5812442473882
 54   2.78226121519881  14.7036763510702
 55   2.56378545017764  14.8165720737387
 56   2.34049480638629  14.9199294739767
 57   2.11291743039513  15.0137653538774
 58   1.88155272679204  15.0981097522261
 59   1.64687310618845   15.173001296026
 60   1.40932620980156  15.2384833433002
 61    1.1693374406357  15.2946008336819
 62  0.927312675622861  15.3413977580304
 63  0.683641069914712  15.3789151606783
 64  0.438697894114391  15.4071895952151
 65  0.192847368323294   15.426251964977
 66  -0.0535545256529913   15.436126691293
 67  -0.300157259868946   15.436831165199
 68  -0.546613000765434  15.4283754512583
 69  -0.792573866519221  15.4107622250885
 70  -1.03768919076566  15.3839869390901
 71  -1.28160278276654  15.3480382236976
 72  -1.52395017746516  15.3028985442379
 73  -1.76435587530247  15.2485451461615
 74   -2.0024305815662   15.184951333856
 75  -2.23776846899183  15.1120881401686
 76  -2.46994450605251  15.0299264545388
 77  -2.69851191766578  14.9384396863361
 78    -2.922999875657  14.8376070451281
 79  -3.14291155375454  14.7274175191093
 80  -3.35772272608641  14.6078746240167
 81  -3.56688113805834  14.4790019740937
 82  -3.76980693156677  14.3408496900861
 83  -3.96589445814979  14.1935016028682
 84  -4.15451585688244  14.0370831319022
 85  -4.33502679909568  13.8717696140693
 86  -4.50677479798563    13.69779473269
 87  -4.66911043605882  13.5154585559377
 88  -4.82140176707432  13.3251345517094
 89  -4.96305199622976  13.1272748222372
 90  -5.09352033486022   12.922412721902
 91  -5.21234567587641  12.7111620146506
 92  -5.31917246665098  12.4942118210989
 93  -5.41377790038214  12.2723168218183
 94  -5.49609934502999  12.0462825331608
 95  -5.56626082042804  11.8169459514162
 96  -5.62459734901808  11.5851524522095
 97  -5.67167615302328  11.3517305090168
 98  -5.70831392864138  11.1174665353451
 99  -5.73558973271189  10.8830829579528
100  -5.75485325327227  10.6492235375267
101  -5.76772821389087  10.4164511043427
102  -5.77611007598869   10.185264611472
103  -5.78215550394913  9.95614563964612
104  -5.78825704582153  9.72965215154529
105  -5.79698660227748   9.5066019967303
106  -5.81095806550572  9.28851660749408
107  -5.83219653160283  9.08072841688438
108  -5.85969937598517  8.89903426740091
109  -5.89634747368104  8.72444256134697
110  -5.94371346149357  8.55621484229016
111  -6.00325366393163  8.39477034160955
112  -6.07630262601095  8.24113726603021
113  -6.16406572196636  8.09679695499039
114  -6.26732410255379  7.96399696231664
115  -6.38694445923436  7.84496050757561
116  -6.58822508923421  7.70363273298798
117  -7.29387413471059  7.56960161680462
118  -7.74310337414285  7.84685998202969
119  -7.97000770729793  8.33364778704949
120  -7.95518272222528  8.87718472940712
121  -7.76850334433284  9.38863461779954
122  -7.21445081073889   10.165929037431
123  -6.62042105193235  10.8971325127474
124  -6.08417448080721  11.6699786477571
125  -5.61916155686615  12.4967702878031
126   -5.1228806000851  13.3811543554604
127  -4.43514952793264  14.1545689053878
128  -3.61058676858195  14.7758012629415
129   -2.6950297534388  15.2384194765426
130  -1.69429326301726  15.4999362982097
131  -0.358165966140979  16.1833136865998
132  0.755870498722473   16.159055376357
133   1.85046189500671   15.955763954193
134   2.89767035256805  15.5862511634659
135   3.85652206384598  15.0348698613945
136    4.6833237045632   14.305838514106
137   5.34866483937704   13.429045611537
138   5.89164260459341  12.4731628679758
139    6.4841048769173    11.54836629472
140   7.13296538903849  10.6617464612326
141    7.7679494980033  9.76184582649843
142   7.99294798605225  9.19841589823665
143   8.08116768024407  8.63708545555382
144   7.99107017766633  8.08947223847644
145   7.77904287191047  7.58521340310759
146   8.36264000605973  7.18258845828947
147   8.73941611716653   6.6606365211393
148   8.50514749369939  6.34059899717668
149   8.18826107289068   6.0967485949665
150    7.8336494558569  5.91217875207488
151   7.45177508866082  5.79035234667989
152   7.05661351345475  5.72782622989329
153   6.65920489426412  5.72097706807432
154   6.26819840174942  5.76691447213248
155   5.89091581324247  5.86260059179626
156   5.53364932107047  6.00489255949305
157   5.20201324064801  6.19189016497117
158   4.90443289950499  6.42471805351154
159   4.64147465663152   6.6879459164382
160   4.41248967926915  6.97029226007137
161   4.21548716819248  7.26337896337995
162   4.04738926069123   7.5606389322364
163   3.90437791364586  7.85692279962885
164   3.78226256718538  8.14831976073254
165   3.67680488196856  8.43199893849541
166   3.58396651663995  8.70603267231604
167   3.50007354614827  8.96921239741696
168   3.42190714972663  9.22087519016525
169   3.34673667362016  9.46075358140057
170   3.27231181214221  9.68885388986543
171   3.19682848374574  9.90536271421172
172   3.11887992472224  10.1105780160183
173   3.03740153693102  10.3048599954939
174   2.95161545166198  10.4885969889468
175   2.86097867556771  10.6621822756847
176   2.76513704671627  10.8259985583292
177   2.66388600411124  10.9804077484354
178   2.55713830210826  11.1257444353929
179   2.44489821758414  11.2623119879597
180   2.32724144711976  11.3903806233884
181   2.20429972963264  11.5101870030183
182   2.07624921605076  11.6219350224539
183    1.9433016977245  11.7257975108701
184   1.80569795315443  11.8219185785984
185   1.66370263690899  11.9104163781821
186   1.51760028559109  11.9913860787599
187   1.36769213782194  12.0649028944412
188    1.2142935549447   12.131025048449
189    1.0577318905685  12.1897965911364
190  0.898344697315243  12.2412500187043
191  0.736478185344921  12.2854086599157
192  0.572485865086509  12.3222888111271
193  0.406727319949453  12.3519016071081
194  0.239567065912712  12.3742546181929
195  0.0713734648977177  12.3893531650672
196  -0.0974823319538391  12.3972013424339
197  -0.26662742673836  12.3978027430832
198  -0.435688211819779  12.3911608751926
199  -0.60429140543127  12.3772792681928
200  -0.772065087451252  12.3561612659912
201  -0.938639737251406  12.3278095101632
202  -1.10364927849583  12.2922251192072
203  -1.26673214116601  12.2494065725497
204  -1.42753235844136  12.1993483094513
205  -1.58570072487884   12.142039053544
206  -1.74089605223697  12.0774598741419
207  -1.89278657023807  12.0055819968986
208  -2.04105153208422  11.9263643803207
209  -2.18538310001214  11.8397510827621
210   -2.3254886071452  11.7456684584343
211  -2.46109332239757  11.6440222418884
212  -2.59194389071685  11.5346946087062
213  -2.71781268787827  11.4175413346408
214  -2.83850342281823  11.2923892131734
215  -2.95385844254682  11.1590339279662
216  -3.06376833839977  11.0172386082205
217   -3.1681845996726  10.8667333226431
218  -3.26713618109039  10.7072158033272
219  -3.36075090447428  10.5383537610953
220  -3.44928255942661  10.3597892997431
221  -3.53314436113564  10.1711462047698
222   -3.6129490238554  9.97204130972042
223  -3.68955506845892  9.76210174242536
224  -3.76411804375459  9.54099060099692
225  -3.83814404178197  9.30844443674991
226  -3.91354117362436  9.06432668700572
227  -3.99266251059286  8.80870163528705
228  -4.07833139433394   8.5419331227428
229  -4.17383712109802  8.26481046124262
230  -4.28288630672011  7.97870017555359
231  -4.40949391022295  7.68571614464752
232  -4.55780005496886  7.38889362392793
233  -4.73180751078409  7.09234920411021
234  -4.93505332116087  6.80142213394128
235  -5.17025715216497  6.52285501166947
236  -5.43901653189335  6.26524511086175
237  -5.74175300248893  6.04020998944309
238  -6.07665949716357  5.86102718936081
239  -6.43558679606126  5.72612160743217
240  -6.81299190044014  5.63761033677069
241  -7.20233598219929  5.59946844894841
242   -7.5949675720429  5.61773029454498
243  -7.97805021502013  5.70177057348972
244  -8.33736581522562  5.85666075964758
245  -8.63889433361167  6.10379500674104
246  -8.40828795905712  6.69847433105841
247  -7.94928267354909  7.23687223224446
248   -8.2886245973286  7.67223979397724
249   -8.5021372864036  8.18935519175401
250  -8.51227424115536  8.76376030561072
251  -8.34934558260705  9.37214616009941
252  -7.79927370741128  10.3271577593125
253  -7.13784725097306  11.2075273638381
254  -6.50555484116998  12.1094057854243
255  -5.90751898262753  13.0381368280083
256  -5.28574031335589  13.9590991735242
257  -4.50203023837384   14.750506905228
258  -3.57792453539452  15.3733460772668
259  -2.55223101677842  15.8104640957211
260  -1.46194339489049  16.0438743591092
