// Id               X                Y
  1  -0.417784049705754  6.74512914394547
  2  0.646793809155859  6.72992781858966
  3   1.69254344768906  6.55403545026827
  4   2.71389945262124  6.23565941277957
  5   3.68758346825064  5.79557579913976
  6   4.57659850336538  5.23710704663431
  7    5.4206190456265  4.59318952155817
  8   6.23528252358428  3.92012311256363
  9   6.99385290362012  3.19399328389319
 10   7.59899691425411  2.33037156387547
 11    7.7594554701312  1.25191295960327
 12   7.33593345963658 0.726488197222931
 13   6.78736050530288  0.62964783186434
 14   6.32596635991316 0.886873407431825
 15   6.10121345890095  1.35077115193898
 16   6.20208280137524  2.14028674283082
 17   6.20860437181062  2.45936497897856
 18    6.1931024055281  2.61823690793366
 19    6.1690550382672  2.75645111088828
 20   6.13606045060766  2.89076803721117
 21   6.09480951324251  3.02151871027887
 22   6.04566820742728  3.14929524995847
 23    5.9890138583347   3.2749497096943
 24   5.92501616269333  3.39895336344413
 25   5.85410787252358  3.52154538564902
 26   5.77665070485544  3.64269178472558
 27   5.69313718155803  3.76232664483868
 28   5.60399718576989  3.88032552437248
 29   5.50966180547961  3.99659592664335
 30    5.4104954505228  4.11104759139413
 31   5.30682866756069  4.22362055869015
 32   5.19893583380531  4.33426022440793
 33    5.0870525601435  4.44292264325355
 34   4.97137961588521  4.54956856183502
 35   4.85208521207807  4.65415606663527
 36   4.72931413437442  4.75664208562666
 37   4.60319134816897  4.85697980989184
 38   4.47382435843712  4.95511563950539
 39   4.34130908214304  5.05099179131961
 40   4.20573090357929  5.14454381677736
 41   4.06716767942492  5.23570130280243
 42    3.9256921705795  5.32438857287072
 43   3.78137330588526  5.41052412512851
 44   3.63427818670475  5.49402161280568
 45   3.48447341150114   5.5747901455134
 46   3.33202628682655  5.65273467149306
 47   3.17700607476114  5.72775672355668
 48   3.01948496450861  5.79975492677115
 49   2.85953898769223   5.8686256415161
 50   2.69724885959569  5.93426372841364
 51   2.53270065130756  5.99656320954228
 52   2.36598641029042  6.05541809506513
 53   2.19720464271789  6.11072317910236
 54   2.02646068943921  6.16237488261403
 55    1.8538669884909  6.21027213676166
 56    1.6795432084013  6.25431725966507
 57   1.50361626295391  6.29441685888322
 58   1.32622019722725   6.3304827166051
 59   1.14749595094211  6.36243266076549
 60  0.967591001099706  6.39019140211808
 61   0.78665889022666  6.41369132319195
 62  0.604858648945347  6.43287320687976
 63  0.422354123011515  6.44768688950305
 64  0.239313217130787   6.4580918276002
 65  0.0559070688290638  6.46405756716692
 66  -0.127690833317409  6.46556410684364
 67  -0.311305572238437  6.46260214807618
 68  -0.494761750466098  6.45517322732081
 69  -0.677884448277524  6.44328972748567
 70  -0.860500176219222   6.4269747677922
 71   -1.0424378062312  6.40626197342425
 72  -1.22352946556576  6.38119512854672
 73  -1.40361137776605  6.35182771814397
 74  -1.58252463540655  6.31822236696154
 75  -1.76011588980455  6.28045018471897
 76  -1.93623794418946  6.23859002990935
 77  -2.11075023837649  6.19272770565046
 78  -2.28351921411043  6.14295509914737
 79  -2.45441855538106  6.08936928723123
 80  -2.62332929428756  6.03207160831773
 81  -2.79013978601806  5.97116673605218
 82  -2.95474554652613  5.90676174760191
 83  -3.11704895381415  5.83896520026087
 84   -3.2769588343081  5.76788626935334
 85  -3.43438988960599   5.6936338418576
 86  -3.58926204574997  5.61631575417978
 87  -3.74149964236397  5.53603798480635
 88  -3.89103049187016   5.4529038883813
 89  -4.03778490391555  5.36701363947501
 90   -4.1816944193684  5.27846344205926
 91  -4.32269051904089  5.18734501948238
 92  -4.46070328600763  5.09374532135293
 93  -4.59565936504898  4.99774554633483
 94  -4.72748048444462   4.8994214413913
 95  -4.85608121283309    4.798842956024
 96  -4.98136562685958  4.69607321193028
 97  -5.10322616104542  4.59117094020603
 98  -5.22153810186266  4.48418851470374
 99  -5.33615622111375  4.37517396585045
100  -5.44691210258134  4.26417476092345
101  -5.55360397594362  4.15123556457311
102  -5.65599531306951   4.0364066203576
103  -5.75380810515125   3.9197475752368
104  -5.84671248986425  3.80132878471661
105  -5.93433233227919  3.68124288312738
106  -6.01624474287919   3.5596021492728
107  -6.09198885181377  3.43652634667675
108  -6.16110146072516  3.31211766849882
109  -6.22315038401989  3.18638948118399
110  -6.27776765537564  3.05915205845763
111  -6.32466352743695  2.92989109424226
112  -6.36353890614661  2.79778298125329
113  -6.39389607651522  2.66218481924284
114  -6.41508232469728   2.5227967508964
115  -6.42702419035538  2.36252071494017
116  -6.41258360250509  2.04360024461943
117  -6.28694864836677    1.257760148249
118  -6.48473694466811 0.785880755011087
119  -6.92186156797813 0.500057421955941
120   -7.4610166826977 0.548421213349715
121  -7.92058737262095  1.02819243046109
122  -7.82872686577475  2.10090151517845
123  -7.32029462076699  2.92327429968668
124  -6.66741642871092  3.61214694457162
125  -5.96310983235437  4.24737588231674
126  -5.23071739005562  4.86287758294921
127     -4.40919578557  5.47460246301122
128  -3.47974625081506  5.99018535592872
129  -2.48846998468328  6.38743052282298
130  -1.46053216159465   6.6096341000453
131  -0.103362112230253  7.24358362892311
132   1.01765469510565   7.1902568771453
133   2.11670528708305  6.96658882891387
134   3.17679485882766  6.60255899329977
135   4.18319536950526  6.11123305371968
136   5.11542311283087  5.49279083623463
137   5.99394344226134  4.80095009870009
138   6.83122577816536  4.05793726657789
139   7.59513787454755  3.23652542430481
140   8.17795361929424  2.27848078052068
141   8.12325546116793  1.16405489370691
142   7.80142563951553 0.530168121081777
143   7.14029815481034  0.24293947417548
144   6.41998348753617 0.344404046997131
145   5.75168065948797 0.628817750210942
146   5.21042321291971 0.0386706659982586
147   5.06437526640291 -0.0163712244229132
148    4.9259507250293 0.0274098595515145
149   4.81157033703112  0.11548459430271
150    4.7150156370516 0.222053662288394
151   4.63016807634006  0.33774048816224
152   4.55288016278266 0.458137230020324
153   4.47991369024203 0.580485889615302
154   4.40871236844468   0.7029184118493
155   4.33740201106173 0.824186395653327
156    4.2647246666419 0.943481687847904
157   4.18991463176664  1.06030258337099
158   4.11256385135173    1.174358406507
159   4.03250564273812  1.28550129803935
160   3.94972475768636  1.39367726473015
161    3.8642932489996  1.49889067463062
162   3.77632741421015  1.60117898817532
163   3.68596070402512  1.70059521485346
164   3.59332779817447  1.79719631267867
165    3.4985561150901   1.8910359730727
166   3.40176200930041  1.98216049641088
167   3.30304973349551  2.07060677402187
168    3.2025119258746  2.15640161388791
169   3.10023084906319  2.23956186352453
170    2.9962799113211  2.32009498206041
171   2.89072522555244  2.39799982106109
172   2.78362707584025  2.47326747985216
173   2.67504123813411  2.54588216230998
174   2.56502014433111  2.61582199575784
175   2.45361389462516  2.68305980116946
176     2.340871133602  2.74756381363993
177   2.22683980671001  2.80929835805722
178   2.11156781208165  2.86822448815026
179   1.99510356097505  2.92430059616797
180   1.87749645710473  2.97748299978395
181   1.75879730271276  3.02772651169976
182   1.63905863744707  3.07498499550311
183   1.51833501430635  3.11921191025885
184   1.39668321585841   3.1603608447753
185   1.27416241301103  3.19838604127848
186   1.15083426804463  3.23324290714723
187   1.02676298334631  3.26488851230769
188  0.902015297206435  3.29328206909301
189  0.776660428218332  3.31838539067295
190  0.650769970157341  3.34016332367857
191  0.524417739714535  3.35858415034759
192  0.397679580071255  3.37361995540944
193  0.270633123987761  3.38524695301345
194   0.14335752080273   3.3934457692536
195  0.0159331324561537  3.39820167624482
196  -0.11155879568093  3.39950477423117
197  -0.239036482796761  3.39735011883104
198  -0.366417972596929  3.39173779122827
199  -0.493621498032826  3.38267290987898
200  -0.620565843409111  3.37016558310744
201  -0.747170696445718  3.35423080279203
202  -0.873356983000304  3.33488828017801
203  -0.999047177445015  3.31216222567634
204  -1.12416558212304  3.28608107528973
205  -1.24863856986144  3.25667716701977
206  -1.37239478415574  3.22398637121337
207  -1.49536529232762  3.18804767927059
208  -1.61748368764259  3.14890275542144
209  -1.73868613701541  3.10659545635316
210  -1.85891137146049  3.06117132333312
211   -1.9781006168412  3.01267705106408
212    -2.096197462645  2.96115993691868
213  -2.21314766645053  2.90666731332738
214  -2.32889889142907  2.84924596502411
215  -2.44340037345546  2.78894153169924
216  -2.55660251347047  2.72579789496828
217  -2.66845638905919  2.65985654731068
218  -2.77891317728732  2.59115593872097
219  -2.88792347851089  2.51973079524696
220  -2.99543652769891  2.44561140296725
221  -3.10139927784772  2.36882284980791
222  -3.20575533844843   2.2893842202888
223  -3.30844375257096  2.20730774448438
224  -3.40939760619414  2.12259791170934
225  -3.50854247999517  2.03525058658357
226  -3.60579479461978  1.94525220041374
227  -3.70106017978894  1.85257914800224
228  -3.79423211368558   1.7571976259721
229  -3.88519130328219  1.65906425618245
230  -3.97380659362319  1.55812802449549
231  -4.05993866130126  1.45433428545955
232  -4.14344845260855  1.34763178328057
233  -4.22421316221627  1.23798394202419
234  -4.30215358372363  1.12538589511694
235  -4.37727769645146   1.0098889661094
236  -4.44974585042059 0.891634862063225
237  -4.51996225039538 0.770902805875115
238  -4.58869389007731 0.648174951386694
239  -4.65720857824334 0.524228785712756
240  -4.72740467547557 0.400267510037458
241  -4.80188327098355 0.278098507750802
242  -4.88395607667093 0.160402341802084
243  -4.97788374912329 0.0514790872270017
244  -5.09001185479076 -0.0394897745562502
245   -5.2272276635263 -0.0869595403344155
246  -5.37468370594178 -0.0359487472283509
247  -5.93214711402617  0.53849059323232
248   -6.5971282139225 0.237234532511611
249  -7.32411194362663 0.148518121956248
250  -7.97351249813182  0.47922534702436
251  -8.30162757988772  1.12030181127402
252  -8.39132213409465  2.23888882596772
253  -7.83010121608649  3.20957854872353
254  -7.07223857257189   4.0375671403593
255  -6.22693247776634   4.7764237059151
256  -5.33518170241976  5.45940729532469
257  -4.39412325758756  6.07451180647669
258  -3.38922382713359   6.5795920011742
259  -2.32779102928372  6.95186559940537
260  -1.22109146742681  7.14895472359364
