// Id               X                Y
  1  -0.0836862763019083  1.51310522959194
  2  0.825229758004616  1.52441655062392
  3    1.7349751441974  1.51226198469691
  4   2.63956727403794  1.47136164562134
  5   3.54649042821457  1.39729249263045
  6   4.46136065650662  1.37860718839828
  7   5.36611199618324  1.50950473226038
  8   6.23876511465076  1.77857294031875
  9   7.09766559450733  2.08435967125931
 10   7.99728699399705  2.24119306916968
 11   8.86961696565035  1.95763538230005
 12   9.15418085102205  1.53239989600637
 13   9.17955945751974  1.02134171498509
 14   8.93378174448412 0.568741563206918
 15   8.50109165499563 0.287555376776573
 16   7.82938789416818 0.211889279174059
 17   7.14123178797001  0.30329327570515
 18   6.93400836559138 0.344293050880504
 19   6.85232245603355 0.361800664097815
 20    6.7972787516403 0.373996771660406
 21   6.74339332231238 0.386220745693517
 22   6.68287097583662  0.40028248841406
 23   6.61353420697655 0.416782206881953
 24   6.53505200563989 0.435926036274368
 25   6.44771266009189 0.457749353580864
 26   6.35201184873495 0.482205433987206
 27   6.24851200916067  0.50918328059283
 28    6.1377890048891 0.538514885625241
 29   6.02040682994385 0.569979072920082
 30   5.89690352932033 0.603306955248437
 31   5.76778295878466 0.638189341857847
 32   5.63351061434958 0.674285751012012
 33   5.49451270140831 0.711234324150509
 34   5.35117780386754 0.748661948740911
 35   5.20386052149818 0.786194024819686
 36   5.05288644921369 0.823463480191434
 37   4.89855790989303 0.860118803048595
 38   4.74115991357987  0.89583099416461
 39   4.58096588358934 0.930299433421975
 40    4.4182427528561 0.963256706020711
 41   4.25325508945413  0.99447244693741
 42   4.08626796516486  1.02375624664432
 43   3.91754834827073   1.0509596281238
 44   3.74736489615536  1.07597706826618
 45   3.57598615413385  1.09874601023199
 46   3.40367733001104  1.11924581044713
 47   3.23069598637935   1.1374955928978
 48   3.05728713615322  1.15355104394266
 49   2.88367830010822  1.16750026205668
 50   2.71007506265051   1.1794588595759
 51   2.53665754724912  1.18956457655877
 52   2.36357805856617  1.19797169513302
 53   2.19095995190538  1.20484553191373
 54   2.01889763516669  1.21035724292224
 55   1.84745750849592  1.21467911314429
 56    1.6766796052901  1.21798043559214
 57    1.5065797029614   1.2204240233849
 58   1.33715170479108  1.22216334903675
 59   1.16837013875833  1.22334026970044
 60   1.00019266392718  1.22408327464293
 61  0.832562513729418  1.22450617952369
 62  0.665410836227738  1.22470718861062
 63   0.49865891444984  1.22476824864737
 64  0.332220266421987  1.22475462485171
 65  0.166002636070912  1.22471463908721
 66  -9.01060010638993e-05  1.22467952159747
 67  -0.166156127735087  1.22466334011576
 68  -0.33229383957874  1.22466298318284
 69  -0.498600108391431  1.22465818780813
 70  -0.665168452277729  1.22461161498065
 71  -0.832087188420469    1.224468989806
 72  -0.999437508516153  1.22415933603004
 73  -1.16729146073229  1.22359534714844
 74  -1.33570982377712  1.22267394780542
 75  -1.50473986852019  1.22127710916683
 76  -1.67441301671709  1.21927298957025
 77  -1.84474242605024  1.21651747583385
 78  -2.01572055711339  1.21285619959211
 79   -2.1873168117103   1.2081270949667
 80  -2.35947537183445  1.20216354653491
 81  -2.53211341083521  1.19479814774897
 82  -2.70511988404013  1.18586704830583
 83  -2.87835512217465  1.17521481504584
 84  -3.05165143108009  1.16269966867585
 85  -3.22481483154717  1.14819889613851
 86  -3.39762794971428  1.13161418773658
 87  -3.56985390482084  1.11287662221623
 88  -3.74124086917554  1.09195103145114
 89   -3.9115268376477  1.06883952046669
 90  -4.08044407843365  1.04358398929918
 91   -4.2477227602811  1.01626758356945
 92  -4.41309335366316 0.987015071550378
 93  -4.57628755379114 0.955992192348386
 94  -4.73703763508701 0.923404036688353
 95  -4.89507429142226 0.889492511762952
 96  -5.05012313117969 0.854532914265615
 97   -5.2019000825025 0.818829603861298
 98  -5.35010603171203 0.782710746326779
 99   -5.4944210778022 0.746522093733996
100  -5.63449884520264 0.710619798509674
101   -5.7699613562335 0.675362325570045
102  -5.90039501838938 0.641101632775255
103  -6.02534832282616 0.608173926372461
104  -6.14433188377521 0.576890442392383
105  -6.25682152596033 0.547528814822062
106  -6.36226543986512 0.520325574785762
107  -6.46009758832553 0.495470043837373
108  -6.54976335039782 0.473098760347481
109  -6.63077556008413 0.453286881491347
110  -6.70285716240326  0.43602342193924
111   -6.7663506797008 0.421131545860374
112   -6.8234779306177 0.408005458316569
113  -6.88229637837385  0.39477876326087
114  -6.96858456624426 0.375939195788937
115  -7.17772489635037 0.333354046802063
116  -7.86473001064032 0.233681094962133
117   -8.5382829369575 0.293690495993305
118  -8.98114853586829 0.558825289127919
119  -9.24810203487843 0.998560523330386
120  -9.25100972293479  1.50895879392674
121  -8.99113969318837  1.94765596772857
122  -8.13490017493406  2.26715653488645
123   -7.2357653429087   2.1250320854074
124  -6.38202409720125  1.81522296138009
125  -5.51859462826601  1.53163329062172
126  -4.62168942881086  1.38338777793831
127  -3.71235816305427  1.39055744345047
128  -2.80998912635963   1.4673211152453
129  -1.90746577923557   1.5098871759823
130  -0.993803032252735  1.49844673229963
131  -0.0676350420035786  2.11998237137789
132  0.840202063258823  2.13429747439716
133   1.74795137545784  2.12228333852236
134    2.6547209528894  2.08110430957537
135   3.55910713222647  2.00895556625507
136   4.46561031098753  1.99228700177413
137   5.36356692534057  2.12440297569879
138   6.23483330584296   2.3934817757818
139   7.10127065044755  2.69494918222343
140   8.00948794500637  2.83041902388328
141   8.88405018800447  2.54462387944902
142   9.40381125650452  2.07858659864617
143   9.65512758289472  1.42636236279534
144   9.55095801089004  0.73431248500911
145   9.19358093056545 0.133215393463999
146   9.62877105448159 -0.405895468550248
147   9.67825964582835 -0.691882017498373
148    9.6081955802225 -0.966224348564104
149   9.47770240667852  -1.2177845956973
150   9.30749986319332  -1.4434040550068
151   9.10895486760329  -1.6416270022956
152   8.89006469472891 -1.81209544484621
153   8.65698312432755 -1.95543947002899
154   8.41462333377747 -2.07305460931705
155    8.1669221115028 -2.16687684357663
156   7.91698427656671 -2.23917278987831
157   7.66719264409117 -2.29236417215194
158   7.41931301423802 -2.32889164605209
159   7.17459777779812 -2.35111743664822
160   6.93388412795974 -2.36126208705753
161   6.69768259776156 -2.36136845361914
162    6.4662533837028 -2.35328576066875
163   6.23966973603914 -2.33866731847015
164   6.01786900688017 -2.31897678143633
165   5.80069268928395 -2.29549916564047
166   5.58791708056258 -2.26935403123694
167   5.37927622164669 -2.24150917945502
168   5.17447863636285 -2.21279391003169
169   4.97321921239623 -2.18391136801209
170   4.77518738268402 -2.15544982558672
171   4.58007260465087  -2.1278929385685
172   4.38756799630489 -2.10162912231261
173   4.19737286054194 -2.07696023294173
174   4.00919469401969 -2.05410973501778
175   3.82275111942812 -2.03323050233111
176   3.63777199653521 -2.01441235021723
177   3.45400177271983 -1.99768935087143
178   3.27120195915612 -1.98304694842424
179   3.08915350105826  -1.9704288713669
180   2.90765877431277 -1.95974383163729
181   2.72654298615391 -1.95087199366664
182   2.54565485801663 -1.94367118639683
183   2.36486658444445 -1.93798281634386
184   2.18407315695358 -1.93363742559287
185   2.00319119638384 -1.93045983221243
186   1.82215745028487 -1.92827379620315
187   1.64092709453115 -1.92690617109824
188   1.45947194578924 -1.92619052509649
189   1.27777865638389 -1.92597024011293
190   1.09584693316926 -1.92610111739171
191  0.913687800088135 -1.92645353165246
192  0.731321909954039 -1.92691418176512
193  0.548777902934784 -1.92738748587248
194  0.366090805286445 -1.92779666456936
195  0.183300460425826 -1.92808454901296
196  0.000449984248173333 -1.92821414305699
197  -0.182415763058145 -1.92816896051892
198  -0.365251696011385 -1.92795315089387
199  -0.548014020656755 -1.92759141929278
200  -0.73066175613251 -1.92712873899787
201  -0.913158268054691 -1.92662984762218
202  -1.09547282109361 -1.92617851028918
203  -1.27758215838599 -1.92587652550346
204    -1.459472115322 -1.92584244169961
205  -1.64113927416947 -1.92620994544483
206  -1.82259266300348 -1.92712587700533
207  -2.00385549614712 -1.92874782698593
208  -2.18496694212051 -1.93124127073825
209  -2.36598388730755  -1.9347762066075
210  -2.54698263842142 -1.93952328016192
211  -2.72806047581181 -1.94564939777924
212   -2.9093369378403 -1.95331285563829
213  -3.09095469362269 -1.96265802903598
214  -3.27307986044559 -1.97380967701807
215  -3.45590165528318 -1.98686691617071
216  -3.63963134141063 -2.00189690687611
217  -3.82450053093426 -2.01892828081479
218  -4.01075900569733 -2.03794432587854
219  -4.19867228671293 -2.05887593617164
220   -4.3885191849259 -2.08159432684567
221  -4.58058949114197 -2.10590349856565
222  -4.77518182152551 -2.13153240786291
223  -4.97260145524686  -2.1581267569152
224  -5.17315781353789 -2.18524026685231
225  -5.37716105521303 -2.21232525646641
226  -5.58491710735707 -2.23872233052182
227   -5.7967203026897 -2.26364900719765
228  -6.01284264240621 -2.28618720241213
229  -6.23351853293299 -2.30526966340857
230  -6.45892365537785 -2.31966573522821
231  -6.68914643382102 -2.32796728997288
232   -6.9241504154023 -2.32857629419763
233  -7.16372583856521 -2.31969637410018
234  -7.40742886310515 -2.29933187424023
235  -7.65450751507512 -2.26529923933918
236  -7.90381449083669  -2.2152568992445
237   -8.1537085350884 -2.14676082207998
238  -8.40194761201823 -2.05735287715293
239  -8.64557666595122 -1.94468725857067
240  -8.88080547611855 -1.80669580151869
241  -9.10284648463976 -1.64178707380157
242  -9.30561651433205 -1.44907190106387
243  -9.48107057609501 -1.22860525012452
244  -9.61759922838992 -0.981469104305356
245   -9.6939293929012 -0.710222437143033
246  -9.65001276235779 -0.425232130396367
247  -9.22716136929363 0.122810414731333
248  -9.60660435335192  0.71060950196779
249  -9.73662888771306  1.39916553667235
250  -9.51018593103864  2.06173195422141
251  -9.00504053659348  2.54515045728208
252  -8.13788992531108  2.85606654463799
253  -7.22754427914839  2.73471864313251
254  -6.36223354310752  2.42956831601864
255  -5.49524242216116  2.14605766995944
256  -4.59974390587954  1.99685867390242
257  -3.69284123955304  2.00263684561341
258  -2.78817570695942  2.07730209447052
259  -1.88096478150531  2.11868479783406
260  -0.973028515033681  2.10636165242454
