// Id               X                Y
  1  -0.100971937872297  10.1573824821283
  2  0.998207602134202  10.1081617949188
  3   2.05116935994138  9.79984939125457
  4   3.05753908881645  9.39676788897021
  5   3.98898359451848  8.82302683541315
  6   4.79607863376108  8.10109097816351
  7   5.44914222709411   7.2905177099596
  8   5.94535158396991  6.41937289834108
  9   6.42800060857235  5.48698915936923
 10   7.00079775006009  4.62131971186766
 11   7.65914949366953  3.81787502573721
 12   8.03495674680523  3.30746005529162
 13   8.32765252028248  2.74677674297787
 14   8.42953732127607  2.13426525680445
 15     8.258622493537  1.61472814196082
 16   7.65232306448703  1.22481530452149
 17   7.31665718510155   1.2123387661845
 18   7.20905611795541  1.23401116100901
 19   7.10710351932703  1.26671455594037
 20    7.0085323887261  1.31060037563194
 21   6.91390250624603  1.36518866043969
 22   6.82376774858652  1.43033751833675
 23   6.73826259048947  1.50601966875058
 24   6.65773777722643  1.59249182948502
 25   6.58251927133132  1.69007413383731
 26   6.51298030572805  1.79939971207162
 27   6.44941736787813  1.92156867814077
 28   6.39205774085898  2.05860974041815
 29   6.34123285447906  2.21366883408038
 30   6.28957167680258  2.43216579867162
 31   6.25232974383736  2.67512934685143
 32   6.22908624332552  2.93370306154059
 33   6.21640589170548  3.20381367283906
 34   6.20983923821014  3.48299064164367
 35   6.20467567295639  3.76962426157155
 36   6.19636255093559  4.06247184907793
 37   6.18075213491371  4.36034655758818
 38   6.15425128783154  4.66194662917468
 39   6.11390799082792  4.96579043893896
 40   6.05745024712851  5.27022614725533
 41   5.98328550108173  5.57348803372453
 42   5.89046667496439  5.87377588379119
 43   5.77863123473237  6.16933878810657
 44    5.6479206432356  6.45854987492046
 45   5.49888821452382  6.73996345954819
 46    5.3324033007124  7.01235055833944
 47   5.14955886330163  7.27471239000754
 48   4.95158815667627  7.52627411100058
 49   4.73979608671871  7.76646193801394
 50    4.5155137749525  7.99486781683924
 51   4.28005053606006  8.21124078316489
 52   4.03464216387775  8.41544522320304
 53   3.78043775049024  8.60736823730367
 54   3.51848725072488  8.78690728594469
 55   3.24975083271741  8.95394220409239
 56   2.97510540198648  9.10831566194532
 57   2.69535304397278  9.24982243325525
 58   2.41123086875303  9.37820806024099
 59   2.12341995953674  9.49317687669655
 60   1.83255140676936   9.5944079384003
 61    1.5392080837971  9.68157612426826
 62   1.24392201218592  9.75437469056484
 63  0.947168856126246  9.81253526294656
 64  0.649362863917895  9.85584200199975
 65  0.350856643856867  9.88413852831806
 66  0.0519496272502036  9.89732864200526
 67  -0.247093450883277  9.89537388792693
 68  -0.546016499685604   9.8782915016545
 69  -0.844544124956511  9.84615480854616
 70  -1.14235831187422  9.79909548900721
 71  -1.43908422014404  9.73730481227358
 72  -1.73428585349732  9.66103028532112
 73  -2.02746896171594  9.57056540145599
 74  -2.31808685399681  9.46623250678109
 75  -2.60554504768389  9.34836108100505
 76  -2.88920215523154  9.21726512414253
 77  -3.16836621731053  9.07322360994989
 78  -3.44228717881071  8.91646733340523
 79  -3.71014714435044  8.74717435110203
 80  -3.97105054782443   8.5654748978269
 81  -4.22401632152407  8.37146533519739
 82  -4.46797038804947  8.16523109628912
 83  -4.70173865067951  7.94687236528541
 84   -4.9240655727335  7.71652633530829
 85  -5.13363055536294  7.47447668961234
 86  -5.32910939807118  7.22115773637334
 87  -5.50921221495886  6.95718102699672
 88  -5.67273686843615  6.68336831131664
 89  -5.81864255765879  6.40077015388275
 90  -5.94613612617322  6.11066731756829
 91  -6.05476602059927  5.81455167948721
 92  -6.14451784586088  5.51408503858329
 93  -6.21590415667682  5.21103712498288
 94  -6.27004043046891   4.9072080401483
 95  -6.30869928165346  4.60434499240585
 96  -6.33433573609211  4.30406824931327
 97  -6.35007721637859  4.00782639063985
 98  -6.35967167213034  3.71690580646342
 99  -6.36738398533472  3.43252341981756
100  -6.37782067830292  3.15603464195576
101  -6.39563922827806  2.88929077420928
102   -6.4250511502806  2.63516434783294
103  -6.46898776641085  2.39806684223632
104  -6.51968517947318  2.21018070224092
105  -6.57304827506727  2.06102414571699
106  -6.63238103000884   1.9293440958448
107  -6.69762752332544  1.81172433649636
108  -6.76857518090818  1.70643410101886
109  -6.84491691396911  1.61253492423749
110   -6.9263084114866  1.52948716228657
111  -7.01242527906187  1.45696689090935
112  -7.10305632158177   1.3947675619387
113  -7.19806503932719  1.34285989779384
114  -7.29680596726972  1.30162028954913
115  -7.40131157333713  1.27075926648655
116  -7.73605911512271   1.2515168094771
117  -8.37691392939389  1.58035547148777
118  -8.58613921054826  2.08463407835265
119  -8.51269552364173  2.70580219562149
120  -8.23143978298395  3.27421396201423
121  -7.85858892091226  3.78506108576081
122  -7.19160325838136  4.58001279189562
123  -6.60787706176809  5.43040410029412
124  -6.11660931227722  6.35752535940519
125  -5.63066526451048  7.23149682449043
126  -4.99127623454464  8.02540890155704
127   -4.1996122594597  8.75979304925479
128   -3.2770243237031  9.35285446646466
129  -2.26178092829718  9.76090120673259
130  -1.18781490020463  9.98559558457347
131  -0.148596516985945  10.7361037617883
132  0.957976905725017  10.6856338369142
133    2.0280505985609  10.3854030916501
134   3.06538070038978  9.98001438521164
135   4.02526861281896  9.40960076886893
136    4.8887998649224  8.69979949017746
137   5.63588990775653  7.86979789197226
138   6.25478328275514  6.94410568715816
139    6.7942022736417  5.97511419156094
140   7.40730340710409  5.05573396868763
141   8.06814614106871  4.17109905762717
142   8.46638750337861  3.64425057907858
143   8.77043176202064  3.06081853003375
144   8.92250016052231  2.41825343977224
145   8.98195315138103  1.76692629230706
146   9.69589384841099  1.65956388802463
147   10.2523383040124  1.35496038958716
148   10.1776126523013 0.951202033153425
149    10.017898454673 0.575594415183604
150   9.80898509478936 0.230632415503382
151   9.55446581548177 -0.0769061535406094
152   9.25963656898207 -0.341152708024715
153   8.93290499369617 -0.559072810059208
154   8.58171809700373 -0.728060334483062
155   8.21311107137768 -0.845929415231902
156   7.83404867725027 -0.911031483991525
157   7.45143418447072 -0.921941871018134
158   7.07202199932137 -0.876013308275545
159   6.70271778911278 -0.764829492405528
160   6.35809438678267 -0.578009770967979
161   6.04335418526607 -0.333334914639572
162   5.76315422344981 -0.0478843642191292
163   5.52024064196324 0.266264545544615
164   5.31504610657512 0.599022500767558
165   5.14561327265929 0.941488237128955
166   5.00798923971581  1.28613608146767
167   4.89689865289262  1.62706790268152
168   4.80646476932935  1.96006339677581
169   4.73081773696778  2.28242399041493
170   4.66451765141497  2.59269104411998
171   4.60279045512605  2.89032527088361
172   4.54161380893845  3.17540872558575
173   4.47770156976215  3.44840021796143
174   4.40843059706072  3.70995185201934
175   4.33174252120065  3.96078148830939
176   4.24604226257053  4.20159252684422
177   4.15010883021433   4.4330427184101
178   4.04304129724567  4.65582686477043
179   3.92428814852839  4.87117255256497
180   3.79356562743092  5.08162619249269
181   3.64919834470353   5.2851216154265
182   3.48969118415293   5.4761610405177
183   3.31614837685798  5.65643753165369
184   3.12914340922611  5.82675756847786
185   2.92895083140926   5.9869424112021
186   2.71586783172442  6.13651133433656
187   2.49029846586226  6.27487486217628
188    2.2527794564303  6.40139436078726
189   2.00399510878079   6.5154202212534
190   1.74478772664166  6.61632612021955
191   1.47616286747806  6.70353988848363
192   1.19928778698269  6.77656835217024
193  0.915481862513985  6.83501311247788
194   0.62619883673189  6.87857543953706
195  0.333001859818147  6.90705097796504
196  0.0375330793966009  6.92031800375911
197  -0.258520254846577  6.91832517280649
198  -0.553461397633317  6.90108469536877
199  -0.845619935766707  6.86867421930694
200  -1.13338645285004  6.82124646548592
201  -1.41524450060165  6.75904190037044
202      -1.6897981042  6.68239820762276
203  -1.95579299880857  6.59175141576161
204  -2.21213024313693  6.48762629029626
205  -2.45787179417854  6.37061653924207
206  -2.69223874438455  6.24135737182418
207  -2.91460373520689  6.10049348573632
208   -3.1244790577068  5.94864436661711
209  -3.32149981084659  5.78636314113407
210  -3.50538825073163  5.61405307034221
211  -3.67581725285017  5.43165106164376
212  -3.83199030062442  5.23779692955606
213  -3.97319109454623  5.03218551637959
214  -4.10176227760071  4.82180581896657
215  -4.21853670375908  4.60547559153031
216  -4.32383855212031  4.38112263750879
217  -4.41834155077599  4.14783379086403
218  -4.50303616073801  3.90496686079458
219  -4.57923778957732  3.65186425719676
220  -4.64865644893732   3.3878282294615
221  -4.71349007948221  3.11217007035934
222  -4.77652479535937  2.82430352987978
223  -4.84122582069804  2.52388675739113
224  -4.91179467483525  2.21102105312403
225  -4.99315707801646  1.88650841463564
226  -5.09083641264769  1.55215414632148
227  -5.21066679368225  1.21107545105248
228  -5.35831862078609 0.867947134275538
229  -5.53865762206409 0.529097491574375
230  -5.75503567181141 0.202393880209899
231  -6.00870009439167 -0.103007822044951
232  -6.29856649931246 -0.376563196138487
233  -6.62144391247759 -0.604383222664017
234  -6.97488405795551 -0.76412859468912
235  -7.34697879044095 -0.852069111855557
236  -7.72741575434986 -0.880042396939881
237  -8.10929042334686 -0.852711684904245
238  -8.48573396654515 -0.771702235467967
239  -8.84977613063531 -0.638289631851963
240  -9.19436651712265 -0.454154597506975
241  -9.51221537184962 -0.22145628930176
242  -9.79503166679437 0.057491020937425
243  -10.0338955408044 0.379336239396824
244  -10.2257969633578 0.736770446537015
245  -10.3371892761596  1.12996629581147
246  -9.81240091122477  1.48552893341157
247  -9.11156283194013  1.65915897915904
248  -9.10134033768999  2.30903770007282
249  -8.99062181636605  2.95574845916354
250  -8.70433014398262  3.54573563900946
251   -8.3096900583388  4.07689151523043
252  -7.64591391145794  4.96003117479008
253  -7.02146448805221  5.87211984013697
254   -6.4801130392935  6.83889332429858
255  -5.87712832900558  7.77245898963703
256  -5.13590175391372   8.6028201112133
257  -4.29805354456761  9.33681331334142
258  -3.35715586379411  9.92914473229289
259  -2.32647876067226  10.3378993801746
260  -1.24415292855721  10.5696693939889
