// Id               X                Y
  1  -0.377414732015622  8.71893738212659
  2   0.67921091766713   8.6825764014993
  3   1.71214791520841  8.47887878534406
  4   2.69011176475001  8.10910247715131
  5   3.57669776310868  7.58403042178435
  6   4.33858847121952  6.92754153333904
  7   5.06446779232126   6.1329295893999
  8   5.82889334751698  5.38164546070046
  9   6.64937068941409  4.70285086693841
 10    7.4585315499653  4.04304500309938
 11   8.12775772179874  3.23384340415656
 12   8.25009215099645  2.69653755886894
 13   8.11412978943842  2.15878300930799
 14   7.69613702369701  1.80402305314195
 15   7.16364813436551  1.79418390463491
 16   6.62838976449163  2.25541758183558
 17   6.44532687625734  2.51119164262754
 18   6.35695669523972  2.65672481530678
 19   6.29498921815131  2.76817017911172
 20   6.23916090247254  2.87540565613075
 21   6.18681047422379  2.98190270682927
 22   6.13700208574699  3.08823580001465
 23   6.08922350875287  3.19468823645907
 24   6.04278884264482  3.30167186348361
 25   5.99719841729969  3.40983442830889
 26   5.95183226556749  3.51976294389473
 27   5.90628035873999  3.63203162586848
 28   5.86007931476441  3.74706905488774
 29   5.81287427785077  3.86523693169847
 30    5.7642842321144  3.98680173972622
 31   5.71395052959689  4.11198139526821
 32    5.6614871104969  4.24094963152834
 33   5.60648441872145  4.37385816024489
 34   5.54848934375713   4.5108466499743
 35   5.48699568706041  4.65205582644015
 36   5.42142858741845  4.79763798381588
 37     5.351128198551  4.94776628737789
 38   5.27533231507502   5.1026366563712
 39   5.19316675913426  5.26244508905461
 40   5.10366967629385  5.42729989692491
 41   5.00589573855237  5.59701804110367
 42   4.89910225332176  5.77086694423687
 43   4.78287328167063  5.94752591019289
 44   4.65706263722466  6.12537088606592
 45   4.52166980047048  6.30278601526569
 46   4.37676935084761  6.47830850664462
 47   4.22249217319687  6.65065515400403
 48   4.05902597356031  6.81870766957162
 49   3.88661798501335  6.98149161673547
 50   3.70557477334754  7.13815849699166
 51   3.51625868045984  7.28797194965654
 52   3.31908171718489   7.4302969742767
 53   3.11449788459261   7.5645909694508
 54   2.90299477464883  7.69039569552489
 55   2.68508512307392  7.80732960137818
 56   2.46129882023509  7.91508021960745
 57   2.23217573935372  8.01339652499937
 58   1.99825961457022  8.10208127959674
 59   1.76009309414226  8.18098346640558
 60   1.51821400669819  8.24999095445314
 61   1.27315281084266  8.30902355111683
 62   1.02543114896156  8.35802659269962
 63  0.775561392052653  8.39696520862829
 64  0.524047040514459  8.42581937388964
 65  0.271383832811175  8.44457984201437
 66  0.0180614069787433  8.45324502916172
 67  -0.235434643190255  8.45181889962142
 68  -0.488620476407236  8.44030988453472
 69  -0.741011635645186    8.418730848546
 70  -0.992120761990231  8.38710010283971
 71  -1.24145554855555  8.34544344686717
 72  -1.48851709139318  8.29379720430541
 73  -1.73279879222587  8.23221220084739
 74  -1.97378596347883  8.16075861204659
 75  -2.21095627785564  8.07953158889369
 76  -2.44378119036385  7.98865754814044
 77  -2.67172843750919  7.88830099578219
 78  -2.89426568321641  7.77867173924635
 79  -3.11086533072822  7.66003234223204
 80  -3.32101045161084  7.53270569331517
 81  -3.52420169541004  7.39708260473928
 82  -3.71996493600274  7.25362944210844
 83  -3.90785928346453  7.10289592096002
 84  -4.08748494345452  6.94552340484303
 85  -4.25849024195719   6.7822543100993
 86  -4.42057697049929  6.61394354753873
 87  -4.57350313357234  6.44157317935946
 88  -4.71708251550622  6.26627109459711
 89  -4.85118222592447  6.08933162669985
 90  -4.97572509074486  5.91222525198595
 91  -5.09071698469658  5.73655588789863
 92  -5.19633015367411  5.56388713217222
 93  -5.29302457586705  5.39542282791265
 94  -5.38157176402487  5.23177781413235
 95  -5.46290866467881  5.07307323559854
 96  -5.53796550261678  4.91918847498838
 97  -5.60758053977078  4.76993569772292
 98  -5.67248482539533  4.62513026065196
 99  -5.73331291225959  4.48460625105801
100  -5.79062160301799    4.348212887134
101  -5.84490399475959  4.21580301522377
102  -5.89660719182356  4.08722179145902
103  -5.94614250756002  3.96229105845205
104  -5.99390179404496  3.84079392060299
105  -6.04027160696991  3.72245499473019
106  -6.08564969436548   3.6069178620112
107   -6.1304665530684  3.49372359855257
108   -6.1752046275466  3.38229761612629
109  -6.22041104372228  3.27196617233581
110  -6.26669090027994  3.16203578813283
111  -6.31466546458532  3.05194671032829
112  -6.36494704040214  2.94135887878292
113  -6.41839801747898   2.8296298260328
114   -6.4775857377637  2.71318987610133
115  -6.56428703259012  2.55628387962352
116  -6.73514005975414  2.29203281737614
117  -7.23950808081564  1.79655913605642
118  -7.76584169587597  1.75638198963771
119  -8.21366560657689  2.05875776431258
120  -8.40282855421591  2.57205160205805
121  -8.32605855332437  3.11454838301288
122   -7.6888809214942  3.94667965335116
123  -6.94749784926794  4.55919617182886
124  -6.20305592617849  5.15767830175976
125  -5.51114427688407  5.81268664276487
126  -4.86180847884062  6.52905312506519
127  -4.18215389593575  7.23019477578874
128  -3.35936898770135  7.83024329213083
129  -2.42973757225769  8.28832866251499
130  -1.41271953444429  8.54955210859587
131  -0.0830414409722752  9.22499873813783
132   1.02722962050987  9.15779556086595
133    2.1099626209277   8.9106240984952
134   3.13546950656062  8.49033009281404
135    4.0702797397781  7.89991421528891
136   4.88186791599095  7.15262502309431
137   5.63126923929812  6.34729262024135
138   6.41179896610318  5.57257582424044
139   7.24753570058749  4.85091683766644
140   8.06842927149064  4.10101046274542
141   8.62695200239731  3.13628328222805
142   8.70955005282927  2.42643740404248
143   8.46019213990709  1.76232233724392
144   7.91355433999874  1.31663362243316
145   7.25810457031008  1.06632246401235
146   7.16963083358365 0.330736762177097
147   7.01444963719639 0.127079995454958
148   6.79525542272582 0.0296050655289551
149   6.56282601105997 -0.0115770494376072
150    6.3302749901819 -0.0173041246479697
151   6.10160614544989 0.00501134211007371
152   5.87918434373598 0.0528309576231917
153    5.6649114002807 0.124333316648596
154   5.46014693209485 0.216943865590264
155   5.26557679403084 0.327484590192767
156   5.08131566069152 0.452748763868302
157   4.90711195558617 0.589876895424973
158   4.74251887108043  0.73647361832574
159   4.58699975330039 0.890581230927397
160   4.43998219671622  1.05060452579364
161   4.30088278882051  1.21523226494556
162   4.16911722638913  1.38337109279155
163    4.0441045400942  1.55409419980006
164   3.92526971723088  1.72660252983976
165   3.81204676625383  1.90019516939719
166   3.70388273668601  2.07424573961767
167   3.60024197209051  2.24818207003139
168   3.50060757197906  2.42146697510508
169   3.40447132971679  2.59357885461068
170   3.31129173523257  2.76399311444108
171   3.22039394471312  2.93217025078054
172   3.13084446927812    3.097560344936
173   3.04145241631175  3.25962436526037
174   2.95095696483212  3.41785434631132
175   2.85822407356388  3.57177849968575
176   2.76233233770868  3.72095657246736
177   2.66257886838656  3.86497497743467
178   2.55845657884333  4.00344528926949
179   2.44962684680047  4.13600569697285
180   2.33589438668388  4.26232395162427
181   2.21718521954081  4.38210048970176
182   2.09352727057315  4.49507084141066
183   1.96503310410369  4.60100686056152
184   1.83188451726304  4.69971665006819
185   1.69431886623376   4.7910432805116
186   1.55261706294069  4.87486251517723
187   1.40709319012929  4.95107979027111
188   1.25808567253054  5.01962668757295
189   1.10594992880876  5.08045710757304
190  0.951052417601189   5.1335433217577
191  0.793765979748517  5.17887205956831
192  0.634466366007135  5.21644076797944
193    0.4735298251099  5.24625416641914
194  0.311331612463359  5.26832120417193
195  0.148245266850685  5.28265251031203
196  -0.0153575074925387  5.28925840780424
197  -0.17910652278341  5.28814754449387
198  -0.342632526741943  5.27932617505567
199  -0.505566533564299  5.26279810994967
200  -0.667539241660649  5.23856532994824
201  -0.828180711810032  5.20662924746847
202  -0.987120476786661  5.16699257836391
203  -1.14398824899223  5.11966176983771
204  -1.29841538558404  5.06464991198812
205  -1.45003726070531  5.00198004280088
206  -1.59849668203932  4.93168873983404
207  -1.74344847516369  4.85382987655484
208  -1.88456534575549  4.76847840635025
209  -2.02154511809295  4.67573402049972
210   -2.1541194390001  4.57572450558027
211  -2.28206402885158  4.46860860113521
212  -2.40521055601072  4.35457813678183
213  -2.52346021448378  4.23385922602475
214   -2.6367991146129  4.10671233860739
215  -2.74531568297114  3.97343119525907
216  -2.84922043050545  3.83434065280089
217  -2.94886861868412  3.68979407997138
218  -3.04478613635321  3.54017113789223
219  -3.13769692057769  3.38587726628157
220  -3.22854275606364  3.22734617041041
221  -3.31846692717586   3.0650451449193
222  -3.40870950919993  2.89947854909761
223  -3.50040501711634  2.73117987705968
224  -3.59442783369021  2.56069051654857
225  -3.69142469037278  2.38854161398886
226  -3.79193836230427  2.21525384462284
227  -3.89649386369138  2.04135191593267
228   -4.0056327203068  1.86738469871803
229  -4.11992100549347  1.69394648798341
230   -4.2399483868372  1.52169920510531
231   -4.3663253208895  1.35139735524016
232  -4.49968076084281  1.18391843380666
233  -4.64066055825363  1.02030208136645
234  -4.78992518948158 0.861801592123162
235  -4.94814300416727  0.70995069009694
236  -5.11597086081061 0.566644556097272
237   -5.2940071241926 0.434222300572913
238   -5.4826939753403 0.315510155946992
239  -5.68214726685303 0.213735143841024
240  -5.89193329473532 0.132183288738409
241   -6.1109184330733 0.0736160899647094
242  -6.33736723922058 0.0400103306740127
243  -6.56910459411844 0.0338715502175636
244  -6.80262250950471 0.0623716779428032
245  -7.02579396071462 0.146393165031676
246  -7.19173095607608 0.340039475655957
247   -7.3197704330002   1.0682229217286
248  -7.99297430392241  1.27216313642828
249  -8.57243285457544  1.67536732067976
250  -8.86637744836897  2.31990454046895
251  -8.80367804367162  3.03107304073217
252  -8.29322035759967  4.02125902749661
253  -7.50595330057433  4.80773182207974
254  -6.67186088699402  5.54008773784034
255   -5.8646442293807  6.30159589168885
256  -5.08472466725753  7.09325042237747
257  -4.24998271907938  7.83087722175404
258  -3.31097497147322  8.43289688305689
259  -2.27982646160495  8.86042479802347
260  -1.18881791696829  9.09544658261419
