// Id               X                Y
  1  -0.490761300495713  8.70174024769856
  2  0.608291676967308  8.66821226886724
  3   1.67658761177477  8.43644938310251
  4   2.67127222656324  8.02219638570854
  5   3.55649334507546  7.45406372208833
  6   4.30821964299539  6.76883542568377
  7   5.03005088135548  5.97330913217557
  8   5.76722532169572  5.20137088666213
  9   6.52521884334455  4.46718014418815
 10   7.25090252410906  3.78449183596348
 11   7.90622939371378  3.10824421946692
 12   8.22886291394606  2.66764285569759
 13   8.47223218189506  2.12851460243758
 14   8.48059203417339  1.48486859800964
 15   8.16954594090682  1.06166396321829
 16   7.70978840188114 0.944946227604264
 17   7.50771547575327  0.95990074916259
 18   7.35394127594544 0.995295369738626
 19    7.2340749328973  1.03723091057013
 20   7.13704429160865  1.08072970719384
 21   7.05407011872528  1.12505251155415
 22   6.97870992701721  1.17145762098028
 23    6.9066138707535  1.22163867046797
 24   6.83529603386245  1.27745930664387
 25   6.76337468453366   1.3404535824763
 26   6.69043445469613  1.41204884304114
 27   6.61659884097495  1.49333418843916
 28   6.54238852149357  1.58517836420692
 29   6.46848694526191  1.68819761321695
 30   6.39562072829789  1.80278157366549
 31   6.32444350858956  1.92909454276956
 32    6.2554479591863   2.0670924588698
 33   6.18889434220968  2.21655215944771
 34   6.12476232547539  2.37711415722743
 35   6.06272899994651  2.54833174578483
 36   6.00217350142142   2.7297166684891
 37   5.94220433581557  2.92077200051893
 38   5.88170277266502  3.12100641101054
 39   5.81937513518611  3.32992886912425
 40   5.75380805086858  3.54702746793277
 41   5.68352259910167   3.7717391552595
 42    5.6070248167206  4.00341822492148
 43   5.52285083229711  4.24131046143321
 44   5.42960524036573  4.48453734973486
 45   5.32599169537722  4.73209162238374
 46   5.21083542973523  4.98284261971635
 47   5.08309841897758  5.23554827494215
 48   4.94188886571615  5.48887028332749
 49   4.78646716455583  5.74138987856967
 50   4.61625037688462  5.99162298646528
 51    4.4308166031394  6.23803473292439
 52   4.22990977832524  6.47905398584471
 53   4.01344462991116  6.71308875169158
 54   3.78151101801759  6.93854298054669
 55   3.53437668582668  7.15383488192964
 56   3.27248753985361  7.35741641172593
 57    2.9964648575136  7.54779327746162
 58   2.70709917510682  7.72354466869127
 59   2.40534095213251  7.88334193932799
 60   2.09228837724788  8.02596560594541
 61    1.7691728487121  8.15032022663707
 62   1.43734272608308  8.25544693927821
 63   1.09824592683667  8.34053362850352
 64  0.753411857377276  8.40492283468253
 65  0.404433050429596  8.44811760653723
 66  0.0529467547639094  8.46978553304928
 67  -0.299383392206204  8.46976117770467
 68  -0.650885569971597   8.4480470898783
 69  -0.99989787924259  8.40481349616888
 70  -1.34478638913924  8.34039669049947
 71  -1.68396315751342  8.25529605718406
 72  -2.01590420480804  8.15016958722765
 73  -2.33916734020697  8.02582769636298
 74  -2.65240963330554  7.88322513519345
 75  -2.95440420782726  7.72345080768371
 76  -3.24405592411739  7.54771539130131
 77  -3.52041543721358   7.3573367813294
 78  -3.78269109267454  7.15372355458127
 79   -4.0302581763026  6.93835684288177
 80  -4.26266518070262  6.71277118998508
 81  -4.47963698856968  6.47853509240306
 82  -4.68107517265595  6.23723194749335
 83  -4.86705592010642  5.99044201422765
 84  -5.03782632300387  5.73972572541542
 85  -5.19379984315139  5.48660831622138
 86  -5.33555157555099  5.23256535794932
 87  -5.46381347011978  4.97900857272788
 88   -5.5794689835283  4.72727143634141
 89  -5.68354589178696  4.47859466766349
 90  -5.77720545023639  4.23411269083582
 91   -5.8617259799477  3.99484322745323
 92  -5.93847938597932  3.76168281619563
 93  -6.00889994724761  3.53541075607861
 94  -6.07444566152181  3.31670250362306
 95  -6.13655320234021  3.10615117734042
 96  -6.19658809379407  2.90429322290825
 97  -6.25579225757172  2.71163233765842
 98  -6.31523194933006  2.52865518033734
 99  -6.37575036315467  2.35583357389528
100  -6.43793047181071  2.19361072289837
101   -6.5020742454454  2.04237273748127
102  -6.56820359212305  1.90241030702916
103  -6.63608621178667  1.77387730970613
104  -6.70528708178834  1.65675244620171
105  -6.77524520217445  1.55080663516357
106  -6.84537689780879  1.45557425287788
107  -6.91521132793339  1.37032272123508
108  -6.98456904291965  1.29401493797818
109  -7.05379790140843   1.2252644676512
110  -7.12408079526422  1.16229645357079
111  -7.19782461252945  1.10295456909296
112  -7.27912023600666  1.04485304545034
113  -7.37420828101666 0.985883493684619
114  -7.49182774696298 0.925420367996224
115  -7.64360537808145 0.866628326303107
116  -7.84579563259421 0.820911429070057
117  -8.32098680639306  0.86480438141536
118  -8.68923608410809  1.23425847448657
119  -8.76311601759794  1.85707794911975
120   -8.5870059212302  2.39083453231949
121  -8.30125132065568  2.84656601694249
122  -7.67041705764193    3.535720007486
123  -6.98335926242827  4.18423716120666
124  -6.28354310489203  4.84586704536384
125  -5.61052510595323  5.54412757383036
126  -4.97948978664356  6.26857620064764
127   -4.3233824796855  7.00656262894174
128  -3.52376404512227  7.65731809212238
129  -2.59828529486881  8.17830233863144
130  -1.55097798710186  8.48810401122478
131  -0.181715745906615  9.19437022429545
132  0.936468356391396  9.14994488436822
133   2.02272703856981  8.90498541808852
134   3.04239357287891  8.46917011159993
135   3.96506134201449  7.86150929086173
136    4.7783293385934   7.1199457307569
137   5.53303056955042  6.32399034979684
138   6.28926620034995   5.5309864137951
139   7.07054031971534  4.75820693409563
140   7.84188989400413  3.96615259285889
141   8.50040869626976  3.06667771692146
142   8.76221789318907  2.39489426726517
143   8.83831468867058  1.67674218028786
144   8.70216176951723 0.968967408046772
145   8.37312541217636  0.33354945782098
146   7.85618645393915 -0.21826688181425
147   7.64039700953583 -0.341801221950743
148   7.40867428341255 -0.431519150697593
149   7.16633771799959 -0.485330955648295
150   6.91899515433277 -0.502620720796146
151   6.67215505383965 -0.484233293968759
152   6.43078284016259 -0.432322294004048
153   6.19890572369445 -0.350012400846771
154   5.97944350347118 -0.240967531983711
155   5.77425262307822 -0.109004008960764
156   5.58426939913939 0.0421991724996278
157    5.4096981797375 0.209281492500382
158   5.25020416744256 0.389281429032165
159   5.10507482336292 0.579649074413445
160   4.97334027272279 0.778222024522522
161    4.8538580062245 0.983184667510198
162   4.74537061743209  1.19302256864144
163   4.64654491714781  1.40647797874175
164   4.55599912169728  1.62250903228024
165   4.47232295099219  1.84025339949918
166   4.39409386851977  2.05899633998884
167   4.31989145302211  2.27814276161615
168   4.24831096137296  2.49719272844155
169    4.1779764632353  2.71571975861457
170   4.10755347780629  2.93335118169582
171   4.03576082535764  3.14974981594353
172    3.9613814139405  3.36459634150037
173   3.88327186043123  3.57757203866595
174   3.80037108650909  3.78834202455614
175   3.71170820319852   3.9965396519028
176   3.61641000768584  4.20175314854275
177   3.51370825329133  4.40351570107555
178   3.40294659381028  4.60129995440421
179   3.28358686098898  4.79451739084156
180   3.15521419843583  4.98252244698816
181    3.0175405765741  5.16462070497042
182   2.87040632568696  5.34008016597748
183   2.71377949528054  5.50814449749096
184   2.54775302736026  5.66804719768254
185   2.37253988527662  5.81902577522288
186   2.18846639374586  5.96033524109733
187   1.99596411787621  6.09126041085083
188   1.79556064439688  6.21112669959789
189   1.58786963331853  6.31930924978357
190   1.37358048882992  6.41524036161626
191   1.15344795914942   6.4984152993593
192  0.928281920509891  6.56839662450942
193  0.698937534734534  6.62481726006966
194  0.466305897687034  6.66738251916211
195  0.231305222430439  6.69587133695179
196  -0.00512746847022636  6.71013692889139
197  -0.242044227392542  6.71010706330619
198   -0.4784937756925  6.69578408600108
199  -0.713528970500789  6.66724477340004
200  -0.946214319119586  6.62464002379263
201    -1.175633708155  6.56819432889141
202  -1.40089848802634  6.49820490541128
203  -1.62115601005662  6.41504031379756
204  -1.83559865597302  6.31913835305246
205  -2.04347333232151   6.2110030005896
206  -2.24409132973555  6.09120016703112
207  -2.43683837429518  5.96035205979022
208  -2.62118463051294  5.81912999735418
209  -2.79669435775254  5.66824558920768
210  -2.96303487891036  5.50844029509693
211  -3.11998449687429  5.34047350265643
212  -3.26743899610094  5.16510941444966
213  -3.40541639993868  4.98310321161399
214  -3.53405972561924  4.79518715246709
215  -3.65363759268583  4.60205745003604
216  -3.76454269520491  4.40436291607071
217  -3.86728832939808  4.20269640883109
218  -3.96250334545519  3.99759002134025
219  -4.05092601906903  3.78951465957215
220  -4.13339736612571  3.57888420334934
221  -4.21085432636726   3.3660639099326
222  -4.28432303875964  3.15138226724274
223   -4.3549121949567  2.93514528812878
224   -4.4238062842962   2.7176523382965
225  -4.49225850365583  2.49921296324312
226  -4.56158319726022  2.28016468018831
227  -4.63314783907517  2.06089216754682
228  -4.70836465774342  1.84184861257325
229  -4.78868192260235  1.62358014626239
230  -4.87557458610389  1.40675433885617
231  -4.97053337140016  1.19219369113432
232  -5.07505046966057 0.980914933611248
233  -5.19059872496163 0.774174641192382
234  -5.31859950399268 0.573520934088438
235  -5.46037246129078    0.380849401617
236  -5.61705854553148 0.198458172595443
237  -5.78950694165145 0.0290915516141604
238  -5.97811928119989 -0.124046345910649
239   -6.1826533995792 -0.257335588938839
240  -6.40200711020992 -0.36687535513451
241  -6.63402988219021 -0.448736863658263
242  -6.87543859803752 -0.499332481026536
243  -7.12191843617735 -0.515843099771134
244  -7.36842801382776 -0.496587028891215
245  -7.60958250139769 -0.44123299177897
246  -7.83998591739866 -0.350890482258749
247  -8.43179148698197  0.11704905069755
248  -8.84784831918121 0.697788207453371
249  -9.07444709560384  1.38096674584426
250  -9.07667226697606  2.10276198516105
251  -8.87097688275967   2.7937710565226
252  -8.25792387270242  3.72442915068216
253   -7.4967794983612  4.52843666823936
254  -6.70535715201551  5.29599660666169
255  -5.92366804210574  6.07534567392067
256  -5.14116009012786  6.86303540806179
257  -4.31076319283362  7.61303103645164
258   -3.3896146714985  8.25226044791938
259  -2.37498934201919  8.73492306630457
260  -1.29593131170628  9.04547723060468
