// Id               X                Y
  1  -0.0888308817028362  2.78456433032576
  2   1.01313261236874  2.72104457720591
  3   2.07978989016934  2.55296272120407
  4   3.09367999481137  2.33767133001517
  5    4.0494566236415  2.18627947320137
  6   4.99401811197033  2.06930106890658
  7   5.93165077616549  1.97458714663761
  8   6.86049926317986  1.87739538856127
  9   7.76943684569236  1.71585030356642
 10   8.62399451020678  1.40698856008038
 11   9.36378884552309 0.879458614366108
 12   9.64255760358104 0.454917578695984
 13   9.75719223266075 -0.056375995560798
 14   9.60540840074851 -0.580797357247527
 15   9.18727358668999 -0.894687333832358
 16   8.51229727816091 -0.803092667177457
 17   7.85395343395407 -0.451196447353438
 18   7.72309061093373 -0.380643014732027
 19   7.62988215306012 -0.330689753899432
 20   7.55508479623016 -0.290877981709731
 21   7.48789015082923 -0.255341902070973
 22   7.42143662925946 -0.220406782314777
 23   7.35204479553787 -0.184129206067019
 24   7.27759280104377 -0.145400294099344
 25   7.19666654701859 -0.103475811766901
 26   7.10824201755758 -0.0577915492456904
 27   7.01162557137722 -0.00791509915832478
 28   6.90649738083544 0.0464446603609674
 29   6.79295586325418 0.105416669172674
 30     6.671495601645 0.168963667649153
 31   6.54290110913319 0.236903952850757
 32   6.40809110353467 0.308949725106494
 33    6.2679699512099 0.384745788328475
 34   6.12332610548129 0.463897805078536
 35   5.97478550423953 0.545988783218108
 36   5.82280645311663 0.630588011049856
 37   5.66769764439544 0.717256957870063
 38   5.50964544752063  0.80555452550848
 39   5.34874267255528  0.89504208557065
 40   5.18501524861323 0.985287871730695
 41   5.01844545107775  1.07587028412086
 42   4.84899124712553  1.16637999062649
 43   4.67660171196307  1.25642101589955
 44   4.50122867503347  1.34561115341358
 45   4.32283492297245  1.43358202724802
 46   4.14139943208259  1.51997903652013
 47   3.95692020595434  1.60446130526663
 48   3.76941533279554  1.68670167720553
 49   3.57892284745849  1.76638675205382
 50   3.38549989767414  1.84321695120813
 51    3.1892215958437  1.91690661016924
 52   2.99017981205918  1.98718410842973
 53    2.7884820510312   2.0537920555459
 54   2.58425046724222  2.11648755184707
 55   2.37762101270012  2.17504253511169
 56   2.16874267790379  2.22924421388792
 57   1.95777677352897  2.27889557730006
 58   1.74489620140017  2.32381596251481
 59    1.5302846725858  2.36384165566335
 60   1.31413584326219   2.3988265000152
 61   1.09665235212481  2.42864248601469
 62  0.878044754676472  2.45318030055799
 63  0.658530358814185  2.47234981672266
 64  0.438331972609819  2.48608050931192
 65  0.217676579326863  2.49432178550449
 66  -0.00320604294106182  2.49704322329704
 67   -0.2240847385006  2.49423471318765
 68  -0.444728409221618  2.48590650073966
 69  -0.66490744858668  2.47208912947062
 70  -0.884395155592807  2.45283328518196
 71  -1.10296910960845  2.42820954465689
 72  -1.32041248775536  2.39830803385417
 73   -1.5365153075706  2.36323800348881
 74  -1.75107558014173  2.32312733327025
 75  -1.96390036318915  2.27812197994104
 76  -2.17480671021551  2.22838538829786
 77  -2.38362252112947  2.17409788802597
 78   -2.5901873114935  2.11545610168504
 79  -2.79435293081861  2.05267238967357
 80   -2.9959842731625  1.98597435565276
 81  -3.19496003237662   1.9156044302431
 82  -3.39117355491877  1.84181954203131
 83  -3.58453382916583  1.76489087431687
 84  -3.77496661510159   1.6851036960938
 85  -3.96241565664972  1.60275724995635
 86  -4.14684382869144  1.51816468125667
 87  -4.32823395597154  1.43165300315888
 88  -4.50658891388737  1.34356310788779
 89  -4.68193050205694  1.25424984572203
 90  -4.85429649601969  1.16408218461544
 91  -5.02373525405274  1.07344341834436
 92  -5.19029729826229 0.982731302058027
 93   -5.3540233987312 0.892357874102818
 94  -5.51492884817648 0.802748614729139
 95  -5.67298380380253 0.714340565137068
 96  -5.82808981347906 0.627579154239747
 97  -5.98005307182278 0.542913767474729
 98  -6.12855593650443 0.460792408028994
 99  -6.27313045029323 0.381655794849615
100   -6.4131417867784 0.305930422912216
101  -6.54779534455936 0.234018283228557
102  -6.67618521158602 0.166279031243476
103  -6.79739635285322 0.103000931261217
104   -6.9106515669684 0.0443625094337803
105  -7.01546343265567 -0.00960433772255788
106  -7.11173681375689 -0.059033102807452
107  -7.19978726080156 -0.104219711063837
108  -7.28030468151659 -0.145591649622882
109  -7.35430910057251 -0.183733384412685
110  -7.42325962671619 -0.219373193245415
111  -7.48925427153304 -0.253659882774762
112   -7.5558993838248 -0.288401913570894
113   -7.6299204528062 -0.327197816345759
114   -7.7220230451582 -0.375681688975204
115  -7.85158461724122 -0.444090239983231
116  -8.51172037618849  -0.7858102528404
117  -9.18832425496383 -0.863104698205411
118  -9.59864298846623 -0.536433488327188
119   -9.7326272499041 -0.00285533925213832
120  -9.59786248288282 0.505725048538433
121  -9.30274002233032 0.921022085737073
122  -8.54543179395973   1.4261611287162
123  -7.68148601787411  1.71486992128239
124  -6.76635470175111  1.85959531253909
125  -5.83200427093288  1.94229432654896
126  -4.89073448800018  2.02392531996078
127  -3.95480873603534    2.137078204026
128  -3.03848008288369  2.30604004384488
129   -2.1349349114988  2.52572398260929
130  -1.09392191589632  2.65433240723952
131  0.314227227021592  3.20787266106034
132    1.3784026672745   3.1736841537143
133   2.33445989004199    3.073340081689
134   3.25574926827136  2.93425525057603
135   4.18096674811168  2.79448358626907
136   5.11762584103833  2.67826663468887
137   6.07150406239809  2.57840969785412
138   7.09908107283828  2.44959031738261
139   8.13914441155182  2.21505193746898
140   9.12702249308666  1.75993285079912
141   9.89578683494812 0.982664025916994
142   10.1522685250232 0.328063946402999
143   10.1678236355546 -0.36971707579991
144    9.9473999990141 -1.01954332650868
145   9.54055304761478 -1.56377806719002
146   8.97618641627859 -1.99598811555269
147   8.87430615347025 -2.04890233270696
148   8.64487003184955 -2.14653091738353
149   8.40474746502685 -2.22068805981116
150   8.15756323973842 -2.27076865545113
151   7.90728881225506 -2.29710492424907
152   7.65787274576683   -2.301034915355
153   7.41237095266557 -2.28473280171972
154   7.17298413137596 -2.25082807330515
155   6.94121064989347 -2.20212847182835
156   6.71796377522585 -2.14142483621634
157   6.50365082154523 -2.07134020644411
158    6.2982317144971 -1.99420928634378
159    6.1012796203565 -1.91199383981436
160   5.91206327727646  -1.8262478305339
161   5.72965489216119 -1.73813863789405
162    5.5530469096661 -1.64851273875144
163   5.38125186335404 -1.55798058311093
164   5.21336799147299 -1.46699608932159
165   5.04860930293472  -1.3759174290364
166   4.88630966037981 -1.28504730462028
167    4.7259125841278 -1.19465697208993
168   4.56695548817699 -1.10499935860295
169   4.40905322019679 -1.01631550278076
170   4.25188306957902 -0.928837135363989
171   4.09517198831036 -0.842787186923022
172   3.93868616792554 -0.758379364760403
173   3.78222289188671 -0.675817527283647
174   3.62560448696426 -0.595295284680429
175   3.46867413005472 -0.516996020071741
176   3.31129320808229 -0.441093346524632
177    3.1533398874627 -0.367751896432972
178   2.99470853827753 -0.29712828142159
179    2.8353096809596 -0.229372054654795
180   2.67507017438539 -0.164626537425577
181   2.51393343194841 -0.10302941991927
182   2.35185952315466 -0.0447130962669724
183   2.18882508177451 0.0101952640962045
184   2.02482299128474 0.0615738779317491
185   1.85986185234136 0.109306696176317
186   1.69396525667577 0.153283887251121
187   1.52717090018113 0.193402407078826
188    1.3595295686127 0.229566613677771
189   1.19110402550677 0.261688892096783
190   1.02196782616489 0.289690263077622
191  0.852204075596915 0.313500955315073
192  0.681904143202691 0.333060926247304
193  0.511166343166058 0.348320320045956
194  0.340094587108286 0.359239854170195
195  0.168797014309887 0.365791127840137
196  -0.00261539556433558 0.367956847377374
197  -0.174030222178468 0.365730964779713
198  -0.345335011326206  0.35911872727707
199  -0.516418683249089 0.348136637009227
200  -0.687172936880922 0.332812321374381
201  -0.857493644602635 0.313184316003057
202  -1.02728223233521 0.289301763717048
203  -1.19644703986312 0.261224034294492
204  -1.36490465583147 0.229020271519174
205   -1.5325812205247 0.192768876078437
206  -1.69941368698935 0.152556935703026
207  -1.86535102712523 0.108479617858176
208  -2.03035536412967 0.060639545582084
209  -2.19440300663842 0.0091461838087285
210  -2.35748535414938 -0.0458847286015322
211  -2.51960963965411 -0.10433165779308
212  -2.68079947645553 -0.166067614899587
213  -2.84109518522736 -0.230960304792828
214  -3.00055389805689 -0.298872036535579
215  -3.15924947153441 -0.369659364856673
216  -3.31727229210136 -0.443172461956157
217  -3.47472912170832 -0.519254262188792
218   -3.6317432037358 -0.597739473594392
219  -3.78845491700002 -0.678453598855737
220  -3.94502331587995 -0.761212137670154
221  -4.10162891493395 -0.845820133806657
222  -4.25847806076021 -0.932072166747228
223  -4.41580918559249  -1.0197527605818
224  -4.57390116719591 -1.10863699169818
225  -4.73308393590663  -1.1984908256971
226  -4.89375135096349 -1.28907039508589
227  -5.05637611618265 -1.38011899693006
228  -5.22152587651164 -1.47135993678837
229  -5.38987821042908 -1.56248233562212
230  -5.56222957704883 -1.65311568797351
231  -5.73948960151837 -1.74278801367251
232  -5.92264937061682 -1.83086378329666
233  -6.11271477754832 -1.91646399421865
234  -6.31060666069027 -1.99838209308485
235  -6.51704473620136 -2.07502006799398
236  -6.73243999170039 -2.14436918834101
237  -6.95681102162674 -2.20404633588703
238  -7.18971927636654 -2.25137961567469
239  -7.43020171358548 -2.28353059754753
240  -7.67668554892831 -2.29765108541035
241  -7.92689757307942 -2.29108667307765
242  -8.17774175523988 -2.26165036179243
243  -8.42522678856525 -2.20800016097451
244  -8.66533184121989 -2.12980272913225
245  -8.89431804249479 -2.02769237379422
246  -9.00079547863163 -1.96968762308419
247  -9.55536546810998 -1.52390711597484
248  -9.94786955803409 -0.967582793167305
249  -10.1488081343958 -0.309872825758441
250  -10.1108362895206 0.388537582396012
251  -9.83305165699749  1.03595578206311
252  -9.03997981572452  1.79141622769607
253  -8.03924091721068  2.22271200874772
254  -6.99096073650892  2.43734194658073
255  -5.94937279359779  2.55096937081123
256  -4.94305286306424  2.64286785942817
257  -3.93737792441574  2.75721318316897
258  -2.89295703443655  2.90397271869671
259   -1.8290876407471  3.05118105595532
260  -0.757473617706595  3.16020727097673
