// Id               X                Y
  1  -0.0521403010683522  3.87584852118504
  2  0.898972766008696  3.82327581679684
  3   1.83032017001442   3.6808805581687
  4   2.74305849253781  3.45086498935594
  5   3.65644210059205   3.2513359031787
  6   4.58692036162615  3.17363418133705
  7   5.51945272274396  3.21476426461487
  8   6.44992671915723  3.27541754588867
  9   7.37088206487954  3.16748086047524
 10   8.13726974964743  2.65247027747114
 11   8.28676712599822  1.75136469173315
 12   7.99443146336088  1.31925187481706
 13   7.52444441752871   1.0806011548846
 14   6.99222771633086  1.05714385413721
 15   6.49193335777587  1.20785037319332
 16   5.91535984585606  1.58712043212652
 17   5.81737716863911  1.65220441312182
 18   5.71988750738227  1.71668061382747
 19   5.62233810233787  1.78061592885272
 20   5.52429494631105  1.84394744679393
 21   5.42552480515085  1.90670761973183
 22   5.32579127734316  1.96879389320183
 23    5.2249997670513  2.03024059724915
 24   5.12302116021697   2.0909581276904
 25   5.01982855436286  2.15096925461502
 26   4.91536922516254  2.21020611505714
 27   4.80965349636537  2.26867139962757
 28   4.70267865774086  2.32631474762808
 29   4.59447456540212  2.38312239732707
 30   4.48506541498051  2.43905420640259
 31   4.37448918821992  2.49408583232488
 32   4.26278117746652  2.54818143849059
 33   4.14998080936575  2.60131044265748
 34    4.0361254740375  2.65343732815505
 35   3.92125275507759  2.70452784463676
 36   3.80539821317885  2.75454520961357
 37   3.68859626091692  2.80345254078143
 38   3.57087962365615  2.85121181846506
 39   3.45227961579955  2.89778446355617
 40    3.3328262936857  2.94313150546931
 41   3.21254868835888  2.98721386262447
 42   3.09147494001369  3.02999231480903
 43   2.96963264879729  3.07142806887624
 44   2.84704900843212  3.11148275603515
 45   2.72375099101585  3.15011858516145
 46   2.59976559921979  3.18729877998048
 47   2.47511993358785  3.22298749843134
 48   2.34984133735711  3.25715003656903
 49   2.22395754298648  3.28975313614995
 50   2.09749667349231  3.32076482503409
 51   1.97048734555091  3.35015467957821
 52   1.84295871735139  3.37789395958338
 53   1.71494045738076  3.40395543848366
 54   1.58646280596185  3.42831369703588
 55   1.45755655122775  3.45094508307399
 56    1.3282529928067  3.47182760462983
 57    1.1985839628116  3.49094120550528
 58   1.06858176234076  3.50826758409381
 59   0.93827913205741  3.52379020387711
 60  0.807709236051883  3.53749448763095
 61  0.676905588784007  3.54936756632913
 62  0.545902029212992  3.55939841902449
 63  0.414732676929652  3.56757793293206
 64  0.283431868950883  3.57389867445264
 65  0.152034127130922  3.57835511924531
 66  0.0205741017892036  3.58094356174134
 67  -0.110913477576983  3.58166199239236
 68  -0.242393848037745  3.58051033973769
 69  -0.373832265848735  3.57749026227573
 70  -0.50519405079765  3.57260517686286
 71  -0.63644464108125  3.56586042546121
 72  -0.767549631729307  3.55726302269341
 73  -0.898474826288976  3.54682182304236
 74  -1.02918628688805  3.53454754963635
 75  -1.15965035802091  3.52045258278289
 76  -1.28983372920104  3.50455120103524
 77  -1.41970346210065  3.48685945521788
 78  -1.54922700685968  3.46739506096115
 79  -1.67837226350989  3.44617762071155
 80  -1.80710757023329  3.42322837146751
 81  -1.93540171819008  3.39857019853722
 82  -2.06322398446583  3.37222774900077
 83  -2.19054407072325  3.34422710783622
 84  -2.31733211126894  3.31459590120859
 85  -2.44355864202173  3.28336323965994
 86  -2.56919448331024  3.25055937857606
 87  -2.69421072020179  3.21621584661749
 88  -2.81857857345875  3.18036519582621
 89  -2.94226922366773  3.14304068683755
 90  -3.06525373421408  3.10427637317357
 91  -3.18750280505069  3.06410667583621
 92  -3.30898654553348  3.02256611815331
 93  -3.42967432545714  2.97968932351399
 94  -3.54953443189844  2.93551047222701
 95  -3.66853383616656  2.89006311277568
 96  -3.78663802285458   2.8433800870188
 97  -3.90381066119578  2.79549296901482
 98  -4.02001351777017  2.74643200498623
 99   -4.1352064700135  2.69622605028723
100  -4.24934749482712  2.64490212036887
101  -4.36239310916293   2.5924855330955
102  -4.47429906990755   2.5389999735373
103  -4.58502130929353  2.48446725172193
104  -4.69451764003972  2.42890766372731
105  -4.80275000631343  2.37234022189159
106  -4.90968727936738  2.31478258643596
107  -5.01530909466096  2.25625157090005
108  -5.11961039500658  2.19676358515953
109  -5.22260651156437  2.13633490864395
110  -5.32433918342641  2.07498274997269
111  -5.42488338689708  2.01272660732099
112  -5.52435564254412  1.94958926098275
113  -5.62292690591475  1.88559664844321
114  -5.72084616406308   1.8207721173008
115  -5.81848404756019  1.75511766951677
116  -5.91638663074701   1.6885892388602
117  -6.48618485907468  1.29586948863233
118  -6.97916761280165  1.12285176012101
119  -7.51162973537703   1.1085952516307
120  -8.00257135675488   1.3001960517831
121  -8.34340061842369  1.69434646961213
122  -8.31043385950336   2.6053530029611
123  -7.59244733867768  3.18435785138014
124  -6.67694715393241  3.32808151376272
125  -5.74710416793093  3.27070212294072
126  -4.81592476722361  3.21159861922217
127  -3.88422774033463  3.26345865348474
128  -2.96718841227108   3.4420039522053
129  -2.06180010895403  3.67222436994596
130  -1.04709362763981  3.79937042667376
131  -0.108810415147626  4.46479360003263
132   0.87424228207164  4.42818916963174
133   1.84468269628542  4.28292963091071
134   2.79744306622071   4.0569664233557
135   3.74476570582585  3.85668640231825
136   4.70804572818957  3.77353917493083
137   5.72858980440539   3.7919837099642
138   6.78256374876834  3.79256483990925
139    7.8280652193402  3.56901662855455
140   8.66595878796169   2.9059403938594
141   8.85766510733078  1.85869923157239
142   8.59039131374298  1.23028937027686
143   8.05670129362987 0.800796109111979
144   7.39065631980805 0.626322894867665
145   6.71229512393614 0.515776914921403
146   6.24511745755881 0.0176848995056809
147   6.01086418649131 -0.126054511611115
148   5.78689174426754 -0.217112122636886
149   5.57602860232947 -0.268512102002633
150   5.37808534198705 -0.29089375158458
151   5.19181593512991 -0.291946990330287
152   5.01581721280894 -0.277168506525683
153   4.84880766975593 -0.250587557604584
154   4.68967559740336 -0.215248314910307
155   4.53746189649039 -0.173503844058101
156   4.39133251582165 -0.127195923598574
157   4.25055604866017 -0.077771446717339
158   4.11448767218792 -0.0263642543771917
159   3.98255792200947 0.0261425551890596
160    3.8542641496014 0.0790666512924389
161   3.72916348595822 0.131885420969064
162   3.60686652276035 0.184202181669972
163   3.48703149742829 0.235718580569061
164   3.36935886520827 0.286212332959209
165   3.25358628310455 0.335519495265042
166   3.13948403239372 0.383520514253942
167   3.02685089839604 0.430129359822768
168   2.91551049814682 0.475285134909886
169   2.80530804835582 0.518945641228097
170   2.69610754230545  0.56108247492474
171   2.58778929412487 0.601677310105806
172   2.48024781642823 0.640719095117795
173   2.37338999430906 0.678201947136847
174   2.26713351262706 0.714123581416672
175   2.16140550388553  0.74848414664366
176   2.05614138952813 0.781285367077352
177   1.95128388341654 0.812529917928776
178   1.84678213150603 0.842220977272315
179   1.74259097040235 0.870361909730261
180   1.63867028645205 0.896956048998175
181   1.53498445635121 0.922006554901383
182   1.43150185722023 0.945516325303331
183   1.32819443741453 0.967487947657004
184   1.22503733618597 0.987923679670615
185   1.12200854237275  1.00682545090925
186   1.01908858794148   1.0241948782527
187  0.916260271111291  1.04003329028195
188  0.813508401625973   1.0543417573731
189  0.710819564408099  1.06712112448516
190  0.608181900267884  1.07837204417882
191  0.505584900067645  1.08809500845865
192  0.403019208126199   1.0962903783651
193  0.300476433760643  1.10295841022653
194  0.197948970780517   1.1080992777983
195  0.0954298221021953   1.1117130899175
196  -0.00708757310361594  1.11379990335245
197  -0.109609509393062  1.11435973045117
198  -0.212142182461441  1.11339254144578
199  -0.314691856625646  1.11089826142562
200  -0.417265034013133  1.10687676186667
201  -0.519868624968758   1.1013278467838
202  -0.62251012045302   1.0942512337792
203  -0.72519776955881  1.08564653016048
204  -0.827940763710131  1.07551320447344
205  -0.930749427287311  1.06385055418676
206  -1.03363541713897  1.05065767037679
207   -1.1366119352778  1.03593340035371
208  -1.23969395672408  1.01967630974764
209  -1.34289847408261  1.00188464637308
210  -1.44624476417623 0.982556308513398
211  -1.54975468330822 0.961688820843771
212  -1.65345299494732 0.939279323037349
213  -1.75736773527818 0.915324577698255
214  -1.86153062755848 0.889821005294672
215  -1.96597755537194 0.862764756710914
216  -2.07074910288261 0.834151838377988
217  -2.17589117639393 0.803978308508875
218  -2.28145572598012 0.772240568059812
219  -2.38750158321169 0.738935779016822
220  -2.49409543380541 0.704062452953548
221  -2.60131295306534 0.667621264174787
222   -2.7092401329926 0.629616159394165
223  -2.81797482798408 0.590055860220426
224  -2.92762855531052 0.548955881722463
225  -3.03832859311388 0.506341225658238
226  -3.15022041227439  0.46224995647273
227  -3.26347048149444   0.4167379248211
228  -3.37826949305814  0.36988496833706
229  -3.49483604385159 0.321803002033561
230  -3.61342079521022 0.272646499179659
231  -3.73431113936208 0.222625945595879
232  -3.85783638559231 0.172024931867655
233  -3.98437347351703 0.121221612385645
234   -4.1143532771794 0.0707152950024142
235  -4.24826767045851 0.021158989096993
236  -4.38667775267258 -0.0266010469208813
237  -4.53022410747151 -0.0714770722923733
238  -4.67964064591615 -0.112079534237789
239  -4.83577432242685 -0.146637340785472
240  -4.99961314940874 -0.172883662101445
241   -5.1723220863038 -0.187878145376817
242  -5.35527427105819 -0.18771424199232
243  -5.55002666506747 -0.167034852562416
244  -5.75808236773753 -0.118293406935302
245  -5.98004860077208 -0.0309563971676125
246  -6.21370510785771 0.108001122290385
247  -6.68920630257854  0.59719869787948
248  -7.37292588259344 0.669272752792011
249  -8.04946283297553 0.796853474142605
250  -8.61574532800546  1.18255225959246
251  -8.93798978751342  1.78504991472569
252  -8.84471572039025  2.84592025352997
253  -8.05934068741463   3.5687961042012
254  -7.02330626662607   3.8357158546206
255  -5.96623284848683  3.84449264520051
256   -4.9372815858955  3.81151318715213
257  -3.96892315811084  3.86957953324077
258  -3.01608960517698  4.04940611617078
259  -2.03580306890696  4.26282402376774
260  -1.07428369385001  4.39840106478157
