// Id               X                Y
  1  -0.0789801179259148  2.69856440108865
  2  0.877716529271275  2.65429696868057
  3   1.91905684001019  2.50307742119203
  4    2.8909481398307  2.37460522437321
  5   3.84361415405675  2.30036953409527
  6   4.78702886047376  2.26927476372537
  7   5.72189295623936  2.25317048977581
  8   6.64868313912373  2.19410235650167
  9   7.54541470090055  1.98071528791188
 10   8.32040622286301   1.4885681681695
 11    8.7426804905246 0.669406963401095
 12   8.67916346484789 0.151492231870664
 13   8.38884429642554 -0.270238812916281
 14   7.94524308846541 -0.484321666450971
 15   7.46087190577855 -0.442525662314988
 16   6.88321158856583 0.0444655323534738
 17   6.76146564473791 0.141599911164595
 18   6.64716490731576 0.227858694469114
 19    6.5340518438698 0.307868647908237
 20   6.41993883390955 0.383259123114974
 21   6.30451622574914 0.454407472907344
 22   6.18778166575265 0.521655355550772
 23   6.06957423812326 0.585589480589206
 24   5.94964330854322 0.646939609164721
 25   5.82782224927551 0.706433074160178
 26   5.70410817374748 0.764715290657895
 27   5.57863736550492 0.822324196432123
 28   5.45161985429829 0.879684984376536
 29   5.32328056818665 0.937110109616066
 30   5.19382207309918 0.994803233973889
 31   5.06340668510367  1.05286823670734
 32   4.93215152283857   1.1113227597886
 33   4.80013100142154  1.17011438389541
 34   4.66738308495366  1.22913732804023
 35   4.53391703357186  1.28824803366902
 36   4.39972129330306   1.3472786742779
 37   4.26477075218555   1.4060481885577
 38   4.12903295453543  1.46437084126921
 39   3.99247311043535  1.52206253647113
 40   3.85505789947713  1.57894521387401
 41   3.71675816705997  1.63484969043742
 42    3.5775506688238   1.6896172856013
 43   3.43741904299006  1.74310053563247
 44   3.29635419104777  1.79516325473311
 45   3.15435423250357   1.8456801523293
 46   3.01142417601878  1.89453617744215
 47   2.86757542392669  1.94162571860077
 48   2.72282519890291  1.98685175518118
 49   2.57719595407026  2.03012503135057
 50   2.43071480891129  2.07136329637797
 51   2.28341303596716  2.11049063728499
 52   2.13532560572158  2.14743691894029
 53   1.98649079150116  2.18213733101966
 54   1.83694983177266  2.21453203620332
 55   1.68674663779451  2.24456590998216
 56   1.53592753784607  2.27218835964141
 57   1.38454105175782  2.29735320448832
 58   1.23263768204701   2.3200186105051
 59   1.08026971597457  2.34014705914057
 60  0.927491035659759  2.35770534694401
 61  0.774356926044858  2.37266459763478
 62  0.620923881448002  2.38500029178399
 63  0.467249411631351  2.39469229005689
 64  0.313391841430427  2.40172486795491
 65  0.159410110585043  2.40608673398439
 66  0.00536357445407312  2.40777105575776
 67  -0.148688198640716  2.40677546455565
 68  -0.302685626372894  2.40310206897989
 69  -0.456569311826567  2.39675744450505
 70  -0.61028024621669  2.38775263197631
 71  -0.763760008187865  2.37610311468721
 72  -0.916950964850771  2.36182880340736
 73  -1.06979647245502  2.34495400466561
 74   -1.2222410708699  2.32550740059681
 75  -1.37423067819455  2.30352202234265
 76  -1.52571278321312  2.27903524097841
 77   -1.6766366361301  2.25208877084947
 78    -1.826953447567  2.22272870389714
 79  -1.97661659767352  2.19100557814964
 80  -2.12558186227931   2.1569745006682
 81  -2.27380766919063  2.12069533206884
 82  -2.42125539018465  2.08223295042426
 83  -2.56788967861272  2.04165760686883
 84  -2.71367886389337  1.99904538292777
 85  -2.85859540495004  1.95447875496094
 86   -3.0026164016602  1.90804726609908
 87  -3.14572415625095  1.85984829085996
 88  -3.28790675905119  1.80998786605754
 89  -3.42915865687939  1.75858154396164
 90  -3.56948114247975  1.70575519652118
 91  -3.70888267564871  1.65164567416144
 92  -3.84737891959666  1.59640119052416
 93  -3.98499235074297  1.54018126190586
 94  -4.12175127633485  1.48315599144877
 95  -4.25768808048092  1.42550444097281
 96  -4.39283652088573  1.36741178486029
 97  -4.52722792278731  1.30906490838957
 98  -4.66088617462383  1.25064609099614
 99  -4.79382153063799  1.19232444601298
100  -4.92602338852598  1.13424489745887
101  -5.05745245705138  1.07651469604198
102  -5.18803309906905  1.01918788377795
103  -5.31764721557624 0.962248674588254
104  -5.44613195896059  0.90559539268032
105  -5.57328500238727 0.849027069489124
106  -5.69888294207075 0.792234571492837
107  -5.82271937847832  0.73479671980483
108  -5.94466496715547 0.676180149021457
109  -6.06473417981933 0.615744116082847
110  -6.18311027295051 0.552765334805108
111  -6.30006327714861  0.48651691857444
112  -6.41577128347358  0.41641397129501
113  -6.53024840892727 0.342116173930384
114  -6.64381785295547 0.263247913975993
115  -6.75870793964527 0.178186404356098
116  -6.88126119136744 0.0823402973965582
117  -7.46405786640065 -0.397954117227398
118   -7.9485573709023 -0.433372446975858
119  -8.38861023049544 -0.212839427852411
120  -8.67202205147981 0.213544994492659
121  -8.72690977977783 0.732757265437195
122  -8.29149554987157  1.54556365722208
123   -7.5099140593237   2.0279581462297
124  -6.61106154055211  2.23212933080062
125  -5.68476138934185  2.28192851441755
126  -4.75285101144876  2.28648547376098
127   -3.8182688381837  2.30643014671573
128  -2.88689878843276  2.37076234184411
129  -1.96403687090825  2.49074171289904
130  -1.01963799607317  2.59281585613271
131  0.217602488079321  3.19756211083654
132   1.16584063184479  3.16300876812443
133   2.09206564981315  3.07856087520425
134   3.01578681415708  2.98131001618237
135    3.9469158958523  2.91206255848295
136   4.88940199764022   2.8804574079357
137   5.85092116219618  2.85715198286613
138   6.88325804808029  2.76567372344136
139   7.90385347741134  2.48129431647202
140   8.77575397022074  1.86744686452562
141    9.2337009084745 0.910099798561042
142   9.19208715361058 0.228108004934371
143   8.87884409365768 -0.392401447095479
144    8.3538348132379 -0.867511595604108
145   7.72460852868206 -1.18422331742941
146   7.05767718277469 -1.39815223157783
147   6.85560887336414 -1.42857312644382
148   6.65884826893992 -1.44265187540069
149    6.4669215102828 -1.44212095791601
150   6.28008763007539 -1.42876987777055
151   6.09819842464008 -1.40428629341344
152   5.92085263665263 -1.37019148142881
153   5.74772861269856 -1.32791720584996
154   5.57869950418387 -1.27888575211084
155    5.4137483541599  -1.2245064042743
156   5.25284182394741 -1.16610806231529
157    5.0958563981419 -1.10486587914276
158    4.9425654650513  -1.0417595928933
159   4.79266381709916 -0.977568030511025
160   4.64580405350434 -0.912892322524194
161    4.5016321237269 -0.84818778732949
162   4.35981118445845 -0.783802725415826
163    4.2200387846333 -0.720004051826837
164   4.08205036567405 -0.657006870687046
165   3.94562248803733 -0.594984432937111
166   3.81056636753436 -0.534085841419374
167    3.6767247589287 -0.474438632908002
168   3.54396542544486 -0.416155160303947
169   3.41217517542296 -0.359336847938514
170   3.28125691912338 -0.304072126085026
171    3.1511240718658 -0.250441913462404
172   3.02169880238825 -0.198517965708911
173   2.89291013424473 -0.148363115364375
174   2.76469134165203 -0.100035024592059
175   2.63698042543556 -0.0535834611587598
176   2.50971906084202 -0.00905242011440479
177   2.38285191898075 0.0335177232758449
178   2.25632768603591 0.0740925260951249
179   2.13009850764908 0.112641077043687
180   2.00411981809235 0.149134326263149
181    1.8783514816656 0.183548086774094
182   1.75275684647559 0.215859187204404
183   1.62730330920433 0.246046960303361
184   1.50196199344794 0.274091898584628
185    1.3767084143037 0.299979009212177
186   1.25152049890583 0.323688927425696
187   1.12638121859117 0.345212155664238
188    1.0012749187889 0.364530543240519
189  0.876190761784238 0.381639291443156
190  0.751118288792266 0.396519111498025
191  0.626051996966566 0.409173564138606
192  0.500985476473737 0.419579997323922
193  0.375916935541041 0.427749268352847
194  0.250843428551815 0.433658162498653
195  0.125765222115971 0.437323331358289
196  0.000681778463927795 0.438720531354931
197  -0.124406178503078 0.437872656720016
198  -0.24949804776496 0.434756916313811
199  -0.374594310398108 0.429397374355792
200  -0.499694860628555 0.421777407203866
201  -0.624802686567986 0.411920427456002
202  -0.74991978108493 0.399815370264132
203  -0.875052664878733  0.38548493592914
204  -1.00020713220315 0.368925735980973
205  -1.12539384330665 0.350156970689572
206  -1.25062394864227 0.329183388451113
207  -1.37591346082572  0.30602340995086
208  -1.50127979607868 0.280686454938334
209  -1.62674542847219  0.25319186955759
210  -1.75233538614407 0.223554930730511
211   -1.8780790629359 0.191795156732172
212  -2.00400962204183 0.157933212590361
213  -2.13016441655594 0.121992629495072
214  -2.25658425983884 0.0839976801917644
215  -2.38331442208359 0.0439775053354771
216  -2.51040362593201 0.00196349245878147
217  -2.63790399542897 -0.0420097184893028
218   -2.7658717089388 -0.0879014711310456
219   -2.8943661065197 -0.135667096296937
220   -3.0234501020142 -0.185256451316407
221  -3.15319142460058 -0.23661123831598
222  -3.28366219516242 -0.289667654586716
223  -3.41494126191694 -0.344353240374016
224  -3.54711641727846 -0.400585838338225
225  -3.68028600329011 -0.458275620294094
226  -3.81456439288101 -0.517319751970373
227  -3.95008525421808 -0.577603692221215
228  -4.08700711611378 -0.638997698680356
229  -4.22552012158828 -0.701349721822712
230  -4.36584904291104 -0.764482835698859
231  -4.50825944861233 -0.828177697913899
232  -4.65305466197436 -0.892161738799057
233  -4.80057162852463 -0.956080214690145
234  -4.95116379272195 -1.01946964706405
235  -5.10517652095835  -1.0817195758568
236  -5.26291122473977 -1.14204021516816
237  -5.42458811188626 -1.19943963806192
238  -5.59032086905659 -1.25272923257531
239  -5.76012854437507 -1.30056559643547
240  -5.93400866187158 -1.34152390002872
241  -6.11206376066784 -1.37416531882665
242  -6.29458764240021 -1.39704081571285
243  -6.48195081611306 -1.40861240935018
244  -6.67426500440933 -1.40717944646245
245  -6.87122206128811 -1.39094679428569
246  -7.07322893117442 -1.35817700350357
247  -7.73791418700174  -1.1356775657706
248  -8.36294728043092 -0.809482443722771
249  -8.88050065476756 -0.32540734380976
250  -9.18300135647941  0.30108308926084
251   -9.2124114805701  0.98449009787693
252   -8.7372992671792   1.9354600443982
253  -7.85527159485659  2.53742158398924
254  -6.82879463084102  2.81009099823226
255  -5.78686916020913   2.8909547919331
256  -4.79520320109526  2.90425591206119
257  -3.83277149784492  2.92639513418195
258  -2.86810546885847  2.98686602899394
259  -1.84330629057761  3.07935123679901
260  -0.808363015320587   3.1612292335505
