// Id               X                Y
  1  -0.0862203959272112  1.72228222219773
  2  0.986548733726866  1.67169069777619
  3     2.039854765732  1.49894265272489
  4   3.07879053685035  1.36078197187241
  5   4.09220251910059  1.25995408460003
  6   5.05077201416812   1.1775956234442
  7    5.9870998087953   1.0673104930635
  8   6.88832828598723 0.855846065060137
  9    7.6996618974814 0.446092417243421
 10   8.28422199066871 -0.232110135094118
 11   8.43166188516513 -1.11760688207925
 12     8.241607144653 -1.57707296917765
 13   7.85874827050912 -1.92705693259834
 14   7.32014841189232 -2.04908342318682
 15   6.82679476159531  -1.8561345156271
 16   6.47980581739289 -1.23960402616301
 17   6.16289279231258  -0.6852363333437
 18    6.0843630724231 -0.612237460174796
 19   6.00849684887178 -0.55122688678594
 20   5.93232323186487 -0.496645488891745
 21   5.85193330309092 -0.444151296225356
 22   5.76425947262492 -0.390901674851864
 23   5.66925796969769 -0.336098494220949
 24   5.56853139838585 -0.279807008096669
 25   5.46374291981253 -0.222204227706637
 26   5.35606798271163 -0.163444475443096
 27   5.24623945970589 -0.103707440106482
 28   5.13469155964101 -0.0432167724385133
 29   5.02166511439827 0.0177780603819796
 30   4.90727582165366 0.0790273294206775
 31   4.79156102269495 0.140299261100286
 32   4.67451327070709  0.20138848185816
 33   4.55610430962841  0.26211697998637
 34   4.43630131771521 0.322330749255632
 35   4.31507677493174  0.38189473385298
 36   4.19241332957185 0.440687778375734
 37   4.06830513063243  0.49859843309464
 38    3.9427570377068 0.555521878529225
 39   3.81578286141597 0.611357894188752
 40   3.68740343000835  0.66600967512359
 41   3.55764491350203 0.719383258799952
 42   3.42653757409212 0.771387368558288
 43   3.29411492992985 0.821933495852615
 44   3.16041325307708 0.870936115220832
 45   3.02547128635178 0.918312927942428
 46   2.88933009356493 0.963985104920198
 47   2.75203296220449  1.00787747347806
 48   2.61362532691975  1.04991866871187
 49   2.47415467687232  1.09004121383968
 50   2.33367045389364  1.12818157736802
 51   2.19222392584923  1.16428016969486
 52   2.04986805692445  1.19828134097913
 53   1.90665736281341  1.23013333023822
 54   1.76264777477836  1.25978823684821
 55   1.61789649722482  1.28720194872104
 56   1.47246188123104  1.31233410773704
 57   1.32640329561446  1.33514803155947
 58   1.17978101572619  1.35561068312281
 59   1.03265611092486    1.373692593388
 60  0.885090348570927  1.38936783989615
 61   0.73714609675784   1.4026139749522
 62  0.588886240913333  1.41341201650617
 63   0.44037409910062  1.42174638554717
 64  0.291673347599353  1.42760491196878
 65  0.142847945341067  1.43097878460085
 66  -0.00603793566749338  1.43186257399917
 67  -0.154919980802674  1.43025419779264
 68  -0.303733802035966  1.42615496119161
 69  -0.452415007698173  1.41956953911904
 70  -0.600899275891871  1.41050603378686
 71  -0.749122428057749  1.39897597364102
 72  -0.897020510904965  1.38499438588801
 73  -1.04452987803639  1.36857981090313
 74  -1.19158728416877  1.34975438638998
 75   -1.3381299785829  1.32854387484306
 76  -1.48409581464559  1.30497775530612
 77   -1.6294233581782   1.2790892608377
 78  -1.77405201430842  1.25091547349231
 79  -1.91792215256369  1.22049736812256
 80  -2.06097525116369  1.18787990541371
 81   -2.2031540376347  1.15311207644411
 82  -2.34440264600318  1.11624698555214
 83  -2.48466676521564  1.07734188466471
 84  -2.62389379593361  1.03645823028992
 85  -2.76203298898812 0.993661686327301
 86    -2.899035579616 0.949022127751322
 87  -3.03485489421059 0.902613578829052
 88  -3.16944644857653 0.854514128150256
 89  -3.30276803171213 0.804805770028208
 90  -3.43477981775236 0.753574213147627
 91  -3.56544454119295  0.70090863565365
 92   -3.6947278223164 0.646901448058181
 93   -3.8225987288328 0.591648095509369
 94  -3.94903068441653 0.535247009886145
 95  -4.07400278408932  0.47779982094162
 96  -4.19750149240247 0.419412009531698
 97  -4.31952249545458 0.360194197333855
 98  -4.44007219815958 0.300264305991758
 99   -4.5591679907159 0.239750760741853
100  -4.67683607378209 0.178796765793725
101  -4.79310541480577 0.117565303895547
102  -4.90799638860215 0.0562439051786848
103  -5.02150273241652 -0.0049525918373206
104  -5.13356536424104 -0.0657838375833658
105  -5.24403592244937 -0.12599308991878
106  -5.35262585479198 -0.185324891330801
107  -5.45883241256883 -0.243546852682767
108  -5.56182925580554 -0.300458844504651
109  -5.66033949241321 -0.355865133621881
110  -5.75267447030881 -0.409542083644741
111  -5.83742422931963 -0.461439199899322
112  -5.91500951295225 -0.512462402934463
113  -5.98870982473824 -0.565498878305718
114  -6.06227764310497 -0.624656196464383
115  -6.13891709739654 -0.695465542808854
116  -6.46087548096852 -1.24552926281476
117  -6.81896881689458 -1.85581892654586
118  -7.31914122954207 -2.03551948827873
119  -7.85627738554719 -1.88935994009894
120  -8.22015957841596 -1.51738537761878
121  -8.38203442164806 -1.04650399888578
122  -8.18258797399955 -0.169949018713169
123  -7.56921694634607 0.483720402277519
124  -6.74604105350003 0.872995955689529
125   -5.8409872044402   1.0730358680143
126  -4.90473880744505   1.1789234109038
127  -3.95281313735236  1.26057252714913
128  -2.99880917546601    1.358487979405
129  -2.05543968780782  1.48782883029649
130  -1.06519015201431  1.60252395826177
131  0.252277683824751  2.19375433179144
132   1.31050074491658  2.15536830856315
133   2.26521627795098  2.06841660861278
134    3.2195839076174  1.96422474935918
135   4.23879180376951  1.86113916518028
136    5.2870145575122  1.74940048314498
137    6.3458822613037  1.57187012842988
138   7.38191000643318  1.23069989763189
139   8.29681926845526 0.609915520458091
140   8.87266188015645 -0.345928008150477
141   8.81725580886713 -1.45897059174546
142   8.40744867039901  -2.0558612580826
143   7.79348117981795 -2.42869048388725
144   7.09667107912488 -2.56033826870065
145   6.39359538312186 -2.50980233183072
146   5.66370212799708 -2.33538710176314
147   5.56497103151453 -2.29748334494897
148   5.44766893302133 -2.24737454432164
149   5.33183275032728 -2.19306589240172
150   5.21754634265178 -2.13548730315504
151   5.10498277943836 -2.07571454378522
152   4.99422380422409 -2.01478800323825
153   4.88500503079061 -1.95343253029826
154   4.77689261253604 -1.89207461719123
155   4.66947242160415 -1.83095585557472
156   4.56242403219358 -1.77022150278119
157   4.45552053673306 -1.70996933593909
158    4.3486059475796 -1.65027503221664
159   4.24157279909163 -1.59120506907799
160   4.13434499025211 -1.53282359655914
161   4.02686633618182 -1.47519512183241
162   3.91909273471275 -1.41838598129942
163   3.81098777117625 -1.36246352536836
164   3.70251945097009 -1.30749623910503
165   3.59365928410193 -1.25355167059017
166   3.48438090751176 -1.20069704220927
167   3.37466092696088 -1.14899665191204
168   3.26447792782634 -1.09851383926182
169   3.15381417925814 -1.04930764627548
170   3.04265413931717 -1.00143652797101
171   2.93098670671173 -0.954953611067555
172   2.81880282339104 -0.90991251900528
173   2.70609834645469 -0.866360461168072
174   2.59287063575177 -0.824346693345186
175   2.47912223667104 -0.783912675696947
176   2.36485643904711 -0.745103816334593
177   2.25008190445476 -0.707955964235644
178   2.13480722618514 -0.672511125796466
179   2.01904651481456 -0.638799614647904
180   1.90281304853233 -0.606860384164553
181   1.78612570801224 -0.576718257519601
182   1.66900188939665 -0.548409395287009
183    1.5514645702111 -0.521953184758665
184   1.43353474997865 -0.497383175098413
185   1.31523883594184 -0.474713410347578
186    1.1966009588827 -0.453974934824178
187   1.07765029825985 -0.435176593112835
188  0.958413676409045 -0.418346955833058
189  0.838922404895056 -0.403489864492503
190  0.719205580972194 -0.390631370986939
191  0.599296033930656 -0.379770555634034
192  0.479224732107632 -0.37093083215222
193  0.359025440250549 -0.364106795721808
194  0.238730595092234 -0.359319032392178
195  0.118374349920414 -0.356557949069572
196  -0.00200980398302813 -0.355841052289236
197  -0.122387836641567 -0.357154863984886
198  -0.242725639047559 -0.360513507447205
199  -0.362989784685622 -0.365899915187801
200  -0.483146017078237 -0.373324484656226
201  -0.60316196759427 -0.382766832742475
202  -0.723003744137311 -0.394233265213269
203  -0.842640472775254 -0.407700321939109
204  -0.962039184206272 -0.423169845660772
205  -1.08117092812068 -0.440615489843593
206  -1.20000426395528 -0.460034276836629
207  -1.31851259679594 -0.481397104790868
208  -1.43666666457225 -0.50469585171129
209  -1.55444267326623 -0.52989872276495
210  -1.67181422479067 -0.55699217863459
211  -1.78876079561468 -0.585941718220957
212  -1.90525956196894 -0.616728175330029
213  -2.02129377464012 -0.649314249765614
214  -2.13684490862824 -0.683675004599664
215  -2.25190053831618 -0.71977016509695
216    -2.366447169152 -0.757568933710888
217   -2.4804773040934 -0.797027797159135
218  -2.59398321282683 -0.838110032115211
219   -2.7069629834909 -0.880768524740351
220  -2.81941536021273 -0.924960542912712
221  -2.93134467061181 -0.970634906666966
222   -3.0427567223426 -1.01774274227362
223  -3.15366257140586  -1.0662282661995
224  -3.26407533588539 -1.11603631753342
225  -3.37401283287057 -1.16710604699935
226  -3.48349511176353 -1.21937606428195
227  -3.59254611395898 -1.27278044948096
228  -3.70119186588217 -1.32725235366502
229  -3.80946162858085 -1.38272189977827
230  -3.91738709811318 -1.43911893937223
231  -4.02500401639264  -1.4963723706399
232  -4.13235331052517  -1.5544122513144
233  -4.23948475065429 -1.61316956380147
234  -4.34646183718171 -1.67257690512996
235   -4.4533703406701 -1.73256674670778
236  -4.56033062879921 -1.79306833542215
237  -4.66751569323441 -1.85400007329024
238  -4.77517357851149 -1.91525517450129
239  -4.88364691537487 -1.97667335786841
240  -4.99336324455579 -2.03798685443787
241  -5.10474600759522 -2.09872799925463
242  -5.21802517205969 -2.15812591079145
243  -5.33309199281881  -2.2151160000766
244  -5.44978189729301 -2.26862924648242
245  -5.56796614519352 -2.31772135253371
246  -5.66711135494704 -2.35449717548702
247  -6.39954242338691 -2.51703073729943
248  -7.10451254925706 -2.54916479299241
249  -7.79711427764114 -2.39285582986854
250   -8.3954661112596 -1.99356699132277
251  -8.77690634987629 -1.37654653517907
252  -8.77650744909448 -0.260147726649735
253  -8.15919130537614 0.672128112974133
254  -7.22404701147895  1.26708932702344
255  -6.17764973532541  1.59215420043213
256  -5.10789964602903  1.76294160808853
257  -4.04009462664151  1.87277723384367
258  -2.97431873705832   1.9744556301212
259  -1.90276202290892  2.07717826916361
260  -0.826020531600693  2.15884962536033
