// Id               X                Y
  1  -0.109351901616985  1.64647432880845
  2  0.887697874968671  1.61452525816877
  3   1.94436741653104  1.50402743508529
  4    2.9862010969113  1.47559025021723
  5   3.95212089908292  1.51022834725272
  6     4.897128461744  1.57630522856181
  7   5.83078993489265  1.64601666300262
  8   6.75795974236816  1.67540958238336
  9   7.66967827627604  1.57947978289173
 10   8.51615395168559  1.26100559081904
 11   9.19191914718554 0.656947454285169
 12    9.3880878425576 0.191439821231254
 13   9.39187573881323 -0.325743718010013
 14   9.14055073593395 -0.792158789322597
 15   8.67813898291767 -1.02146476986036
 16   7.98960855409479 -0.811993643814205
 17   7.28545447817429 -0.391253680141589
 18   7.20587409964194 -0.356973025129383
 19   7.13978296370143 -0.330176712766048
 20   7.07954411641091 -0.306949140178153
 21   7.01864528999671 -0.284506706710881
 22   6.95415173491377 -0.26174542854969
 23   6.88463160071476 -0.238208095792096
 24    6.8090307558552 -0.213589379440893
 25   6.72636739328797 -0.187592173303961
 26   6.63574178072193 -0.159896845865328
 27   6.53649856954679 -0.130179151456436
 28   6.42843837808624 -0.0981476881266595
 29   6.31193585779793 -0.063584224487423
 30   6.18786088384077 -0.0263683056220762
 31   6.05734296576637 0.0135156944978957
 32   5.92152078506353 0.0559838493559017
 33   5.78137954167744 0.100866215255777
 34   5.63768791366879 0.147926935606931
 35   5.49100023582906 0.196887607720386
 36   5.34168916217996 0.247449300704646
 37   5.18998750683287  0.29930969736174
 38    5.0360287653592 0.352174073564248
 39   4.87988180625825 0.405760697714446
 40   4.72157816537802 0.459802188897943
 41   4.56113187303287 0.514044533490933
 42   4.39855260055533 0.568245149420388
 43    4.2338534062856 0.622170907731901
 44   4.06705455146408 0.675596575127115
 45   3.89818478373225 0.728303821293852
 46   3.72728123076117  0.78008075166337
 47   3.55438871343449 0.830721848271902
 48   3.37955896771462  0.88002818787137
 49   3.20285001121795 0.927807824243608
 50   3.02432572173239 0.973876249857535
 51   2.84405560190629  1.01805687966038
 52   2.66211466691063  1.06018152242337
 53   2.47858338845526   1.1000908216196
 54    2.2935476416653  1.13763465882837
 55   2.10709861929089  1.17267251924054
 56   1.91933269407483  1.20507382217596
 57    1.7303512222159  1.23471822067939
 58   1.54026028847106  1.26149587409269
 59   1.34917039740913  1.28530769665017
 60    1.1571961168616  1.30606558405521
 61  0.964455679792368  1.32369261895058
 62  0.771070550409443  1.33812325534289
 63  0.577164959832069  1.34930348144188
 64  0.382865416228236  1.35719096002239
 65  0.188300194109125   1.3617551452748
 66  -0.00640119261336269  1.36297737512592
 67  -0.201108529185088  1.36085093813933
 68  -0.395691445505379  1.35538111429887
 69  -0.590019963818113  1.34658518921244
 70  -0.783965043806885  1.33449244151995
 71  -0.977399120266965  1.31914410352975
 72  -1.17019662848424  1.30059329531755
 73  -1.36223451236445  1.27890493266803
 74  -1.55339271017355  1.25415560928029
 75  -1.74355461242279   1.2264334535409
 76  -1.93260748594573  1.19583795983904
 77  -2.12044285764427  1.16247979381509
 78  -2.30695685097005  1.12648057008965
 79   -2.4920504684557  1.08797259996835
 80  -2.67562981533423  1.04709860551408
 81  -2.85760626359148  1.00401139551275
 82   -3.0378965638885  0.95887349870071
 83  -3.21642292547272 0.911856750858569
 84  -3.39311310103026 0.863141835926538
 85  -3.56790053147776 0.812917788305498
 86  -3.74072461800215 0.761381475240424
 87  -3.91153118291055 0.708737095774306
 88  -4.08027313898897 0.655195756653034
 89  -4.24691128728436 0.600975214391875
 90  -4.41141498596236 0.546299901302318
 91  -4.57376217181568 0.491401369516877
 92   -4.7339378922146 0.436519268300986
 93  -4.89193017836813  0.38190288150869
 94  -5.04772185558375 0.327813052919721
 95  -5.20127684746637 0.274523989332649
 96  -5.35251976416486 0.222323973908341
 97  -5.50130810239796 0.171513551412891
 98  -5.64739728967959 0.122399478396733
 99  -5.79040037611275 0.0752829712006213
100  -5.92974726767798 0.0304418372291616
101  -6.06465463545633 -0.0118919979038295
102  -6.19412864352034 -0.0515558795966573
103  -6.31703542705555 -0.088476162167724
104  -6.43227102469309 -0.122681074425018
105  -6.53901197236434 -0.154304849649086
106  -6.63693853483391 -0.183578221330493
107  -6.72629433948454 -0.210801954567669
108  -6.80775738184408 -0.236302861363939
109  -6.88222818314106 -0.260402933707263
110  -6.95068236924334 -0.283390064869704
111   -7.0141636334455 -0.305579756335394
112  -7.07410494814399 -0.327405644994848
113  -7.13340408329013 -0.349970503876222
114  -7.19847331697185 -0.375941911119981
115  -7.27693640256101 -0.409145477849312
116  -7.98400908420683 -0.820919516504062
117  -8.67592616165323 -1.01743241313289
118  -9.13369025607578 -0.77587480411449
119  -9.37185605700657 -0.299877705521996
120  -9.35172781787221 0.217815948571957
121  -9.14198031791401 0.677641120935632
122  -8.45232317837021   1.2661268281236
123   -7.6009199070718  1.57192235008141
124  -6.68823161796823  1.65953926456947
125  -5.76195214450564  1.62473060520658
126  -4.83170166922293  1.54855004252867
127  -3.89846429130433  1.47967772822178
128   -2.9666209848015   1.4462254600092
129  -2.04177371861498  1.47527083844283
130  -1.07004837248942   1.5340711792214
131  0.262981454296259  2.09203418170942
132    1.2164135128365  2.09427050096201
133   2.13629309804034  2.08727562781988
134   3.05763361902233  2.09353128996302
135   3.98840460397452  2.13143299159986
136   4.93106035406394  2.19678984582569
137   5.90735391940113  2.26095791246055
138   6.96146278462564  2.26122867917862
139   8.02394770379703  2.08917337732595
140   9.01051732127763  1.62047793820086
141   9.71600450958051 0.785826879129075
142   9.89717697729104 0.106027767657395
143   9.82274179225671 -0.590124865430748
144   9.51414538958752 -1.21076627489155
145   9.03261351226737 -1.70496292175527
146   8.42285055955786 -2.06891131230406
147   8.32606295867266 -2.10760680201386
148   8.13236600895462 -2.17193660602474
149   7.93373341030817 -2.22159312331909
150   7.73202439760557 -2.25687165254322
151   7.52943229969524 -2.27841695537264
152   7.32751930017894 -2.28729996325446
153   7.12738374602473 -2.28479998446281
154   6.92985264214792 -2.27228421122051
155   6.73555957877659 -2.25114528462237
156   6.54496632755447 -2.22275227932187
157   6.35834992487332 -2.18839939345684
158   6.17577402022349 -2.14925161477325
159    5.9970774460443 -2.10629983888077
160   5.82190950670875 -2.06034310468908
161   5.64980780189668 -2.01200437317101
162   5.48028376587979 -1.96176854723897
163   5.31288447228051 -1.91002478607101
164   5.14722232068124 -1.85710121796076
165   4.98298045069888  -1.8032886833347
166   4.81990508165529 -1.74885498422084
167   4.65779302251162 -1.69405243937489
168   4.49647892044505 -1.63912125593534
169   4.33582430566261 -1.58429055860607
170   4.17570912948707 -1.52977831742698
171    4.0160258245114 -1.47579095696272
172   3.85667558681747 -1.42252308488936
173   3.69756641985271 -1.37015752439633
174   3.53861242770499 -1.31886566418968
175   3.37973387685612 -1.26880804644857
176   3.22085763377695 -1.22013508177557
177   3.06191769938543 -1.17298778916702
178   2.90285567159682 -1.12749848776574
179   2.74362105607319  -1.0837913983023
180   2.58417140561509 -1.04198313845696
181    2.4244723029582 -1.00218311305117
182   2.26449721584694 -0.964493809684938
183   2.10422725501569 -0.929011013469127
184   1.94365086083774 -0.895823955004359
185   1.78276343763565 -0.865015404027576
186   1.62156694817855 -0.836661719555049
187   1.46006947603683 -0.810832865542843
188   1.29828476026698 -0.78759239987267
189   1.13623170517547 -0.766997443408852
190  0.973933867168428 -0.74909863514062
191  0.811418920558409 -0.733940078717653
192  0.648718104330524 -0.721559285106585
193  0.485865652092083 -0.711987115469555
194  0.322898207629569 -0.705247727738446
195  0.159854228638679 -0.701358529802367
196  -0.00322661870989757 -0.70033014147804
197  -0.166304071661965 -0.702166366991144
198  -0.329337886485686 -0.706864178847268
199  -0.492288455031772 -0.714413713589528
200  -0.655117419468752 -0.724798279092874
201  -0.817788282398198 -0.737994372579409
202  -0.980267009550647 -0.753971707823133
203  -1.14252262228969 -0.772693249346353
204  -1.30452777720543 -0.794115250880623
205  -1.46625933022106 -0.818187294521915
206  -1.62769888278847 -0.844852326595854
207  -1.78883330796589 -0.87404668537883
208  -1.94965525423961 -0.905700115337778
209  -2.11016362474912 -0.939735761737494
210  -2.27036402873211 -0.976070138613909
211  -2.43026920008913 -1.01461306212352
212  -2.58989937463317 -1.05526753968584
213  -2.74928261244389 -1.09792960382291
214  -2.90845504526453 -1.14248807744382
215  -3.06746102200785 -1.18882425626928
216  -3.22635312114778 -1.23681149413369
217  -3.38519200120931 -1.28631468133863
218  -3.54404607647433 -1.33718961596628
219  -3.70299104117326 -1.38928228694633
220  -3.86210932842727 -1.44242811417001
221  -4.02148968053614 -1.49645122360516
222  -4.18122711769527 -1.55116386196654
223  -4.34142370241763 -1.60636606155597
224  -4.50219057842004  -1.6618456267342
225  -4.66365178340194 -1.71737841094246
226  -4.82595027133682 -1.77272867110244
227  -4.98925640640943 -1.82764902312161
228  -5.15377884502623 -1.88187916907918
229  -5.31977702327162 -1.93514210369373
230  -5.48757305299244 -1.98713591103044
231  -5.65755825770875 -2.03751862794642
232  -5.83018592732375 -2.08588348186742
233  -6.00593924568943  -2.1317233988553
234  -6.18526751068837 -2.17438886995424
235   -6.3685007220766 -2.21305178041941
236  -6.55577468867629 -2.24669293016191
237  -6.74699939272014 -2.27412303554112
238  -6.94187171977413 -2.29402936415748
239  -7.13990247819854 -2.30503041371619
240  -7.34042642322679 -2.30572732322273
241  -7.54257849042435 -2.29475379744956
242  -7.74521813261952 -2.27084060355325
243  -7.94674642587647 -2.23293845966367
244  -8.14495713198372 -2.18043379349934
245  -8.33795736470593 -2.11306828913234
246  -8.43754710997104 -2.07130499474342
247  -9.04051026291393 -1.69518598571542
248  -9.51059549469177 -1.19046131419991
249  -9.80414601667327 -0.562678248434681
250  -9.86177731948659 0.135583740947618
251  -9.66473398013985 0.811775343593727
252  -8.94173555109708  1.63280241135366
253   -7.9475055221872  2.08690467672094
254  -6.88236285479237  2.24838657780267
255  -5.82544750364767  2.24127165873213
256  -4.80613928996756   2.1688708755216
257    -3.844380594811  2.09942914369463
258  -2.87807714448743   2.0593272205161
259  -1.84110117124195  2.05401573583601
260  -0.787146215108635  2.07175602924832
