// Id               X                Y
  1  -0.0802895224373087 0.299338527028867
  2  0.871685010809542 0.318019804828606
  3   1.82880701431144 0.377027289073513
  4   2.80293194180183 0.464424498347539
  5    3.7557891052762 0.564283804856606
  6   4.68257226089474 0.752069772493713
  7   5.57323716054551  1.06359861368316
  8   6.42623508142018  1.45796666597542
  9   7.28387089455001  1.83685755423975
 10   8.20257740392512  2.01811706385504
 11   9.09892360270573  1.73471038359309
 12   9.41146047961509  1.29764072901454
 13   9.45967566682056 0.761242284202765
 14   9.22425492426968 0.294910438985224
 15    8.7944537306553 0.0265972962833348
 16   8.06538252092871 0.0489513015745788
 17   7.33201612237748 0.210581056827441
 18   7.27974447886404 0.219563144442767
 19   7.23447866338449  0.22706879157616
 20   7.18091188271235 0.235638534164133
 21   7.11440680854408 0.245799094077506
 22   7.03573502648766  0.25714804346353
 23   6.94597825648767 0.269216684547657
 24   6.84583722797036 0.281592268606189
 25   6.73568147130587 0.293904869405835
 26   6.61566747485393 0.305810435991508
 27   6.48584632593058 0.316980431275326
 28   6.34627907587029  0.32709793009266
 29   6.19718696841244 0.335859033043486
 30   6.03913495178432 0.342981317736418
 31     5.873182328154 0.348221878304958
 32   5.70088410126828 0.351402137247523
 33   5.52408434465494 0.352427734069289
 34   5.34459714393979 0.351291268453489
 35   5.16394880541024 0.348057447275464
 36    4.9832721699295 0.342840889411773
 37   4.80332565099045 0.335786435318355
 38   4.62456877941704 0.327055607011402
 39   4.44724539447449 0.316818485597833
 40   4.27145371476384 0.305249091627732
 41    4.0971989652487 0.292522694878102
 42   3.92443049785496 0.278814070753536
 43   3.75306673576514 0.264296157270501
 44   3.58301106173591  0.24913883957433
 45   3.41416125703754 0.233507760223511
 46   3.24641461133843 0.217563160458116
 47   3.07967037518883 0.201458813007912
 48   2.91383078828786 0.185341118110468
 49   2.74880150093592 0.169348414308758
 50   2.58449185186144 0.153610521784598
 51   2.42081520490152  0.13824850405485
 52    2.2576893862716 0.123374612715498
 53   2.09503718622018  0.10909237128019
 54   1.93278686561884 0.0954967551335033
 55   1.77087261280173 0.0826744308884572
 56   1.60923491005553 0.0707040263945095
 57   1.44782078274522 0.0596564101406603
 58   1.28658391384258 0.0495949649787723
 59   1.12548461285594 0.0405758458724574
 60  0.964489632349509 0.0326482149916476
 61  0.803571828872843 0.0258544501979479
 62   0.64270966916506 0.0202303250082365
 63  0.481886587355832 0.0158051596104674
 64  0.321090204496469 0.0126019435086899
 65  0.160311427754284 0.010637430943847
 66  -0.000456547554367985 0.00992221042251186
 67  -0.161219304830718 0.0104607495489176
 68  -0.321982309923265 0.0122514159729367
 69  -0.482752017641998 0.0152864747275184
 70  -0.643536946903578 0.0195520616310094
 71  -0.80434869225741 0.025028131873001
 72  -0.965202843215132 0.0316883824843327
 73  -1.12611978784379 0.0395001472019796
 74  -1.28712538294541 0.0484242623541591
 75  -1.44825147923676 0.0584149028708342
 76  -1.60953629570772 0.069419388416634
 77  -1.77102464236265 0.0813779609883688
 78  -1.93276799466979 0.0942235371706217
 79  -2.09482442644895 0.107881440690113
 80  -2.25725841126054 0.122269124105796
 81   -2.4201405067247 0.137295892640737
 82  -2.58354694292321 0.152862648543576
 83  -2.74755914585973 0.168861681040164
 84  -2.91226323841829 0.185176534471771
 85  -3.07774956823338 0.201681994206279
 86  -3.24411230091726 0.218244233587589
 87  -3.41144906622022 0.234721161603076
 88  -3.57986052602161 0.250962996199413
 89  -3.74944952055913 0.266813060897276
 90  -3.92031913011272  0.28210876665902
 91  -4.09256857146195 0.296682708021701
 92  -4.26628535556222 0.310363788883012
 93  -4.44153158405078 0.322978316426212
 94  -4.61832165534464  0.33435107674841
 95  -4.79658800777256 0.344306551594002
 96  -4.97613110949929 0.352670691715843
 97  -5.15655078006937 0.359274101714672
 98  -5.33716098654535 0.363958164710967
 99  -5.51690484825348  0.36658630809063
100  -5.69431446576664 0.367062209050617
101  -5.86758692601647 0.365353251721189
102  -6.03482319013585 0.361510754255105
103  -6.19436258402842 0.355674844125628
104  -6.34503371325118 0.348059898639556
105  -6.48619105804844  0.33893043382329
106  -6.61757357488337 0.328580992737267
107  -6.73911000770512 0.317325577672271
108  -6.85075420846714 0.305495038806392
109  -6.95236040741628 0.293440410112059
110  -7.04357134778465 0.281542834486582
111  -7.12369868147762 0.270230954673479
112  -7.19167091803673  0.25999193525734
113  -7.24671845967938  0.25125953354174
114  -7.29350582312657 0.243522598046231
115  -7.34770252193245 0.234193624101106
116  -8.08299803922679 0.0676738528268728
117  -8.81226279695603 0.0330614652472172
118  -9.24959348729701 0.288765909293222
119  -9.50318699116453 0.745218021215844
120  -9.48019236435152  1.28214885725891
121  -9.19008500234077  1.73207374740482
122   -8.3102156383245  2.05033481737197
123  -7.39186418030146  1.88785177951925
124  -6.53836385213042  1.51115616541843
125  -5.69556225591447  1.10817557475012
126  -4.81742000556875 0.782629013611709
127  -3.90200357779793 0.581549145605154
128  -2.96659281131517 0.480329038675488
129  -1.99005048723113 0.388990710656049
130  -1.03292115214979 0.307332297046636
131  -0.0575521774604203 0.901758204021385
132  0.877232663930527 0.925839903901659
133   1.81099465957231 0.978964799316511
134   2.74363839595238  1.05505293440857
135   3.67360490049511  1.16761261779743
136   4.59095722632619  1.36000281861211
137   5.48125632942509  1.67220590503806
138   6.36053149692993  2.06812218588044
139   7.32737892518129  2.44840304082308
140   8.37355676401241  2.58645182558295
141   9.36404369070627  2.21937113148483
142   9.78454032227178  1.68496208460815
143   9.91770251296707  1.00884485583001
144   9.76119139355134 0.323589905636519
145   9.46897058653236 -0.316538920896512
146   9.25471214084572 -0.99057593136423
147   9.19472689731173 -1.08928759358827
148   9.00204336366464 -1.32122060194989
149   8.77117905360964 -1.51292443497845
150    8.5187779679487 -1.66335387787686
151   8.25811856118264 -1.77623707776323
152    7.9971536869087 -1.85771488582789
153   7.74072091887903 -1.91391193509351
154   7.49176713088184 -1.95036207387085
155   7.25202501414906 -1.97189766694745
156   7.02243327404796 -1.98264751440511
157   6.80340665181285 -1.98606015064868
158   6.59498651015002 -1.98493133208811
159   6.39687506966545 -1.98143379295728
160   6.20837128013639 -1.97715917293279
161   6.02828626611446 -1.97318855515455
162   5.85496906850433 -1.97019931593641
163    5.6865181011478 -1.96859097647517
164    5.5210958720821 -1.96859499460726
165   5.35717938053747 -1.97034468006279
166   5.19365717660736 -1.97390761389508
167   5.02980148575225 -1.97929708028522
168   4.86518476636136 -1.98647682806266
169   4.69959045394844 -1.99536608288897
170   4.53293900403174  -2.0058464659404
171   4.36523341224995 -2.01777021152145
172    4.1965218485251 -2.03096856730421
173   4.02687356780496 -2.04525946832199
174   3.85636451610222 -2.06045397334367
175   3.68506966800922 -2.07636131904629
176    3.5130597304184 -2.09279270305114
177   3.34040039114774 -2.10956403684556
178   3.16715279958107  -2.1264979349341
179   2.99337442826201 -2.14342516568357
180   2.81911984626413 -2.16018572220737
181   2.64444121118731 -2.17662960804639
182   2.46938845521716 -2.19261738735138
183   2.29400922231698 -2.20802052508266
184   2.11834863837663 -2.22272153448853
185   1.94244899171846 -2.23661394987884
186   1.76634938689534 -2.24960214677006
187   1.59008542020797 -2.26160103543683
188   1.41368891419105 -2.27253565635582
189   1.23718774027418 -2.28234070679704
190   1.06060575247732 -2.29096002725358
191  0.883962848957391 -2.29834607493632
192  0.707275171617322 -2.30445940952159
193   0.53055544652982 -2.30926821391296
194  0.353813459788901 -2.31274787004099
195  0.177056655059895 -2.31488060670165
196  0.000290831208648498 -2.31565523313273
197  -0.176479088350846 -2.31506696847001
198  -0.353248247905346  -2.3131173734586
199  -0.530011049287358 -2.30981438688948
200  -0.706760375464019 -2.30517246527804
201  -0.88348688161504 -2.29921282039639
202   -1.0601783827296 -2.29196374550761
203  -1.23681936018394 -2.28346101760216
204  -1.41339060195923 -2.27374835965744
205   -1.5898689828138 -2.26287794395311
206  -1.76622738249289 -2.25091091478434
207  -1.94243473246333 -2.23791790652679
208  -2.11845617497494 -2.22397953096127
209  -2.29425331239219 -2.20918680617932
210  -2.46978451917045 -2.19364149849937
211  -2.64500528255869 -2.17745634897879
212  -2.81986852985201 -2.16075515767851
213  -2.99432488911389 -2.14367270190892
214   -3.1683228182555 -2.12635446851425
215  -3.34180853044114 -2.10895618253053
216  -3.51472565572405 -2.09164311082986
217  -3.68701463228529 -2.07458910328408
218  -3.85861194507575 -2.05797529918561
219  -4.02944955385146 -2.04198837084171
220  -4.19945519392411 -2.02681810666333
221  -4.36855468960684 -2.01265407414391
222  -4.53667797543458  -1.9996810848243
223  -4.70377115934004 -1.98807325258818
224  -4.86981768382033 -1.97798663174945
225  -5.03487240460852 -1.96955075522904
226  -5.19911290422003 -1.96285982105059
227  -5.36291144788731 -1.95796462706274
228  -5.52692569116561  -1.9548661826232
229  -5.69219116415106 -1.95351027570939
230  -5.86017004522207  -1.9537777393051
231   -6.0326836194584 -1.95545762432168
232  -6.21168066342291 -1.95818562971743
233  -6.39890777220922 -1.96134004223513
234  -6.59565600181362 -1.96391372800078
235  -6.80270231822205 -1.96439850894572
236  -7.02039195314047 -1.96070529964827
237  -7.24872095239495 -1.95011596508524
238  -7.48732276970843 -1.92924952021911
239  -7.73533241117562 -1.89402994427538
240  -7.99112489539761 -1.83965491517472
241  -8.25189870100657 -1.76058425007234
242  -8.51299653326413 -1.65062819733381
243   -8.7666595903586 -1.50348768701654
244  -8.99971202292037 -1.31517093514513
245  -9.19539609408311 -1.08651826755647
246   -9.2529653818235 -0.99551657444756
247  -9.47972281039022 -0.325389169889618
248  -9.78833711106095 0.306792730646527
249  -9.96634730596325 0.986905701543464
250  -9.85763049277087  1.66794133152897
251  -9.45729751201939  2.21818576586075
252  -8.47987300294723  2.61795313754477
253  -7.43202316421425  2.49918907559137
254  -6.46404619726387   2.1201643348771
255  -5.58782242702622  1.71410436751525
256  -4.70211132675044  1.38673775776086
257  -3.78671083499111  1.18139816073661
258  -2.85586629634801  1.06265446769466
259  -1.92307483626665 0.977969348931043
260  -0.989615009386997  0.91591847044111
