// Id               X                Y
  1  -0.399552039122464  6.48690624208174
  2  0.682546108563311  6.49180511728323
  3   1.73839335531512  6.37793519729088
  4   2.77316912266625  6.10435174238098
  5   3.78806603845319  5.74896015054236
  6   4.69572240286359  5.18067859251607
  7   5.54099704687978  4.52578916655206
  8   6.36234039391931  3.84667494296041
  9   7.23983839920069  3.25065224653535
 10   8.14289511388501  2.72666665437822
 11   8.93077965423614  2.18179327539856
 12   9.27555594565331  1.76464176316578
 13    9.4609581436642  1.25262564631306
 14   9.37482886811655 0.722360509826489
 15   9.00354404577735 0.361207504553896
 16   8.53024210374214 0.301778908207019
 17   8.33581654887385 0.337013591333971
 18   8.25973640307043 0.359186057128784
 19   8.19077799676229 0.383472601123285
 20   8.12102197012128 0.412265614746666
 21   8.04667527798219 0.447740364287704
 22   7.96755919473193 0.491210407025825
 23   7.88448060954172 0.543511524637811
 24   7.79845181705785 0.605301202551864
 25   7.71044842585824 0.677083454781751
 26   7.62134944726033 0.759241529206812
 27   7.53190201153414 0.852044042242627
 28   7.44269692825269 0.955656037399246
 29   7.35414485554102  1.07014999670165
 30   7.26645386950145  1.19551740527486
 31   7.17960924673472  1.33167887025374
 32   7.09335706381497  1.47849070366146
 33   7.00719334732474  1.63574566620088
 34   6.92036066413366  1.80316582960645
 35   6.83185422576158  1.98038626001288
 36   6.74043978236287  2.16692949131263
 37   6.64468565016243  2.36217246862795
 38    6.5430108996079  2.56530960346484
 39   6.43375074799481    2.775317479422
 40   6.31523834972181  2.99092818146128
 41   6.18589945661247  3.21061877992869
 42    6.0443531112262  3.43262382199625
 43    5.8895082716288  3.65497547161612
 44   5.72064409156769  3.87557198851923
 45   5.53746183528006   4.0922697225393
 46   5.34010006154627  4.30298790694182
 47   5.12911123757336  4.50581163347553
 48   4.90540498436954  4.69907865456664
 49   4.67016805500801  4.88144001490905
 50   4.42477285901266  5.05189060904334
 51   4.17068552514998  5.20977108942139
 52   3.90938225119589  5.35474601898591
 53     3.642279825681  5.48676484134416
 54   3.37068326336514  5.60601254613126
 55   3.09575090885518  5.71285624074334
 56   2.81847544013136  5.80779257864168
 57   2.53967806083712  5.89139949546322
 58   2.26001273722647  5.96429426028234
 59   1.97997743212962  6.02709864892635
 60   1.69992970616618  6.08041116852321
 61   1.42010461664495   6.1247857034626
 62   1.14063342052004  6.16071566113419
 63  0.861562105212838  6.18862260263317
 64  0.582869196822472  6.20884838337183
 65  0.304482622918661   6.2216499479932
 66  0.0262956451715805   6.2271960851007
 67  -0.251817960113879  6.22556562595769
 68  -0.529989193268818  6.21674675433755
 69  -0.808339260678614   6.2006372767301
 70    -1.086964797017  6.17704588246599
 71   -1.3659225630825  6.14569460337063
 72  -1.64521337342256  6.10622286321137
 73  -1.92476513112501   6.0581936863923
 74  -2.20441503465163   6.0011028052821
 75  -2.48389128772533  5.93439154963911
 76  -2.76279500022658  5.85746449132772
 77  -3.04058341915191   5.7697128101571
 78   -3.3165561585441   5.6705441852837
 79  -3.58984665897975  5.55941963509889
 80  -3.85942160892718  5.43589706478749
 81  -4.12409135772794  5.29968030046742
 82  -4.38253425406618   5.1506711184171
 83   -4.6333371561311  4.98902033773028
 84  -4.87505294025289  4.81517266450612
 85  -5.10627368669357  4.62989897320039
 86  -5.32571554652086  4.43430943812254
 87  -5.53230846900293  4.22984173143329
 88   -5.7252814639351  4.01822073478742
 89  -5.90423245236448    3.801390157743
 90  -6.06917183317729  3.58142188239027
 91  -6.22053160155396  3.36041429452845
 92  -6.35913736556913  3.14039383303031
 93  -6.48614738397316    2.923232808033
 94  -6.60296820323132  2.71059190741599
 95  -6.71115885120367  2.50389006767992
 96  -6.81233487368996  2.30429953793796
 97  -6.90808091935072  2.11276081193682
 98  -6.99987732768522  1.93001061611221
 99  -7.08904312483691   1.7566160232096
100  -7.17669545714634  1.59300865506477
101   -7.2637239540981  1.43951445791525
102  -7.35077774498499  1.29637629050317
103  -7.43826265746235   1.1637682288808
104  -7.52634626570238   1.0418018389455
105  -7.61496873960833 0.930525594778681
106  -7.70385777031935 0.829919125284262
107  -7.79254621225196 0.739884113287127
108  -7.88039164568599 0.660233498845369
109  -7.96659846699912 0.590680003841027
110  -8.05024799728227 0.530822838320696
111  -8.13036223028277 0.480123245288863
112  -8.20611368113453 0.437827251736088
113  -8.27764297472025 0.402683302183578
114  -8.34866161762507 0.372207419248902
115  -8.42710211404883 0.343491638569711
116  -8.62246622159487  0.29354603823287
117  -9.10033949631133 0.313846231461193
118  -9.50081423031547 0.634851264837904
119  -9.63367149703655  1.14636083220423
120  -9.48919180067203  1.66044582903001
121  -9.16855390696601  2.08505750549091
122  -8.39278227368818  2.62152226773614
123  -7.56609565096788  3.07448855488079
124  -6.77203226533089  3.57914231587435
125  -6.03798650873642   4.1790050828874
126   -5.3089326320905   4.8510987739476
127  -4.42760804143163  5.44726571326423
128  -3.50142667479071  5.90681287178852
129  -2.47579415161044  6.23428225704222
130  -1.43968035571153  6.37458941975409
131  -0.082150567341439  6.98730415286046
132   1.03280510278165   6.9708287804999
133   2.13611811846958  6.81265859597396
134   3.20645871894153  6.50930128686385
135   4.24472582543016   6.1125433472346
136   5.17650218969036  5.51695616900693
137   6.04248448750562  4.83525996287611
138   6.89594509149971  4.14224850504074
139   7.79735516810015  3.51108420580146
140    8.7302863295422  2.91479618042441
141   9.54656096761676  2.15432373149695
142   9.83090758779784  1.49123806770033
143   9.81402544738482 0.769693206229959
144   9.46811660051251 0.136743602137958
145   8.96154590202941 -0.372889385719019
146   8.73202536450638 -1.09186044204471
147   8.55519032620072 -1.24401011133806
148   8.32489482253439 -1.28471685139578
149   8.09119583795261 -1.27966387760946
150   7.86112563748157 -1.23989216475077
151   7.63725826431052 -1.17541549958117
152   7.42067099343449 -1.09114429166379
153   7.21221618326247 -0.98961162302319
154   7.01263821301627 -0.872566872927014
155   6.82254297343001 -0.741502429987715
156   6.64237227503483 -0.597816634051909
157   6.47238532699719 -0.442866942361439
158   6.31264316335532 -0.277985784098973
159   6.16299574154429 -0.104480535097199
160   6.02307286874267 0.0763742662161011
161   5.89228019366234 0.263347968655473
162   5.76980124088337 0.455264841810899
163    5.6546062103132 0.651012447139342
164   5.54546809478345 0.849545274864802
165   5.44098657440211  1.04988227548753
166   5.33962006932899  1.25109782863005
167   5.23972616809378  1.45230683923582
168   5.13961025410391  1.65264596267747
169   5.03758139258875  1.85125423973908
170   4.93201336732315   2.0472573255709
171   4.82140731422812  2.23975958044407
172   4.70445107393447  2.42784718563784
173   4.58006971895837  2.61060316112237
174   4.44746211511009   2.7871323461264
175   4.30611980015575  2.95659223259318
176   4.15582640612856  3.11822491272638
177   3.99663789974243  3.27138606311797
178   3.82884609941788  3.41556776651084
179   3.65293020309507  3.55041258058172
180   3.46950272812864  3.67571713163139
181   3.27925647875289  3.79142506732913
182   3.08291782229949  3.89761100918721
183   2.88120936821655  3.99445841818024
184   2.67482296751556   4.0822346350745
185   2.46440233307366  4.16126591744017
186   2.25053367508762  4.23191445345659
187   2.03374244360168  4.29455844585398
188   1.81449436661019  4.34957563895154
189   1.59319927165793  4.39733017771494
190   1.37021653914098  4.43816242122909
191   1.14586137394148  4.47238122810851
192  0.920411361850494  4.50025822871204
193  0.694112990430852  4.52202365098129
194  0.467187967147057  4.53786334110833
195  0.239839272694173  4.54791669827053
196  0.0122569567248023  4.55227531518429
197  -0.215376273138441  4.55098218016199
198  -0.442879592389756  4.54403135214176
199  -0.670068641409506  4.53136807003403
200  -0.896750055897973  4.51288930475306
201  -1.12271586090474  4.48844480980919
202  -1.34773766123893  4.45783877756884
203  -1.57156059326609  4.42083226599285
204   -1.7938970554792  4.37714662640893
205  -2.01442031608081  4.32646823586775
206  -2.23275821574446   4.2684549127489
207  -2.44848735445502  4.20274445920701
208  -2.66112838252558  4.12896580574171
209  -2.87014330881411  4.04675319472468
210  -3.07493607600998  3.95576368014605
211   -3.2748579819694  3.85569788244882
212  -3.46921974646772  3.74632337667077
213  -3.65731197723825    3.627499319116
214  -3.83843528264962   3.4992000478831
215  -4.01194014150559  3.36153468574541
216  -4.17727485091367  3.21475960423858
217  -4.33403770883642  3.05928129735285
218  -4.48202770375547  2.89564873988338
219  -4.62128721574602  2.72453611627296
220  -4.75213104737754  2.54671813244585
221  -4.87515811836372  2.36304074777272
222  -4.99124446545027  2.17439063520423
223  -5.10151824304999  1.98166734580049
224  -5.20731925491325  1.78576239196355
225   -5.3101471340535  1.58754842633515
226  -5.41160323817508  1.38787946055702
227  -5.51333131309006  1.18760058961327
228  -5.61696109817935 0.987563921015707
229  -5.72405773609704 0.788646760402328
230   -5.8360785591316 0.591768452927306
231  -5.95433783663686 0.397903247664107
232  -6.07997945398564  0.20808775706349
233  -6.21395718532987 0.0234227560372784
234   -6.3570220966302 -0.154929927532726
235  -6.50971655359105 -0.325753858285029
236  -6.67237422659128 -0.48778550343121
237  -6.84512534825175 -0.639719787426146
238  -7.02790637210822 -0.780209385493576
239  -7.22047355386183 -0.907849853701955
240  -7.42242232914279 -1.02112970699954
241  -7.63322175663084 -1.11827465427206
242  -7.85227965312319 -1.19673657583654
243  -8.07893868104799 -1.25162506356668
244  -8.31144053844388 -1.27288925611874
245  -8.54375517004791   -1.248895306825
246  -8.73152711980989 -1.11130117873442
247  -9.01472695453851 -0.41346943862953
248  -9.55746913072269 0.0591977598790656
249  -9.94924025054184 0.666331691311733
250  -10.0106053423504   1.3869893536493
251  -9.75307293533758  2.06278246270028
252  -8.96222287891484  2.85168663389714
253  -8.03483812354651  3.46540240158024
254  -7.11120976149881  4.08174258165833
255  -6.22889321617163  4.75846608679112
256  -5.35053409329964  5.44698779926063
257  -4.40257128211793  6.03858580027273
258  -3.37710928885069  6.48456843247754
259   -2.3028741830629   6.7940316171124
260  -1.19339875468792   6.9113840864663
