// Id               X                Y
  1  -0.00349531242860736 -0.762906369134005
  2  0.993713826255153 -0.675045782063588
  3   1.93670625975492 -0.429127310615957
  4   2.81539588628023 -0.0631041419486244
  5   3.63529902303175  0.38254626333752
  6   4.41148078799891 0.871426881135328
  7    5.1634777996188  1.37297518152292
  8   5.91483143392865  1.85556391058201
  9   6.69995640166714  2.26774118094228
 10   7.55631861876028  2.48011506493437
 11   8.41443533774699  2.27184702835368
 12   8.73113547248773  1.91392619298506
 13   8.84730859506968  1.45064478140163
 14   8.73286502321166 0.986667500798343
 15    8.4292778449772 0.620627517093079
 16   8.00528368560843 0.384892306169456
 17    7.5810133074061 0.202140321973468
 18   7.54206823556045 0.185100486029899
 19   7.43231750178475 0.136760403328378
 20   7.31656103948074 0.0850676366004866
 21   7.17976642979143 0.0230294080550372
 22   7.02705288500616 -0.0472806531576013
 23   6.86717783493576 -0.121757063254701
 24    6.7062114737706 -0.197229243739145
 25   6.54751104115836 -0.271666382117484
 26   6.39248241285597 -0.343939447561764
 27   6.24119274616372 -0.413572285393909
 28   6.09295311273903 -0.480460227636683
 29   5.94680098127708 -0.544624114314556
 30   5.80179933261858 -0.606060273321018
 31   5.65715788638763 -0.664688190904168
 32   5.51224838276147 -0.720357031491588
 33   5.36658019711735 -0.772873671464701
 34   5.21977079352446 -0.82203199121963
 35    5.0715242443625 -0.867635789029842
 36   4.92161942944292 -0.909514782805175
 37   4.76990528645911 -0.947535679509033
 38   4.61629915916411 -0.981610501912856
 39   4.46078482505937 -1.01170339025737
 40   4.30340800110699 -1.03783597473883
 41   4.14426845688576 -1.06009066419656
 42   3.98350888684385 -1.07861099541573
 43   3.82130180408474 -1.09359839862183
 44   3.65783615313141 -1.10530531133587
 45    3.4933052212836 -1.11402521059767
 46   3.32789699419419  -1.1200806065734
 47    3.1617874903118 -1.12381024932694
 48   2.99513700434801 -1.12555674253146
 49   2.82808873839559 -1.12565550749786
 50   2.66076907336019 -1.12442570299866
 51   2.49328872537764 -1.12216337365099
 52   2.32574418182245 -1.11913682951576
 53   2.15821903175135  -1.1155840726006
 54   1.99078502073898 -1.11171197695967
 55   1.82350281059478 -1.10769688105054
 56   1.65642250794418 -1.10368624592182
 57   1.48958402197851 -1.09980105478254
 58   1.32301728834383 -1.09613866789115
 59   1.15674221325858 -1.09277588921173
 60  0.990768068301171 -1.08977204720742
 61  0.825091790824723 -1.08717193447553
 62  0.659695408215483 -1.08500850750856
 63  0.494543835027795 -1.08330528845858
 64  0.329585945265931 -1.08207842835925
 65  0.164759785372641 -1.08133835049455
 66  -4.56211175265556e-07 -1.08109089219371
 67  -0.164760577692064 -1.08133793370812
 68  -0.329586432832313 -1.08207759197811
 69  -0.494543962090209 -1.08330402876244
 70  -0.659695242196795 -1.08500682248773
 71  -0.825091462275603 -1.08716982605707
 72  -0.990767711884537 -1.08976952289557
 73  -1.15674194124672 -1.09277296352528
 74  -1.32301719072737  -1.0961353637845
 75  -1.48958417560618 -1.09979740492978
 76  -1.65642298383583 -1.10368229369259
 77   -1.8235036785629 -1.10769268114184
 78   -1.9907863527877 -1.11170759568446
 79  -2.15822090604508 -1.11557958781914
 80  -2.32574668756993 -1.11913233012308
 81  -2.49329196836299 -1.12215895848354
 82  -2.66077318090296 -1.12442147899177
 83  -2.82809386202416 -1.12565158696212
 84   -2.9951433181831 -1.12555323954479
 85  -3.16179518347748 -1.12380727548644
 86  -3.32790625637924 -1.12007826668843
 87  -3.49331622181873 -1.11402359925653
 88  -3.65784901528685 -1.10530451151914
 89  -3.82131657748884 -1.09359848352716
 90  -3.98352552159276 -1.07861203431409
 91  -4.14428678298579 -1.06009273245978
 92  -4.30342771639196 -1.03783916726432
 93  -4.46080549400591 -1.01170783651623
 94  -4.61632022462554 -0.981616379845828
 95  -4.76992609632866 -0.947543224557566
 96  -4.92163928078218 -0.909524287495871
 97  -5.07154244861695 -0.867647587747575
 98  -5.21978676650014 -0.822046424679972
 99  -5.36659357088321 -0.772891028413443
100   -5.5122591274428 -0.720377471570317
101  -5.65716640222764 -0.664711668653524
102  -5.80180646560763 -0.606086494375687
103  -5.94680786307207 -0.544652581965668
104  -6.09296080144606 -0.480490406324741
105  -6.24120161119546 -0.413603907978998
106  -6.39249167575849 -0.343972759578456
107  -6.54751881280855 -0.271702120318824
108  -6.70621546801593 -0.197268238430495
109  -6.86717589769259 -0.121799898605688
110  -7.02704309736122 -0.0473275698984952
111  -7.17974712055707 0.022978460776589
112   -7.3165311934734 0.0850129826545758
113  -7.43227583603591 0.136702001654165
114  -7.54201656082815 0.185039660128547
115  -7.58096246001181 0.202080669578973
116  -8.00521504549137 0.384837244800626
117  -8.42920241819712 0.620581367297763
118  -8.73278203452359 0.986623429622196
119  -8.84722463949366  1.45059748918268
120  -8.73106029001277  1.91387787255855
121  -8.41437457041169  2.27180700838564
122  -7.55627355857008  2.48011953369809
123  -6.69990050194967   2.2677978597595
124  -5.91474315267926  1.85567925590379
125  -5.16333161909599  1.37316893225889
126  -4.41124557659529  0.87172000872276
127  -3.63493938572319 0.382960906070382
128  -2.81487040127587 -0.0625729343045683
129   -1.9358941396438 -0.428563024830538
130  -0.991705325798696 -0.674703203892752
131  -0.000588573472236485 -0.144410376022787
132  0.918473864492014 -0.0609047997882282
133   1.80955597867854 0.176764200861672
134   2.65828654854068 0.536302832510878
135   3.46756421436376 0.979669979221067
136   4.25303731256441  1.47148524266917
137   5.03839713218859  1.98084895390732
138   5.86414645398625  2.47203169624755
139   6.83762579270942   2.8702973985888
140    7.9084070163737  2.97910507099365
141   8.89309496569475  2.54318523184504
142   9.27494853975647   1.9749412858582
143   9.36235034134175  1.30727591387948
144   9.20168494460981 0.669264868327485
145    8.9844645284146 0.120326077706013
146   8.81195737397388 -0.567664607225728
147   8.81191748261848 -0.567732821404943
148   8.61622277826761 -0.821336149175042
149   8.43374932261981 -0.98021020566215
150    8.2417888336689 -1.10739942386473
151   8.06117858078163 -1.20669867653552
152   7.89329018486454 -1.28964794494562
153   7.73266537536182 -1.36512462708729
154   7.57464104885355 -1.43827382222347
155   7.41633667502487 -1.51180699414074
156   7.25630382456581  -1.5868402895803
157   7.09408963695099 -1.66337188104148
158   6.92976089275498 -1.74070972995774
159   6.76352213892442 -1.81786763425021
160   6.59551231337307 -1.89384979238813
161     6.425757277778 -1.96779135038248
162   6.25419998405597 -2.03899193564787
163   6.08074831247875 -2.10689699077995
164    5.9053159648939 -2.17106555498828
165   5.72785043646386 -2.23114377990767
166   5.54834952853886 -2.28684975914025
167   5.36686896788001 -2.33796849849397
168    5.1835234716024 -2.38435336708486
169   4.99848282883841 -2.42593027851496
170   4.81196399771681 -2.46270162529994
171   4.62422002700583 -2.49474791001846
172   4.43552687871444 -2.52222584718163
173   4.24616921403351 -2.54536253271263
174   4.05642636672702 -2.56444593110888
175   3.86655979102149 -2.57981244888052
176   3.67680304842336 -2.59183271581608
177   3.48735497819493 -2.60089682800235
178   3.29837620462582 -2.60740022257449
179   3.10998869369445 -2.61173111076763
180   2.92227776074018 -2.61426007563218
181   2.73529577524477 -2.61533212021523
182    2.5490667910034 -2.61526118196053
183   2.36359141803314 -2.61432693107941
184   2.17885140670734 -2.61277354484883
185   1.99481360900767 -2.61081008529857
186   1.81143317045914 -2.60861209103725
187   1.62865599259406 -2.60632401346703
188   1.44642062788221 -2.60406217469525
189    1.2646599828079 -2.60191799443778
190   1.08330331460041 -2.59996131612436
191  0.902279242161047 -2.59824374298595
192  0.721519686944389 -2.59680193314228
193   0.54096358847014 -2.59566078019621
194  0.360557553882828 -2.59483632829714
195  0.180252579946931 -2.59433822268728
196  -8.22197059987443e-07 -2.59417152168045
197  -0.180254334389368 -2.59433778812771
198  -0.360559585729788  -2.5948354519633
199  -0.540965943993251 -2.59565945158346
200  -0.721522300565528 -2.59680014432939
201  -0.902281998491982 -2.59824149387715
202  -1.08330610845141 -2.59995861747057
203  -1.26466274617873 -2.60191486865346
204  -1.44642333008685 -2.60405865549205
205  -1.62865863125807 -2.60632014532529
206  -1.81143576442973 -2.60860792901482
207  -1.99481619422555 -2.61080569524628
208   -2.1788540336184 -2.61276900396151
209  -2.36359414856086 -2.61432232872514
210  -2.54906969423919 -2.61525662075902
211   -2.7352989213098  -2.6153277172941
212  -2.92228121298406 -2.61425596387772
213  -3.10999249978573 -2.61172743974869
214  -3.29838038761335 -2.60739715870665
215  -3.48735952883899 -2.60089455347686
216  -3.67680792026095 -2.59183142588691
217  -3.86656489962583  -2.5798123472623
218  -4.05643159454927 -2.56444722340809
219  -4.24617442190996 -2.54536541794229
220  -4.43553192451271  -2.5222305074202
221  -4.62422479076947  -2.4947544982668
222  -4.81196841100904 -2.46271025171807
223  -4.99848690396647 -2.42594099579211
224  -5.18352732432774 -2.38436615692484
225  -5.36687282584825 -2.33798326305396
226  -5.54835371730747 -2.28686632343845
227  -5.72785533564657 -2.23116191302378
228  -5.90532192927202 -2.17108501809486
229  -6.08075556148548 -2.10691761537118
230  -6.25420847279611 -2.03901372536665
231   -6.4257665884467 -1.96781457789055
232  -6.59552160976168 -1.89387504536893
233  -6.76353027599265 -1.81789573258806
234  -6.92976670281025 -1.74074147692123
235  -7.09409246106885 -1.66340763726303
236  -7.25630391535235 -1.58687963693119
237   -7.4163351589096 -1.51184874014035
238   -7.5746392525839 -1.43831642406574
239  -7.73266432555437 -1.36516652248211
240  -7.89329049847554 -1.28968758601668
241  -8.06118040343632 -1.20673438763948
242  -8.24179130770502 -1.10742937252637
243  -8.43375110591884 -0.980231992245454
244  -8.61621930596223 -0.821350164622634
245  -8.81189779556745 -0.567746850162318
246  -8.81193768661127 -0.567678634107267
247  -8.98442078083639  0.12031456069021
248  -9.20161212273516 0.669227408250942
249  -9.36226948899876  1.30722811676858
250  -9.27488070897211  1.97488496906903
251  -8.89305364075117  2.54313524392033
252  -7.90839590407892  2.97909138010015
253  -6.83762724768615  2.87034316282982
254  -5.86417110121902  2.47215847351093
255   -5.0384616392601  1.98108952349621
256  -4.25308815743171  1.47185645345695
257  -3.46759432059884 0.980196728827731
258  -2.65832325217501 0.536984883936153
259  -1.80968203016055 0.177515784678329
260  -0.91883636707861 -0.0604107204463999
