// Id               X                Y
  1   -0.1483526569016  3.59541278706055
  2  0.870999135967049  3.54937802002413
  3   1.86565222163548  3.37387913424613
  4   2.89585912706804  3.07429085966474
  5   3.92105383980772  2.82538164295369
  6   4.92844328515372  2.61568669559163
  7   5.88829543320055  2.43119422195689
  8   6.82399872892286  2.23890256281933
  9   7.72746145166709  1.98979244929904
 10   8.56848208183046  1.62167565855199
 11   9.30878781057209  1.08525229377346
 12   9.61730286102447 0.673997010720225
 13   9.78924364592412 0.170950013206154
 14   9.70703840059172 -0.386020206760478
 15   9.32878062640927 -0.752428820927653
 16   8.63850232947092 -0.714311439515873
 17   8.24466146390489 -0.566866371557583
 18   8.06003816546999 -0.480539432614893
 19   7.93296012977453 -0.416299677240921
 20   7.83315984741949 -0.36359805399946
 21   7.75014927336621 -0.318459071333568
 22    7.6747698902456 -0.276540355935824
 23    7.6005427757935 -0.234452933945988
 24   7.52335698164442 -0.189871838167661
 25   7.44061977071778 -0.141183759362603
 26   7.35072917002447 -0.0872420339239577
 27   7.25284721298017 -0.0272691584774815
 28    7.1468027136554 0.0391662907552548
 29    7.0329877384075 0.112168670726437
 30   6.91218874373007 0.191568336561332
 31   6.78537320917747 0.277006480528775
 32   6.65349343048984 0.368023757680697
 33     6.517355639796 0.464126117554767
 34    6.3775633212532 0.564819129445453
 35   6.23451497239853  0.66961768661043
 36   6.08843024429306 0.778042974028931
 37   5.93938540852451 0.889615986792489
 38   5.78734822191698   1.0038523695935
 39   5.63220858167373  1.12025990841868
 40    5.4738045375793  1.23833821411174
 41   5.31194411097352  1.35757976636772
 42    5.1464233372739  1.47747171261392
 43   4.97704096704957   1.5974979655115
 44    4.8036101061606  1.71714139230939
 45   4.62596687573475  1.83588612223587
 46   4.44397650352593  1.95321982376591
 47   4.25753722779501  2.06863588231466
 48   4.06658239215772  2.18163545190829
 49   3.87108124553184  2.29172929459202
 50   3.67103899942933  2.39843934379314
 51   3.46649623062893  2.50130018657793
 52   3.25752825176531  2.59986035320505
 53   3.04424425905888   2.6936836960753
 54   2.82678659968656  2.78235082136726
 55    2.6053299040323  2.86546075051518
 56   2.38008033965126  2.94263273620471
 57   2.15127446415441  3.01350839059948
 58    1.9191782006386  3.07775389614906
 59     1.684085173211  3.13506245365948
 60   1.44631501944061  3.18515670343999
 61   1.20621107870022  3.22779117215317
 62  0.964137885341709  3.26275457010352
 63  0.720478125589594  3.28987190172449
 64  0.475629426670493  3.30900628326575
 65  0.230000667462052  3.32006042072243
 66  -0.0159917562284179  3.32297768495105
 67  -0.261927951694545  3.31774274472128
 68  -0.507388572741161  3.30438174951306
 69  -0.751958814964363  3.28296203458882
 70  -0.995232427782796  3.25359137777109
 71  -1.23681542093549  3.21641681861697
 72  -1.47632967079352  3.17162308528339
 73  -1.71341608861134  3.11943068719556
 74  -1.94773758461103  3.06009372472149
 75  -2.17898146979795  2.99389753330339
 76  -2.40686169085652  2.92115617964256
 77  -2.63112041821413  2.84221000585836
 78  -2.85152956588512  2.75742317402196
 79  -3.06789175869864    2.667181439522
 80  -3.28004130933361  2.57189006199366
 81  -3.48784488179318  2.47197202027665
 82  -3.69120225342017   2.3678664054018
 83  -3.89004694488667  2.26002706492046
 84  -4.08434699249831  2.14892130445976
 85  -4.27410553856462  2.03502867293573
 86  -4.45936131916902  1.91883960799939
 87  -4.64018858236678  1.80085396778849
 88  -4.81669619264389  1.68157934142708
 89  -4.98902540552297  1.56152918784423
 90  -5.15734583682909   1.4412208581279
 91  -5.32184915835623  1.32117358091994
 92  -5.48274015283816  1.20190645799727
 93  -5.64022479389652  1.08393653443423
 94  -5.79449519842506 0.967776929415872
 95  -5.94571125236407 0.853935128391198
 96  -6.09397862018477 0.742911732216537
 97   -6.2393227837887 0.635200177819586
 98  -6.38165882237909 0.531288113801437
 99   -6.5207575791132  0.43166073230542
100  -6.65621182979585  0.33680476235578
101  -6.78741208332284 0.247208683963895
102  -6.91355032329366 0.163350649854159
103  -7.03367657824147 0.0856635142398961
104  -7.14682721342374 0.0144713462125793
105  -7.25221684995275 -0.0500937266253356
106  -7.34944842027527 -0.108169391239591
107  -7.43868229103045 -0.16021013599281
108  -7.52074384144022 -0.20700221884924
109  -7.59722586277947 -0.249683080052133
110  -7.67071620140809 -0.289830170147486
111  -7.74531663662867 -0.329685051362303
112  -7.82746779023432 -0.372466459732855
113   -7.9262379328175 -0.422231282817877
114  -8.05213567368278 -0.482663282815427
115  -8.23620543200131 -0.563786135542817
116  -8.63190232273341 -0.700608206816563
117  -9.32203098243209 -0.718316046752342
118  -9.68906370891209 -0.340227372578769
119  -9.75483633026911 0.220506729290439
120   -9.5698095400025 0.719267130622869
121  -9.25267605339445  1.12410198559055
122  -8.50497090803391  1.64982909042542
123  -7.66125785156228  2.01052542196407
124  -6.75839750836591  2.25412670710304
125  -5.82744928191883  2.44087276712846
126  -4.88492155079566  2.61652576574166
127  -3.95012855041719  2.80627202810562
128  -3.03959887532593  3.02977693059461
129  -2.14151973307415  3.29154937401941
130  -1.11486612987021  3.44858369150404
131  0.271661502506189  3.99431861029149
132   1.31643761118117    3.932725893442
133   2.27572157934387  3.79445947614336
134   3.19729249977171  3.61231171649143
135   4.12278629571348  3.41412580805115
136   5.06921139442206  3.22114881343975
137   6.06125481735468  3.02731884491028
138   7.08248296801591  2.80320294170569
139   8.10094214499206  2.48718772668646
140   9.06495894848389  1.98752125240528
141   9.84116849009314  1.21767973214935
142   10.1387976878062 0.582072470145476
143   10.2270679071084 -0.109074707431246
144   10.0952388038232 -0.779455920384964
145   9.77242086967777 -1.37054940486603
146   9.26933811211298  -1.8722146754873
147   9.07068590734612 -2.00063211450262
148   8.82533401135395 -2.12234915620923
149   8.56476955320651 -2.21474605480703
150   8.29575698793999 -2.27612659920266
151    8.0217396379811 -2.30718281578418
152    7.7476354759483 -2.30925088465544
153    7.4782130482155 -2.28488451210706
154   7.21718774332662 -2.23757925626258
155   6.96707341195341 -2.17127718897819
156   6.72927132003872 -2.08993530633405
157   6.50421529390832 -1.99719458249702
158   6.29154130317878 -1.89615343184224
159   6.09028819816819 -1.78925821412465
160   5.89912583425975  -1.6783150933852
161   5.71657936714699 -1.56459760892922
162   5.54120740166532 -1.44899687444759
163   5.37170886741439 -1.33216247874259
164   5.20696331815078 -1.21460544610205
165   5.04602711625243 -1.09676092589456
166   4.88810924262235 -0.979021107302293
167   4.73254256896208 -0.861750431367934
168   4.57875798253767 -0.74529211380607
169   4.42626380826234 -0.629970652994538
170   4.27462993541742 -0.516092883726402
171   4.12347602728904 -0.403948258966823
172   3.97246243756213 -0.293809846269307
173   3.82128434218884 -0.185934485771523
174   3.66966623296502 -0.0805654343360098
175   3.51736056856045 0.0220678518290512
176   3.36414389275458 0.121744140249702
177   3.20981966669755 0.218253328237266
178   3.05421339530151 0.311386275279198
179   2.89718026349685 0.400944397699292
180   2.73859622858386 0.486722103387458
181   2.57837119070476 0.568528010816468
182   2.41643383634314  0.64615557615682
183   2.25275083146991 0.719421139505991
184   2.08730442221695 0.788117595240686
185   1.92011748806157 0.852073405292991
186   1.75122457223436 0.911085503844207
187   1.58070117830192 0.965001100981922
188    1.4086307406142  1.01362842997185
189   1.23513507373544  1.05684072019438
190    1.0603410137321  1.09446602857575
191  0.884408275479752  1.12641018488978
192  0.707499608092894  1.15252955688941
193  0.529802752138811  1.17276785816766
194  0.351507158587626  1.18701700431451
195  0.172817675398904  1.19526215324459
196  -0.00606003546443685  1.19743612206113
197  -0.184915525398485  1.19356696565678
198  -0.36353831000952  1.18363140839392
199  -0.541723890938037  1.16769967401938
200  -0.719268770757074  1.14579285573222
201  -0.895985531268602  1.11802030505589
202  -1.07168928819038   1.0844455886391
203  -1.24622000077824  1.04521197645053
204  -1.41942229823177  1.00042139441053
205  -1.59117256482927 0.950244153809433
206  -1.76135470343459  0.89481459704832
207  -1.92988893564892 0.834322128576594
208  -2.09670660736113 0.768926317492574
209  -2.26177737713103 0.698827677356648
210  -2.42508602110726 0.624203311733962
211  -2.58665528218526 0.545258056152508
212  -2.74652669217006 0.462179738045492
213  -2.90477751578788 0.375173285915368
214   -3.0615064576262 0.284433036597252
215  -3.21684451630262 0.190163889890878
216  -3.37094542476621 0.0925667570617563
217  -3.52399163173404 -0.00814871330422239
218  -3.67618888847531 -0.111769898307942
219  -3.82776954314816 -0.218073512508939
220  -3.97899085882059 -0.326826556752703
221  -4.13013816608732 -0.437781811934186
222  -4.28152686100608 -0.550677176374719
223  -4.43350759289241 -0.665233342293302
224    -4.586472420956 -0.781153166425762
225  -4.74086381753773 -0.898120529881764
226  -4.89718632735418 -1.01579942467979
227  -5.05602201710014 -1.13383205864337
228  -5.21805031394191 -1.25183499257942
229  -5.38407245277565  -1.3693907437938
230  -5.55503812965939 -1.48603014166994
231    -5.732067018225 -1.60119697130411
232  -5.91644975274845 -1.71418366130047
233  -6.10960550418206 -1.82402868653133
234  -6.31297424837236 -1.92937917288071
235  -6.52783867453634 -2.02834684772875
236  -6.75509897114738 -2.11840786914488
237  -6.99504156591742 -2.19639804512373
238  -7.24713399125524  -2.2586293646531
239  -7.50985342947256 -2.30112487440638
240   -7.7805481408537 -2.31995974811375
241  -8.05536739770127 -2.31170087117805
242  -8.32943848143464 -2.27389767731426
243  -8.59777489077188 -2.20532719065692
244  -8.85679102110481 -2.10540560174802
245  -9.09951525949323 -1.97614990819691
246  -9.29525389019525 -1.84113252236056
247  -9.78267729292127 -1.32384297227649
248  -10.0870822018253 -0.723289490613926
249   -10.199543736236 -0.0494249338352002
250  -10.0936591258198  0.63911078288434
251  -9.78259849366722  1.26790240541815
252  -8.99459294821997  2.02486735255156
253  -8.02630206858483  2.51412213887412
254   -7.0068665608087  2.82290542691613
255  -5.98572387983455  3.04118525321757
256  -4.98429049285108  3.23019641118412
257  -3.97217713774064  3.42717860172239
258  -2.93206948348503  3.63601045732533
259  -1.87082417296719   3.8242565439855
260  -0.799565378617203  3.95209792740112
