// Id               X                Y
  1   -0.1482879680874  3.09246062042094
  2  0.786827198143013  3.03764137129288
  3   1.71330995263827  2.85762265865363
  4   2.61180639213399  2.56287823583586
  5   3.53035472727982  2.36857221918071
  6   4.46718063926314  2.36270486941801
  7   5.39066232501951  2.51972405334909
  8   6.30445872696404  2.70188923746095
  9   7.22666895830677  2.68012044500089
 10   7.99096419167259  2.17419969516691
 11   8.04714911326105  1.26904225814232
 12   7.71566315041334 0.874589770033946
 13   7.24207229210101 0.671791640864827
 14   6.72673105673917 0.644412846406119
 15   6.21952603682771 0.734238180428178
 16   5.73000504635998 0.878782526632067
 17   5.62723448756403 0.908605767061127
 18   5.51950805520256 0.941268724818396
 19   5.41043326819528 0.976338833906583
 20   5.30086588452245  1.01361618280887
 21    5.1911901861601   1.0531339377196
 22   5.08154688269461  1.09470770319086
 23   4.97207204658953  1.13830585415566
 24   4.86280134627819  1.18371956495347
 25   4.75378771656756  1.23084241100375
 26   4.64501853438081  1.27946008198569
 27   4.53649092963724  1.32942086762437
 28   4.42816199351562   1.3805171234812
 29   4.31999314549399  1.43257752548424
 30   4.21192401479427  1.48540619926509
 31   4.10389648803387  1.53882871115703
 32   3.99584247329897  1.59266286157228
 33   3.88769620674699  1.64674020629802
 34   3.77938915010398  1.70089270934595
 35   3.67085606409501  1.75496228102849
 36   3.56203316860984  1.80879486739732
 37   3.45286106917028  1.86224445456667
 38      3.34328422672  1.91517048001475
 39   3.23325232686153  1.96743940219072
 40   3.12272017308831  2.01892354590696
 41   3.01164827683338  2.06950164669776
 42   2.90000281745803  2.11905830222604
 43    2.7877558257605  2.16748410392799
 44     2.674885091794  2.21467534202416
 45   2.56137412445857  2.26053397880003
 46   2.44721198452033   2.3049674595476
 47   2.33239311582947  2.34788862784138
 48   2.21691711552658  2.38921558028124
 49   2.10078849180851  2.42887156107457
 50   1.98401639237123  2.46678483421242
 51     1.866614323601  2.50288857049542
 52   1.74859985765786  2.53712072635889
 53   1.62999433664196  2.56942392838031
 54   1.51082257493295  2.59974535535704
 55   1.39111256437349  2.62803662345346
 56   1.27089518394477  2.65425367203378
 57   1.15020391638287  2.67835665279323
 58   1.02907457290229  2.70030982201611
 59  0.907545027141618  2.72008143760608
 60  0.785654958780911  2.73764366154349
 61  0.663445607020542  2.75297246905077
 62  0.540959533692785  2.76604756535836
 63  0.418240395512331  2.77685231112849
 64  0.295332724689477  2.78537365738706
 65  0.172281716916088  2.79160209078958
 66  0.0491330255500592  2.79553158988246
 67  -0.0740674393147995   2.7971595929134
 68  -0.197273708311991  2.79648697758319
 69  -0.320439948277478  2.79351805298724
 70  -0.443520657240655  2.78826056383245
 71  -0.56647086042338  2.78072570685986
 72  -0.689246308684889  2.77092815924647
 73  -0.811803680760576   2.7588861186111
 74  -0.934100790515473   2.7446213541086
 75   -1.0560968002628  2.72815926796969
 76  -1.17775244099103  2.70952896673241
 77  -1.29903024009677  2.68876334131884
 78  -1.41989475692987  2.66589915504126
 79  -1.54031282612813  2.64097713857723
 80  -1.66025380834783  2.61404209093549
 81  -1.77968984757855  2.58514298544678
 82   -1.8985961337726  2.55433307985488
 83  -2.01695116901506  2.52167002965305
 84   -2.1347370349035  2.48721600390778
 85  -2.25193965820649  2.45103780292828
 86  -2.36854907121298  2.41320697726744
 87  -2.48455966245311  2.37379994767202
 88  -2.59997041269414  2.33289812570282
 89  -2.71478511024906  2.29058803480706
 90  -2.82901253862219  2.24696143161847
 91  -2.94266662847349  2.20211542710315
 92  -3.05576656466166   2.1561526068154
 93  -3.16833683756783  2.10918114899041
 94  -3.28040722640845  2.06131493814544
 95  -3.39201270040455  2.01267367038139
 96  -3.50319322101461  1.96338294455999
 97   -3.6139934263651  1.91357433038576
 98  -3.72446217609241  1.86338540008812
 99  -3.83465193046849  1.81295970546203
100   -3.9446179351219  1.76244667379283
101  -4.05441717891125   1.7120013870482
102  -4.16410708593579  1.66178419709698
103  -4.27374390252982  1.61196011447067
104  -4.38338073581523  1.56269788954766
105  -4.49306519577655  1.51416868916428
106   -4.6028365990056  1.46654424443715
107  -4.71272269616873  1.41999433155348
108  -4.82273588904776  1.37468342953478
109  -4.93286893490635  1.33076640905185
110  -5.04309008073002  1.28838317116658
111  -5.15333710573667  1.24765245620392
112  -5.26350714241189  1.20866594075732
113  -5.37342777055692  1.17148641672028
114  -5.48275500591642  1.13615975061266
115  -5.59061204162101  1.10276397186462
116  -5.69346868780199  1.07182358800119
117  -6.18334386745213 0.914725045768025
118  -6.68900581535073 0.797602359585151
119  -7.20707843275518 0.779512054570668
120  -7.70294280577469 0.919959110202349
121  -8.09523904691322  1.25255655846908
122  -8.22540494488188  2.15010871619808
123  -7.55215922313096  2.76984390015001
124   -6.6349451893853  2.86536880939421
125  -5.72110562700059  2.69770957831569
126  -4.80652330660769  2.51002641837243
127  -3.87487124866062  2.45598034518098
128  -2.94960852485971  2.58170778554603
129  -2.04300028474373  2.82053696253414
130  -1.09814118194083  2.98186551520833
131   -0.1466303949374    3.686821002784
132   0.81996345445608  3.64332158232724
133   1.76696576641387  3.45948292702208
134   2.68450177843847  3.16895917521724
135   3.61942471524133  2.97267380139678
136   4.57581298190533  2.96561715376565
137   5.57111891946086  3.10831642137751
138   6.62410704020824  3.22891859321992
139   7.68965901406784  3.07144161493071
140   8.53079633222814  2.40173767638168
141   8.58153168029809  1.32953104264829
142   8.28921094867773 0.706117157702068
143   7.74293682036917 0.288302460192346
144   7.07931832026547 0.111686475751478
145   6.39565059355996 0.101801711924273
146   5.74691278417488 -0.0712995881350018
147   5.60929598857198 0.0790887214210307
148   5.45949506068587 0.158551955657709
149   5.31024998187286 0.211037752517998
150   5.16474121891814 0.257302621853359
151    5.0235382626223 0.303986201375486
152   4.88654573326882 0.352539764485808
153   4.75345037838381 0.402953941429744
154   4.62389173614554 0.454927177424356
155   4.49752104262304 0.508148371577705
156   4.37401553208874 0.562341613472818
157   4.25307923721982 0.617262690429094
158    4.1344408711843 0.672691693407859
159   4.01785140002254 0.728427788907533
160   3.90308186751805 0.784286130392762
161   3.78992146382349 0.840095800826239
162   3.67817587353487    0.895698441439
163   3.56766586534809 0.950947170545494
164   3.45822611143418  1.00570573023939
165   3.34970419579521  1.05984772114603
166   3.24195978827069  1.11325591400734
167   3.13486393981554  1.16582159236375
168   3.02829847678454  1.21744393086441
169   2.92215546611471  1.26802939711186
170   2.81633673133858  1.31749118665464
171    2.7107534043938  1.36574869001823
172   2.60532550220525   1.4127269980136
173   2.49998151874356  1.45835644668931
174   2.39465802796993  1.50257220412192
175   2.28929929374003  1.54531389862636
176   2.18385688445091  1.58652528792999
177   2.07828929156653  1.62615396710155
178   1.97256155164058  1.66415111287237
179   1.86664487187069  1.70047126131578
180   1.76051625968068     1.73507211571
181   1.65415815683279  1.76791438129499
182   1.54755807862627  1.79896162375996
183   1.44070825877045   1.8281801484088
184   1.33360530040919  1.85553889721446
185   1.22624983367087    1.881009361232
186    1.1186461800487  1.90456550612362
187   1.01080202376369  1.92618370884341
188  0.902728090132701  1.94584270381701
189  0.794437830884653  1.96352353720561
190  0.685947116217198  1.97920952809629
191  0.577273933269719  1.99288623568044
192  0.468438090630113  2.00454143166754
193  0.359460928360553  2.01416507735592
194  0.250365032940751  2.02174930492467
195  0.141173956500804  2.02728840262692
196  0.0319119396112839  2.03077880367041
197  -0.0773963631491441  2.03221907865538
198  -0.186726155618075  2.03160993150943
199  -0.296052771304614   2.0289541989238
200  -0.405351944317189  2.02425685335235
201  -0.514600080757126  2.01752500969034
202  -0.623774531401292  2.00876793580787
203  -0.732853866454507  1.99799706717683
204  -0.841818153067492  1.98522602590614
205  -0.950649236307021  1.97047064458333
206  -1.05933102418141  1.95374899542293
207  -1.16784977720981  1.93508142534544
208  -1.27619440298132  1.91449059774312
209  -1.38435675603722  1.89200154184771
210  -1.49233194327968  1.86764171079549
211  -1.60011863505121  1.84144104966699
212  -1.70771938191473  1.81343207498103
213   -1.8151409370476  1.78364996732987
214  -1.92239458413786  1.75213267902208
215  -2.02949647061673  1.71892105876798
216  -2.13646794602985  1.68405899556912
217  -2.24333590549568  1.64759358399716
218  -2.35013313836287  1.60957531299044
219    -2.456898682395  1.57005828011717
220  -2.56367818449464  1.52910043280483
221  -2.67052426971238  1.48676383743573
222  -2.77749692110469  1.44311497641143
223  -2.88466387508297  1.39822507192787
224  -2.99210103885297  1.35217043385128
225  -3.09989293860323  1.30503282766604
226  -3.20813321222765  1.25689985617944
227   -3.3169251642708  1.20786534758704
228  -3.42638240480085  1.15802974225885
229  -3.53662960412665  1.10750046995536
230  -3.64780340010597  1.05639231398592
231  -3.76005349954734  1.00482776730584
232  -3.87354402888919  0.95293739722353
233  -3.98845518558235 0.900860263623606
234  -4.10498523720496 0.848744476875615
235  -4.22335291911747 0.796748050848702
236  -4.34380025170639  0.74504035724896
237  -4.46659578215226 0.693804768457135
238  -4.59203819976701 0.643243486211045
239  -4.72045979750833 0.593585176946518
240  -4.85222710693354 0.545089139226385
241  -4.98772822916893 0.498002150025752
242  -5.12731559071875 0.452275457640057
243  -5.27113494635838 0.406390197919844
244  -5.41866309774009 0.353616462312307
245  -5.56666840081836 0.273088585788682
246  -5.70193489076006  0.12088884387692
247  -6.34860657148356 0.277407348238415
248   -7.0281509555632  0.24471967322582
249  -7.70273753448837  0.36376453796738
250  -8.29591141225377 0.712054559055896
251  -8.67006747487231  1.29032050871916
252  -8.77223752715681  2.35912518736878
253  -8.02355987771711  3.12800507692031
254   -6.9759444532239  3.37762334162834
255  -5.91604640909578  3.28183978278757
256  -4.89863530252641  3.11577785982838
257  -3.93877051163135  3.06351384330275
258  -2.98992587391813  3.19103420030996
259  -2.05408733075014  3.42497139389776
260   -1.1013589335071  3.58628842618535
