// Id               X                Y
  1  -0.0768023804552126   2.8881458060873
  2   1.00282559633464  2.80367038299013
  3   2.03263230528617  2.53674785955925
  4   2.92201336164657  2.12615295325682
  5   3.78792956555967   1.7150781771702
  6   4.65985060931088  1.32772108201504
  7   5.52655598476067 0.952036101223385
  8   6.35773384915421 0.532929296773164
  9   7.08680669912022 -0.0181405660576877
 10   7.56766769240801 -0.774366838954823
 11   7.57128498214269 -1.67118955256586
 12   7.28748503782252 -2.07562351526189
 13   6.83719612993444 -2.30823957872212
 14   6.32437580101014 -2.28847166778121
 15   5.89438608723318 -2.02251627552685
 16   5.65498853877283 -1.64655307237486
 17   5.57521704476017 -1.47824119304051
 18   5.50462875178012 -1.31350039823996
 19   5.43840355692425 -1.15351933362137
 20   5.37348066329546 -0.998776128024975
 21   5.30797349549791 -0.849344480021464
 22   5.24076105944362 -0.705052524579892
 23   5.17120834694799 -0.56558663525091
 24   5.09898194417222 -0.430567126568955
 25   5.02393233985114 -0.29960150613988
 26   4.94601981711973 -0.17231777913519
 27    4.8652673800683 -0.0483820491994113
 28    4.7817302960761 0.0724943287747757
 29   4.69547627454332 0.190553447721725
 30   4.60657292527072 0.305992284667549
 31   4.51508046293449 0.418965185602754
 32   4.42104823840334 0.529586690431287
 33   4.32451398817721 0.637934510034331
 34   4.22550490351227 0.744052667505412
 35   4.12403980410948 0.847954843263458
 36   4.02013187020952  0.94962792369883
 37   3.91379153586642  1.04903570300296
 38    3.8050292694265  1.14612265228403
 39   3.69385806389606   1.2408176545295
 40    3.5802955328475  1.33303760539039
 41   3.46436556133804  1.42269079247623
 42    3.3460995005124   1.5096799844957
 43   3.22553692279823  1.59390518211516
 44   3.10272597451096  1.67526600223885
 45   2.97772337603256   1.7536636851117
 46   2.85059412770636  1.82900272857638
 47   2.72141098307403  1.90119216582437
 48   2.59025375082075  1.97014651216091
 49    2.4572084835156  2.03578641286224
 50   2.32236660567299  2.09803902839445
 51    2.1858240265506  2.15683819536441
 52   2.04768027513797  2.21212440187885
 53   1.90803768659999  2.26384461481041
 54   1.76700066153402  2.31195199413213
 55   1.62467501216553  2.35640552630932
 56   1.48116740329864  2.39716960504095
 57   1.33658489058678  2.43421358370319
 58   1.19103455452077  2.46751131990658
 59   1.04462322539364   2.4970407288269
 60  0.897457292280178   2.5227833585467
 61  0.749642587622924  2.54472399763692
 62  0.601284338186876  2.56285032265997
 63  0.452487172776065   2.5771525911895
 64  0.303355177053794  2.58762338429575
 65  0.153991985953149  2.59425740118958
 66  0.00450090439534857  2.59705130779734
 67  -0.145014952726997  2.59600364038014
 68  -0.294452510145426  2.59111476484547
 69  -0.443708580135421  2.58238689205051
 70  -0.592679717518568  2.56982414908912
 71  -0.741262090602155  2.55343270621476
 72  -0.889351377133373  2.53322095860239
 73  -1.03684269462928  2.50919976151537
 74  -1.18363057466987  2.48138271655544
 75  -1.32960899096577  2.44978650545097
 76  -1.47467145105983  2.41443126621651
 77  -1.61871116115959  2.37534100447729
 78  -1.76162127294654  2.33254403021381
 79  -1.90329521992412  2.28607340716347
 80  -2.04362714867103  2.23596739870815
 81  -2.18251244752684  2.18226989023335
 82  -2.31984837120976  2.12503076390361
 83  -2.45553475465591  2.06430619775584
 84  -2.58947480338558  2.00015885702948
 85   -2.7215759403455  1.93265794228625
 86  -2.85175068134746  1.86187905617947
 87  -2.97991750297675  1.78790384914046
 88  -3.10600165825146   1.7108194043545
 89  -3.22993588844133  1.63071732371812
 90  -3.35166097242255  1.54769248073718
 91  -3.47112605096109  1.46184141259048
 92  -3.58828866351131  1.37326033143037
 93  -3.70311443387484  1.28204274942173
 94  -3.81557635038299  1.18827672534174
 95  -3.92565359957428  1.09204175724244
 96   -4.0333299217118 0.993405373787292
 97  -4.13859149326554 0.892419491266484
 98  -4.24142437619319 0.789116625453078
 99  -4.34181161243361 0.683506078762087
100  -4.43973013614273 0.575570208548171
101  -4.53514776179765 0.465260885038794
102   -4.6280206161606 0.352496237686372
103   -4.7182915792094 0.237157704499392
104  -4.80589044429704  0.11908739438674
105  -4.89073672023324 -0.00191420601796077
106  -4.97274625778567 -0.126090027051419
107  -5.05184319362016 -0.25372705249119
108  -5.12797931699173 -0.385154263448628
109  -5.20116432290442 -0.520735123492968
110  -5.27151283249087 -0.660850329415487
111  -5.33931847589696 -0.805866069347979
112  -5.40517113876763 -0.956083721714122
113  -5.47014011196118 -1.11166876426482
114  -5.53605120369368 -1.27255349790011
115  -5.60589163239489 -1.43828868211643
116  -5.68439008276748  -1.6077569409165
117  -5.91863241078615 -1.98773370845708
118  -6.34165919396624 -2.26431741984263
119  -6.85289799655375 -2.30353775298991
120  -7.31332206722811 -2.09355626701238
121  -7.61822096401537 -1.70599997204972
122  -7.66236511093744 -0.811733911937102
123  -7.21167661997269 -0.0392680189330522
124  -6.49747192805295 0.525486154707874
125  -5.67383066451332 0.948536214865069
126  -4.81223547859441  1.31848620655127
127  -3.94504788591098  1.69322252597911
128   -3.0850333335116  2.08979967274615
129  -2.21104557042373  2.48490729518487
130  -1.15421647917986  2.73806401396427
131  -0.0750391467533363  3.46594517891882
132  0.997945095899803   3.3857460962588
133   2.04572584714319  3.11954475383787
134   3.05672516057404  2.72219229170582
135   4.04272536576511  2.27550189429629
136   5.02524160461459  1.82397272317156
137     6.001443812748  1.34667136479987
138    6.9315121099834 0.765114925328151
139   7.70661058703484 -0.0289331625948529
140   8.09309761357504 -1.08207872166504
141   7.76827767548161 -2.15535067401508
142   7.18362368287243 -2.59188556811151
143   6.46510719487191  -2.7016003576891
144   5.76267424439088 -2.52051619972515
145   5.13515353625779 -2.16075098253051
146   4.51976069794089 -1.69043825610452
147    4.4453948547781 -1.61443120583794
148   4.37299061413631 -1.53569306522859
149   4.30232364692762 -1.45453153833005
150   4.23313501021087 -1.37125697456567
151   4.16513852012603  -1.2861819597603
152   4.09803054921487 -1.19962119499371
153   4.03149912456583  -1.1118889739443
154   3.96523206368108 -1.02329475148531
155   3.89892437445816 -0.934138280517217
156   3.83228491076593 -0.84470553212995
157   3.76504203931441 -0.755265947380039
158   3.69694804394006 -0.666071021134878
159   3.62778211636714 -0.577353942049514
160   3.55735194799795 -0.489329951402108
161   3.48549407231342 -0.40219713284842
162   3.41207318651873 -0.316137426968612
163   3.33698070840529 -0.231317739472079
164   3.26013281510434 -0.147891067113643
165   3.18146817975172 -0.0659976006065364
166   3.10094558208988 0.0142342160662396
167   3.01854152759192 0.0926866802860742
168   2.93424797130493 0.169251885165308
169   2.84807020957396 0.243830837608433
170   2.76002497587667 0.316332643200019
171   2.67013875605589 0.386673760320511
172   2.57844632275418 0.454777324871163
173   2.48498947807191 0.520572545641425
174   2.38981598657961  0.58399416879248
175   2.29297867703725 0.644982008328538
176   2.19453468978584 0.703480537957737
177   2.09454484714321 0.759438538545974
178   1.99307312570753 0.812808794530045
179    1.8901862117935 0.863547832222758
180   1.78595312392654 0.911615692908801
181   1.68044488911636 0.956975733957137
182   1.57373426231147 0.999594451800082
183   1.46589548086004   1.0394413214733
184   1.35700404788335  1.07648864839269
185   1.24713654016842   1.1107114290847
186   1.13637043750289  1.14208721861681
187   1.02478397133254   1.1705960034368
188  0.912455991259435  1.19622007918114
189  0.799465848267744  1.21894393372601
190  0.685893293719301  1.23875413631239
191  0.571818393155578  1.25563923397738
192  0.457321453819536  1.26958965677169
193  0.342482964626133  1.28059763334853
194  0.227383547091719  1.28865711848954
195  0.112103915494768  1.29376373400835
196  -0.00327515565485231  1.29591472425806
197  -0.118672858919919  1.29510892718785
198  -0.234008378254472  1.29134676156959
199  -0.349200912615883  1.28463023065246
200  -0.464169701124995  1.27496294214662
201  -0.578834052073788  1.26235014406501
202  -0.69311337790264  1.24679877563449
203  -0.806927238035777  1.22831753218929
204  -0.920195391493374   1.2069169427578
205   -1.0328378608109  1.18260945884985
206  -1.14477500847565  1.15540955308726
207  -1.25592762727633  1.12533382611475
208  -1.36621704558018  1.09240112087379
209  -1.47556524826865  1.05663264316585
210  -1.58389501510482  1.01805208880016
211  -1.69113007748469 0.976685776831843
212  -1.79719529624447 0.932562791978144
213   -1.9020168629718  0.88571513551669
214  -2.00552253061684 0.836177892797258
215  -2.10764187652619 0.783989414034965
216  -2.20830661176146 0.729191526074952
217  -2.30745093686473 0.671829761636906
218  -2.40501197578577 0.611953644434696
219  -2.50093027247434 0.549616986913382
220   -2.5951504212283 0.484878289259215
221  -2.68762176819032 0.417801114305428
222  -2.77829934260655 0.348454656668807
223  -2.86714481582726 0.276914175617231
224  -2.95412789469701 0.203261811795063
225  -3.03922751832179 0.127586996327364
226  -3.12243393917087 0.049987673143415
227  -3.20374998087179 -0.0294295691468868
228   -3.2831941601537 -0.110547507124181
229  -3.36080136494705 -0.19323896765213
230  -3.43662781099075 -0.277363366794666
231  -3.51074946939785 -0.362769293734294
232  -3.58327054105695 -0.449288048426778
233  -3.65431614711354 -0.536740506055028
234  -3.72404786453496 -0.624924485140457
235  -3.79264380864462 -0.713630535183886
236  -3.86032860441464 -0.802617580626685
237  -3.92732884424807 -0.891645836262339
238  -3.99393044355889 -0.980431782071587
239  -4.06039270156061 -1.06871111824185
240  -4.12705024716526 -1.15616087659342
241  -4.19417041600418 -1.24250646859485
242   -4.2621105377667 -1.32740027624805
243  -4.33112124750742 -1.41057350548054
244  -4.40153882487547 -1.49167680033643
245  -4.47357812564614 -1.57044371091219
246  -4.54749536103383 -1.64654415118955
247  -5.15844374846469 -2.12143900854595
248  -5.77887513495913 -2.49096337071944
249  -6.47528370328382  -2.6897397660118
250  -7.19626304462718 -2.60546532128484
251  -7.79843321529817 -2.19471200741099
252  -8.17365620473078 -1.13897580150458
253  -7.83044579217079 -0.0714670277763487
254  -7.07694962005598 0.743089749644341
255  -6.15452227846739  1.33626598020103
256  -5.17936740589687   1.8136851413767
257  -4.19448067096324  2.25595815957402
258  -3.20358550913244  2.68699601483493
259  -2.18871591674479  3.06813274812242
260  -1.14636366032838  3.33963582665789
