// Id               X                Y
  1  -0.0806131910172047  0.50882960757255
  2   0.87484226999715 0.525536748926318
  3   1.84532319217817 0.576786659558837
  4   2.84628505882521 0.646921637046592
  5   3.85898742061432 0.714811950313328
  6   4.79959378172151 0.858828553667261
  7   5.71216456023814  1.12724755457861
  8   6.59548648120911  1.48146063486418
  9   7.48344401460894  1.80390824600245
 10   8.41419545915043  1.90552884009516
 11   9.27191384314322   1.5187022784602
 12   9.50430197699108  1.04348992364996
 13   9.45245129215264 0.517839498948301
 14   9.13263930466293 0.106531359886859
 15   8.66253917748174 -0.0823004681550511
 16   7.98428706863321 0.0198488595892613
 17   7.41197214569625 0.193177893312294
 18   7.35279822112287 0.207046336560882
 19   7.30268354172586 0.218245028108242
 20   7.24280303356757 0.231030583789494
 21   7.16868328655714 0.246015248846358
 22   7.08114658114396 0.262632613522599
 23   6.98158306438859 0.280244178242419
 24   6.87123658629813 0.298314659269621
 25   6.75119583530288 0.316403689138521
 26   6.62245401931226 0.334145050297023
 27   6.48594342651035   0.3512297746957
 28    6.3425463672046 0.367394649901824
 29   6.19309501716269 0.382414397478518
 30   6.03836914241907  0.39609658625321
 31   5.87909566079017 0.408278764300052
 32   5.71595049414976 0.418827371994545
 33    5.5495615206653 0.427637906092966
 34   5.38051116467083 0.434635721264963
 35   5.20933764511391 0.439776857746291
 36   5.03653464807619 0.443048380889744
 37    4.8625498596155 0.444467887062704
 38   4.68778318882627 0.444082032620559
 39   4.51258555326581 0.441964134473021
 40   4.33725884896614  0.43821103301864
 41   4.16205734028306 0.432939480313368
 42    3.9871903489808 0.426282321884437
 43   3.81282590168838 0.418384700940991
 44   3.63909492740384   0.4094004546246
 45   3.46609563953382 0.399488812946837
 46   3.29389783112486 0.388811462127869
 47    3.1225469116705 0.377529997576083
 48   2.95206759519039 0.365803766255179
 49   2.78246720563258 0.353788081113661
 50   2.61373859997407 0.341632779310244
 51    2.4458627277752 0.329481089470388
 52   2.27881085421818 0.317468769977441
 53   2.11254647618989 0.305723479490879
 54   1.94702696058106 0.294364341846463
 55   1.78220493231652 0.283501669707604
 56   1.61802943757993 0.273236814376463
 57   1.45444690567489 0.263662112689155
 58   1.29140193114191 0.254860905634729
 59   1.12883789617911 0.246907607038998
 60  0.966697452086299 0.239867804185333
 61  0.804922877341389 0.233798375497916
 62  0.643456328995522 0.228747613323636
 63  0.482240003312057 0.224755342386704
 64  0.321216220953547 0.221853026653881
 65  0.160327451523239 0.220063859159019
 66  -0.000483708118990526 0.219402830832408
 67  -0.161274587631407 0.219876775615072
 68  -0.322102515111088  0.22148439017219
 69  -0.483024893314848 0.224216227421142
 70  -0.644099266344743  0.22805466393022
 71  -0.80538336288239 0.232973842097392
 72  -0.966935101882895 0.238939588957965
 73   -1.1288125463664 0.245909314566619
 74  -1.29107379056438 0.253831894219251
 75  -1.45377676517724 0.262647540382589
 76  -1.61697894486427 0.272287672132969
 77  -1.78073694129649 0.282674792204322
 78  -1.94510596413322 0.293722384424355
 79   -2.1101391311016 0.305334847367916
 80  -2.27588660692795 0.317407483438007
 81  -2.44239454914907 0.329826566220686
 82  -2.60970383678748 0.342469512729011
 83  -2.77784855550179 0.355205190879733
 84  -2.94685421020072 0.367894396002043
 85  -3.11673563348212  0.38039053306114
 86  -3.28749455621633 0.392540543218295
 87  -3.45911680633301 0.404186113889257
 88  -3.63156910559639 0.415165210050758
 89  -3.80479544554519 0.425313960484275
 90  -3.97871304828743 0.434468925000603
 91  -4.15320796230329 0.442469756110408
 92  -4.32813041387131 0.449162249133437
 93   -4.5032901314536 0.454401745784522
 94  -4.67845196970059 0.458056815299236
 95  -4.85333224584208 0.460013083725003
 96  -5.02759620593539 0.460177021413512
 97  -5.20085690036468 0.458479445932223
 98  -5.37267544466545 0.454878477494902
 99  -5.54256223535829 0.449361724372268
100  -5.70997833616662 0.441947592982066
101   -5.8743361380984 0.432685803197253
102  -6.03499865334539 0.421657408742785
103  -6.19127741159888 0.408974824211196
104  -6.34242970764803 0.394782492412129
105  -6.48765655697665 0.379258850395128
106  -6.62610263099266 0.362620166531437
107  -6.75685799848134 0.345126696201036
108  -6.87895812714882 0.327091624993105
109   -6.9913735386757 0.308893672655553
110  -7.09297671859041 0.290994830115747
111  -7.18248497476327  0.27396266396757
112  -7.25847210040114 0.258475190601144
113  -7.32009142539156 0.245152725276006
114  -7.37183825833591 0.233388882968984
115  -7.43267684221571 0.218833921733583
116  -8.00467786597325 0.0397244982899342
117  -8.68139288137242 -0.0752966632494711
118   -9.1562774109661 0.098858066372732
119  -9.49176898456554 0.496562949144164
120  -9.56732746169533  1.01945193731674
121  -9.35592323170627  1.50515294925162
122  -8.51344898207433  1.92222460880646
123  -7.58146593747234  1.83904492662582
124  -6.69281641986032  1.52251861444528
125  -5.81204242422476  1.16551859368527
126  -4.90299458672409 0.888628023641536
127   -3.9647441942084 0.734143533727667
128  -3.01106946633481 0.661165640790434
129  -2.00800416956086 0.587413647760769
130  -1.04126863291613 0.514433082064774
131  -0.0550755632512754  1.10956024932489
132  0.903828155905283  1.13189794713168
133   1.86216690985455   1.1783132251682
134   2.82033329876585  1.23786223210787
135   3.77714680827157  1.31624886346903
136   4.73063176540031   1.4671844943344
137   5.68352098646985   1.7394088366133
138   6.67060489286923   2.0922267893401
139    7.7018926626514  2.37903953484128
140    8.7847693335782  2.36799203116445
141   9.70809682973584  1.80221558378984
142   10.0141032046389  1.17754721274089
143   9.96659765663938  0.48097718179157
144    9.6039439499545 -0.124663902209067
145    9.1320417860448 -0.651905648324979
146   8.82071050082647 -1.30272815819623
147   8.70702960172956 -1.42054737385058
148   8.53009872709094 -1.54381541238267
149   8.33413076871489 -1.63454424048251
150   8.12982127809697 -1.69751175935088
151   7.92335539702186 -1.73863449729718
152   7.71780087803055 -1.76316256573477
153   7.51469292151153 -1.77531991896959
154   7.31476027102064 -1.77845523301226
155   7.11827931562864 -1.77521728095483
156   6.92526648601541 -1.76769108104617
157   6.73559061952256 -1.75750298554148
158   6.54904059181225 -1.74590628619782
159    6.3653657156348 -1.73385348368792
160   6.18429889011674 -1.72205750921342
161   6.00556891872298 -1.71104268510158
162   5.82890645888746 -1.70118609905472
163   5.65404679060137 -1.69275041079858
164   5.48073159476615 -1.68590939029665
165   5.30871104494534 -1.68076754550383
166    5.1377467047381 -1.67737507815262
167   4.96761505220667 -1.67573921226633
168   4.79811103160252 -1.67583275292894
169   4.62905093120836 -1.67760058205226
170   4.46027406960032 -1.68096467406609
171   4.29164310605628 -1.68582809798663
172   4.12304311251063  -1.6920783550222
173   3.95437974637783 -1.69959028931281
174   3.78557692188421  -1.7082287154721
175   3.61657432951724 -1.71785083788693
176   3.44732505508026   -1.728308493316
177   3.27779344676324 -1.73945022507548
178   3.10795329488864 -1.75112318733708
179   2.93778633160449 -1.76317487608228
180   2.76728102413215 -1.77545468512093
181   2.59643161910855 -1.78781528894573
182   2.42523739094265 -1.80011385778275
183   2.25370204911371 -1.81221311337386
184   2.08183326466115  -1.8239822365023
185   1.90964228267764 -1.83529763895686
186     1.737143594223 -1.84604361355074
187   1.56435464710381  -1.8561128760606
188   1.39129558014325 -1.86540701265659
189    1.2179889698336 -1.87383684568997
190   1.04445958166863 -1.88132272971709
191  0.870734121095405 -1.88779478847249
192  0.696840981026773 -1.89319310224414
193  0.522809984336612 -1.89746785380937
194  0.348672120829903 -1.90057943980214
195  0.174459278933462 -1.90249855312286
196  0.000203972868420873 -1.90320624078264
197  -0.174060933596494 -1.90269394039485
198  -0.348302505505786 -1.90096349738261
199  -0.522488015781945 -1.89802716385099
200  -0.69658522356317 -1.89390757896481
201  -0.870562650442815 -1.88863772956228
202  -1.04438985338938 -1.88226088860822
203  -1.21803769338959 -1.87483052793545
204  -1.39147859927206 -1.86641020052989
205  -1.56468682678893 -1.85707338638078
206  -1.73763871392694 -1.84690329464405
207  -1.91031293467623 -1.83599261357075
208  -2.08269075520918 -1.82444319835913
209  -2.25475629873365 -1.81236568584807
210  -2.42649682831495 -1.79987902384625
211  -2.59790306083335 -1.78710990197902
212  -2.76896953005501 -1.77419207034418
213   -2.9396950225655 -1.76126553212609
214  -3.11008311692191 -1.74847559675095
215  -3.28014286342892 -1.73597178127624
216  -3.44988964859174 -1.72390654954564
217  -3.61934629297158  -1.7124338811589
218  -3.78854443119757 -1.70170766530499
219  -3.95752621411337  -1.6918799175188
220  -4.12634634961819 -1.68309881950428
221  -4.29507445374258 -1.67550658151421
222   -4.4637976110591 -1.66923712014945
223  -4.63262294399404 -1.66441352661855
224  -4.80167987831647 -1.66114526431653
225  -4.97112170298663  -1.6595249724628
226  -5.14112601336078 -1.65962465997675
227  -5.31189375471106 -1.66149095346119
228  -5.48364686391282 -1.66513892589356
229  -5.65662487267366 -1.67054389100507
230  -5.83108113179037 -1.67763040543584
231  -6.00727936706329 -1.68625756484357
232  -6.18549098229911 -1.69619949765922
233  -6.36599290621574 -1.70711976472661
234  -6.54906494579203 -1.71853822783692
235  -6.73498465581063 -1.72978895295901
236  -6.92401666216113 -1.73996792063213
237  -7.11639202447338 -1.74786959597799
238  -7.31227117644595 -1.75191126878144
239   -7.5116802834281 -1.75004256636032
240    -7.714403136604 -1.73963361754436
241  -7.91979255223553 -1.71732961794677
242  -8.12641801926164 -1.67886217147342
243  -8.33133464669921 -1.61887836831568
244  -8.52846791769837 -1.53127387850181
245   -8.7071646640931 -1.41100115612926
246  -8.82195539788858 -1.29595564884367
247  -9.14436031896747 -0.650661983543184
248  -9.62818280823111 -0.133805705123723
249  -10.0071553238647 0.462222499637711
250  -10.0765504705921  1.15686765916869
251  -9.79092920750765   1.7902160002073
252  -8.88547745176222  2.38187301787536
253  -7.80374953629092  2.41240607843247
254  -6.77048028399873  2.13297055052312
255  -5.78395363875135  1.77778398474206
256  -4.83349510318491  1.49713935029752
257   -3.8826899848586  1.33722484198237
258   -2.9230028825482  1.24881833908744
259  -1.96610612849238  1.17951639718973
260  -1.00875213034835  1.12164938665465
