// Id               X                Y
  1  -0.105585808725516  1.44124127372827
  2  0.987071957160956  1.39761944219966
  3   2.05772845998541  1.31372757933866
  4   3.10965746380824  1.34076674612742
  5   4.08801945685779  1.42440679066264
  6   5.03411719242178  1.52811958743128
  7   5.96760294347026  1.62086832068305
  8   6.89056091695305  1.63751678127542
  9   7.78471701358134  1.48621876169261
 10   8.57375610001845  1.07604523931451
 11   9.13613817133837  0.38578082143614
 12   9.24922977015606 -0.0913963017381369
 13   9.17026135971764 -0.590729179451493
 14   8.86472533600227 -0.997761254558426
 15   8.39941633237938  -1.1727315486076
 16   7.96070536882904 -1.08651414997446
 17   7.80662024796728 -1.04223681691911
 18   7.60667948280808 -0.983918103035446
 19   7.41519734922547 -0.931143656986053
 20   7.23249215759471 -0.884562084849629
 21   7.05656397558931 -0.842567781563637
 22   6.88898999035564 -0.803626894136502
 23   6.73062995508062 -0.766103549817344
 24    6.5803940613378 -0.728523992199213
 25   6.43627564824071 -0.68977608182462
 26   6.29630940272585 -0.649119559818402
 27   6.15895121119815 -0.606127723310832
 28   6.02310361405112  -0.5606185128814
 29   5.88801315695612 -0.512588165958831
 30    5.7531546164931 -0.462151966192796
 31   5.61814242049918 -0.409496144097495
 32   5.48267446660569 -0.354842822328256
 33   5.34650098529335 -0.298427475973796
 34   5.20940916817376 -0.240486470146822
 35   5.07121609904561 -0.181251683264449
 36   4.93176521105034 -0.120949374018681
 37   4.79092372345672 -0.0598011686674529
 38   4.64858008422456 0.00197426349505495
 39   4.50464128406371 0.0641596131519254
 40   4.35903027105292 0.126537781074278
 41   4.21168371685145 0.188891250860645
 42   4.06255029997939 0.251001952234065
 43   3.91158953331059 0.312651503776848
 44   3.75877108069415 0.373621735169978
 45   3.60407444836805 0.433695381392241
 46   3.44748893293781 0.492656880669763
 47   3.28901371407583 0.550293213784086
 48   3.12865801051945  0.60639475808405
 49   2.96644123590969 0.660756130888104
 50    2.8023931199689 0.713177021007689
 51   2.63655376991371 0.763463001116502
 52   2.46897366175035 0.811426328593282
 53   2.29971355379697 0.856886730770542
 54   2.12884432051936 0.899672181220161
 55   1.95644670262596 0.939619660494086
 56   1.78261097476638 0.976575903050713
 57   1.60743652818544  1.01039812079354
 58   1.43103137038733  1.04095470155181
 59   1.25351154308309  1.06812587045558
 60   1.07500046155298  1.09180431152377
 61  0.895628179614612  1.11189573728868
 62  0.715530587087488   1.1283194032627
 63  0.534848545157182  1.14100855674767
 64  0.353726969346971  1.14991081769662
 65  0.172313868551377  1.15498848263841
 66  -0.00924065049211343  1.15621875128097
 67  -0.190785401781041  1.15359386918032
 68  -0.372169151534782  1.14712118763544
 69  -0.553241651824836  1.13682313697627
 70  -0.733854664034903  1.12273711664587
 71  -0.913862962356487  1.10491530057497
 72  -1.09312530641863  1.08342436326333
 73  -1.27150537180574  1.05834512807937
 74  -1.44887263078352  1.02977214451643
 75  -1.62510317321296 0.997813198134278
 76  -1.80008046024003 0.962588761939935
 77  -1.97369600544424 0.924231393962057
 78  -2.14584997708415 0.882885090520841
 79  -2.31645171803448 0.838704601236699
 80  -2.48542018223774 0.791854713910159
 81  -2.65268428413632 0.742509514695246
 82  -2.81818316261911  0.69085162960929
 83  -2.98186635958012 0.637071449226156
 84  -3.14369391304081 0.581366339069392
 85  -3.30363636956206 0.523939833647323
 86  -3.46167472143175 0.465000813024199
 87   -3.6178002800032 0.404762659819269
 88  -3.77201451147943 0.343442397899633
 89  -3.92432887353374 0.281259820726206
 90  -4.07476471629707 0.218436628581296
 91  -4.22335333869192 0.155195609062733
 92  -4.37013631008889 0.0917599186393648
 93  -4.51516618125679 0.0283525445811177
 94  -4.65850769150701 -0.0348039494386893
 95  -4.80023951676518 -0.0974872759913873
 96  -4.94045650335907 -0.159474768676956
 97  -5.07927219438848 -0.220542168546736
 98  -5.21682135086389 -0.280461943043793
 99  -5.35326222391314 -0.339001508469581
100  -5.48877870981766 -0.395922182448875
101  -5.62358344067741 -0.45098034119518
102  -5.75792449240895 -0.503933010258529
103   -5.8921007230557 -0.554550739936886
104  -6.02649343654347 -0.602640730983752
105  -6.16162382300239 -0.648082317088445
106  -6.29824323563804 -0.690874804464139
107  -6.43744997961604 -0.731194774987279
108  -6.58078969714604 -0.769457865542145
109  -6.73022100340953 -0.806379674640174
110  -6.88772052707028 -0.843023454848672
111  -7.05432415771767 -0.880780865202518
112  -7.22916223205093 -0.921178372740029
113  -7.41080883424742 -0.965636863938179
114  -7.60145650305668 -1.01560628845919
115  -7.80034442035803 -1.07014239352548
116  -7.95126070710926 -1.11030245149176
117  -8.39116039755639 -1.18562510528013
118   -8.8508032997223 -0.993429571569689
119  -9.13667816386753 -0.569881271298227
120  -9.18588308814748 -0.064423541930045
121  -9.04221186773152 0.406398958141507
122  -8.43779693445752  1.06285678749502
123  -7.62707253179156  1.43489043991377
124  -6.72354820240638  1.55508828536249
125  -5.79434796691518  1.51824501156356
126  -4.85187473245457  1.41508717214231
127  -3.89344369419022  1.30742999401432
128  -2.92948362771713  1.23277801076501
129  -1.97971394849709  1.22417102849109
130  -1.04078138108928  1.29541030570002
131  0.308117457523963  1.85080011665758
132   1.30705562212923  1.87972500672258
133   2.22474693348832  1.91010268849376
134   3.15028188699637  1.96303574745463
135   4.08968341226092  2.04749082755328
136    5.0571678394757  2.14906792383033
137   6.10784683502093  2.22614707689405
138   7.18555420233511  2.18476119937874
139   8.24664636375927  1.90402852076698
140   9.15739953179278   1.2630859087452
141    9.6461681173203 0.262158579408772
142   9.61716015910345 -0.460999089966233
143   9.31419659148662 -1.11422120070283
144    8.8006513494142 -1.61646580453254
145     8.162675534781 -1.94099308040488
146   7.39638093690181 -2.11544740456373
147   7.23561407941213 -2.12422015218256
148   7.08346371667311 -2.12418122492889
149   6.93229102531079 -2.11658545570616
150    6.7815616191186 -2.10204240158021
151   6.63132285980256 -2.08110713273635
152    6.4812793473369 -2.05435361864667
153   6.33136118574055  -2.0222945207027
154   6.18171977456434 -1.98553091049906
155   6.03257396584794 -1.94459858560931
156   5.88408383185755 -1.90003984971326
157   5.73635152380667 -1.85230095354922
158    5.5894090484758 -1.80180833125797
159   5.44325375225254 -1.74891707141921
160   5.29784554311409 -1.69397010226705
161   5.15313078686926 -1.63726681196671
162    5.0090364997436 -1.57910163810074
163   4.86548462702549 -1.51974197143412
164   4.72238623204226 -1.45945236616196
165   4.57965103770368 -1.39847825621761
166   4.43718305520416 -1.33706183981643
167   4.29488768619107 -1.27543007129473
168   4.15266874745412 -1.21380577149453
169    4.0104338956001 -1.15239888078318
170   3.86809249499964 -1.09141479189731
171   3.72555978787655 -1.03104769298296
172    3.5827551375847 -0.971487252284322
173   3.43960520063296 -0.912913318036153
174   3.29604242539676 -0.855501311984898
175   3.15200743346398 -0.799417863000306
176   3.00744766405483 -0.744825319331332
177   2.86231923545908 -0.691877805108238
178   2.71658566522181 -0.64072515814568
179   2.57021929398595 -0.591509337095727
180   2.42320012524266 -0.544367764202349
181   2.27551686766154 -0.499430026800236
182    2.1271658225634 -0.456820892934291
183   1.97815165176355 -0.41665707907008
184   1.82848629460841 -0.379050027340728
185    1.6781894400473 -0.344102902258576
186   1.52728751593256 -0.311913023980586
187   1.37581389817173 -0.282569054719174
188   1.22380792233937 -0.256153335225253
189   1.07131488788557 -0.232739133111857
190  0.918385109991101 -0.212392822164965
191  0.765073702753352 -0.195171432971612
192   0.61143969462772 -0.181124591662441
193  0.457545636292798 -0.170292251078837
194  0.303456755245676 -0.16270663331735
195  0.149240425945656 -0.158390099438031
196  -0.00503461597323118 -0.157356918114228
197  -0.159298924581508 -0.159611507519271
198  -0.313483062945923 -0.165150034392468
199  -0.467518335083622 -0.173958804040934
200  -0.621337436278373 -0.186015891924334
201  -0.774875228716123 -0.201289741509046
202  -0.928069325951413 -0.219740566896717
203  -1.08086087194849 -0.241319311240093
204  -1.23319504267166 -0.265968942691619
205  -1.38502182057364 -0.293623481453032
206  -1.53629640091897 -0.324209289586591
207  -1.68697990129047 -0.357644333655074
208  -1.83703970943543 -0.393839185137036
209  -1.98645009862945 -0.432696531584938
210  -2.13519245973161 -0.474112120479928
211  -2.28325585052341 -0.517974233317807
212   -2.4306371212222 -0.564164528008747
213  -2.57734129917917 -0.612557721794554
214  -2.72338165743564 -0.663022109932052
215  -2.86877995526536 -0.715419305611082
216  -3.01356634146429 -0.769604728913217
217  -3.15777948256314 -0.82542721077667
218  -3.30146635327286 -0.882729256629572
219  -3.44468211650297 -0.941346783864152
220  -3.58748980153133  -1.0011090779285
221  -3.72995999444032 -1.06183838641629
222   -3.8721702324653 -1.12334987109906
223   -4.0142044416883 -1.18545106080448
224  -4.15615209082516 -1.24794154343117
225  -4.29810719271804 -1.31061257042657
226  -4.44016711424745 -1.37324665148733
227  -4.58243125268582 -1.43561703251678
228  -4.72499942854213 -1.49748743919559
229  -4.86797023878219  -1.5586115372789
230  -5.01143926789545 -1.61873227462469
231  -5.15549708862841 -1.67758098818374
232  -5.30022698688884 -1.73487576398132
233   -5.4457020835979 -1.79031858485836
234  -5.59198108687639 -1.84359109510786
235  -5.73910183720743 -1.89434816531503
236  -5.88707143291454 -1.94220914234566
237   -6.0358521285832 -1.98674784098943
238  -6.18534503151071 -2.02748381696086
239  -6.33538131775132 -2.06388065291209
240  -6.48574690935839 -2.09536010864326
241  -6.63628398148476 -2.12133561398741
242  -6.78706053167869 -2.14124318047756
243  -6.93832990747372 -2.15451836224143
244  -7.08999778593107 -2.16055728287905
245  -7.24260887376296 -2.15875091391249
246  -7.40369816988425 -2.14769577242383
247  -8.16777036229238 -1.95792572528096
248  -8.79808414817925 -1.61409980470513
249  -9.29362109978206 -1.09119791408596
250  -9.56668017835264 -0.422922066491927
251  -9.55779266543328 0.302401976990546
252  -9.01324611316535  1.27675298960584
253  -8.07044148740995  1.87270618562336
254   -6.9980007819437  2.11299386486005
255   -5.9174577715407  2.12716261893897
256  -4.86238357970224  2.03640488545442
257  -3.83820479090754  1.92755070339437
258   -2.8534631289022  1.85053720418665
259  -1.81306970777187   1.8170344898127
260  -0.749823726319924  1.82324201527886
