// Id               X                Y
  1  -0.132871933238588  2.88563324254292
  2  0.952491932324362  2.85017293375036
  3   2.00669145737789  2.66831843030306
  4    3.0440867805551  2.48383178987828
  5   4.01547190989164  2.37620564008874
  6   4.95926900263686  2.29853916220633
  7   5.89272684528449  2.23063493492889
  8   6.81631687667059  2.14384166969757
  9   7.72438858199503  1.99304350911196
 10   8.58940620283486  1.70754681730687
 11   9.36420102769263  1.22975260891058
 12    9.6905951407555 0.839022574914107
 13   9.87944572492122 0.356968384602722
 14   9.83632125590862 -0.164768673728169
 15   9.51561072017974 -0.561136684771886
 16   8.79617699784204 -0.637538578641606
 17   8.59263363651492 -0.620348164654914
 18   8.44942317130269 -0.601254114272337
 19   8.32201863979016  -0.5801203067631
 20   8.19832111793248 -0.556224937289329
 21   8.07738415752215 -0.52984620353929
 22   7.95547635083735 -0.500299572486511
 23   7.82832718644996 -0.466265247042705
 24    7.6942483107432 -0.42666273536178
 25    7.5536923076353 -0.38083792682845
 26    7.4079408607897 -0.328445394393132
 27   7.25834240524321 -0.269364988917864
 28    7.1060257425689 -0.203671707169482
 29   6.95183574444191 -0.131618053346408
 30   6.79634870187967 -0.0536082084124754
 31   6.63991035472458 0.0298377188532297
 32   6.48267863864134 0.118123185565247
 33   6.32466614384995 0.210611763006177
 34    6.1657801123736 0.306656603929092
 35   6.00585817552444 0.405621539351274
 36   5.84469841547888 0.506894467202554
 37   5.68208302379246 0.609894604082353
 38   5.51779558796012  0.71407532975819
 39   5.35163265256992 0.818924121862676
 40   5.18341058371686 0.923960723830074
 41   5.01296891433153  1.02873435818565
 42   4.84017131324281  1.13282053993806
 43    4.6649051613304  1.23581786280647
 44   4.48708048119835   1.3373450127957
 45   4.30662871349351  1.43703818076608
 46   4.12350163119541  1.53454896686164
 47   3.93767052307298  1.62954280784547
 48    3.7491256444161    1.721697922874
 49   3.55787587589012  1.81070473214057
 50    3.3639485230653  1.89626567378321
 51   3.16738915300729  1.97809534874757
 52   2.96826139508102  2.05592091688183
 53   2.76664666000194  2.12948266507276
 54    2.5626437321867  2.19853469569569
 55   2.35636820480847  2.26284568109078
 56   2.14795178315176  2.32219964505673
 57   1.93754141755792  2.37639674218637
 58   1.72529830900654  2.42525402007394
 59   1.51139678067364  2.46860613130396
 60   1.29602304010382  2.50630600825765
 61   1.07937383062846  2.53822545965476
 62   0.86165502417609  2.56425571475496
 63  0.643080116873163  2.58430787109322
 64  0.423868702380805  2.59831328393965
 65  0.204244891103803  2.60622384290218
 66  -0.0155642915877542  2.60801219228909
 67  -0.235330516637711  2.60367182906965
 68  -0.454825774214793  2.59321714628366
 69  -0.673823996260824   2.5766833521178
 70  -0.892102663734934  2.55412633422686
 71   -1.1094444000422  2.52562240311924
 72  -1.32563854102472  2.49126797901356
 73  -1.54048264267014  2.45117916988472
 74   -1.7537839626294  2.40549129198998
 75  -1.96536083936705  2.35435829977351
 76  -2.17504400409438  2.29795216671086
 77  -2.38267778224306  2.23646219387931
 78  -2.58812117721001  2.17009428609253
 79  -2.79124881856135  2.09907018465276
 80  -2.99195178086838  2.02362668665904
 81  -3.19013822583091   1.9440148705064
 82  -3.38573391054272  1.86049935316999
 83  -3.57868253788542  1.77335761990421
 84    -3.768945971156  1.68287948366607
 85  -3.95650437103325  1.58936672243962
 86  -4.14135629550024  1.49313297635261
 87  -4.32351883353487  1.39450398494342
 88  -4.50302788944226  1.29381822934374
 89  -4.67993867961037  1.19142805849327
 90  -4.85432649680537  1.08770134847659
 91  -5.02628775566637 0.983023692797209
 92  -5.19594117626156 0.877801097580616
 93   -5.3634287985085 0.772463095240316
 94  -5.52891633219161 0.667466100177009
 95  -5.69259207437483 0.563296755933265
 96  -5.85466337507256 0.460474910141591
 97  -6.01534948698045 0.359555656101423
 98  -6.17486960368037 0.261129610433871
 99  -6.33342503518176 0.165820254561967
100  -6.49117486985805 0.074276783468499
101  -6.64820512328717 -0.0128393706336044
102  -6.80449217056045 -0.0948760567105382
103  -6.95986198236345 -0.171220811713676
104  -7.11394706965548 -0.241339073904948
105  -7.26614329223372 -0.304816252032606
106  -7.41557111105271 -0.361397001031436
107  -7.56105805588007 -0.411015116111315
108  -7.70119764480515 -0.453814142488464
109  -7.83462830680339 -0.49017520823819
110  -7.96080446200038 -0.520786084025287
111   -8.0813957096288 -0.546732255951378
112  -8.20089999221928 -0.569295887213616
113  -8.32340900090066 -0.589109641002498
114  -8.44993458663514 -0.605839802694935
115  -8.59243296269827 -0.619705131148709
116  -8.79548408590139 -0.628926524857803
117  -9.50990930262628 -0.518917624095246
118  -9.81020552187115 -0.106039779289053
119  -9.82622434532168 0.418192958677406
120  -9.61410595652977 0.890812635351727
121    -9.271081404468  1.26702277663362
122  -8.48004312144256  1.71650944001678
123  -7.60849184575804  1.97761160850294
124  -6.70064639033685   2.1085408583031
125  -5.78208455164645  2.17821289530261
126  -4.86082853949992  2.23232770146586
127  -3.94242517755639  2.30207007603784
128  -3.03576930392354  2.41911773767131
129  -2.14361099048684  2.59630089832463
130  -1.11270326546631  2.72444207639846
131  0.310556227695415   3.2639000531537
132   1.37597940956412  3.24350737701001
133    2.3025812760327  3.17421589368193
134   3.21559801560683  3.08035738123341
135    4.1352378588289  2.98843028901353
136   5.06522618926363  2.91223058864941
137   6.00634905374242    2.842463089822
138   6.96482380487446  2.74694771412954
139   7.98830827478755  2.55627364753341
140   8.98656548815803  2.17815558470471
141   9.83505119776651  1.52008516251503
142    10.206480284533 0.943613731500486
143    10.390967917571 0.288003345369792
144   10.3667537844818 -0.38122154871373
145   10.1490650211144 -1.00480030610482
146   9.75066252233793 -1.56282682658349
147   9.49172697439989 -1.78710313684375
148   9.19949625588816 -1.96776309271534
149   8.89618767025882 -2.09653355759081
150   8.59267153850258 -2.17825207602312
151    8.2917087895461 -2.22014452997284
152   7.99787567733738 -2.22803717911245
153   7.71636557724402 -2.20799889339015
154   7.44966532145493 -2.16615502123339
155   7.19767707165485 -2.10770023383646
156    6.9590806790764 -2.03661494222029
157   6.73223093049729 -1.95585677462212
158   6.51553753398978 -1.86763607759864
159   6.30758713767267  -1.7736418085283
160   6.10716525343942 -1.67520437857737
161   5.91324253869067 -1.57340789428529
162   5.72494842355209 -1.46916449838586
163   5.54154120622084 -1.36326110512838
164   5.36237939991757 -1.25638714432159
165   5.18689712424441 -1.14915041391591
166   5.01458485570967 -1.04208646226997
167   4.84497569994268 -0.935665201372943
168   4.67763657153992 -0.830296919828365
169    4.5121632668087 -0.726338666966582
170   4.34817831416679 -0.624101202257684
171   4.18533060980346 -0.523856243083624
172   4.02329596556912 -0.425843625272481
173   3.86177796852774 -0.330277834824082
174   3.70050862416188 -0.237353816377869
175   3.53924885091185 -0.147251516718347
176   3.37778826194393 -0.0601399090552026
177   3.21594502707643 0.0238209151043799
178   3.05356451892741 0.104476807209206
179   2.89051917836848 0.181680159646881
180   2.72670583770527 0.255286357791629
181   2.56204649954371 0.325158152558427
182    2.3964838751939 0.391158680883913
183   2.22998426298098 0.453162200115249
184   2.06253031484276  0.51103948524605
185   1.89412729499195 0.564679373871884
186   1.72479206766681 0.613960773450382
187   1.55456351036393 0.658791116699779
188   1.38348737623932 0.699058228066016
189   1.21163066292458 0.734692196493445
190   1.03906312667563  0.76559099969237
191  0.865874045573886 0.791710651156963
192  0.692152616592169  0.81296132508459
193   0.51800405484839  0.82932673301965
194    0.3435323332205 0.840732328349686
195   0.16885180824398 0.847189381964403
196  -0.00592410001554651 0.848642535902974
197  -0.180678864551253 0.845128584531467
198  -0.355295836249019 0.836615370285761
199  -0.529663021992795 0.823161767316491
200  -0.703667370915008 0.804761988659594
201  -0.877207414326261  0.78149298384652
202  -1.05018065105714 0.753376895588176
203  -1.22250126235724 0.720505090846891
204  -1.39408398240605 0.682927235048004
205  -1.56486322781282 0.640746384348195
206  -1.73477717008201 0.594037478005723
207  -1.90378507273191 0.542913517126139
208  -2.07185424347083 0.487471150068247
209  -2.23897377542694 0.427832251942274
210  -2.40514549865263 0.364111050251107
211  -2.57039372825366 0.296437569488125
212  -2.73476013833439 0.224939742392978
213  -2.89831005316814 0.149755281020453
214  -3.06113037461671 0.0710230569382265
215  -3.22333347755653 -0.0111113208551041
216  -3.38505690740757 -0.0964987538107216
217     -3.54646580888 -0.184983680530022
218  -3.70775331379457 -0.276404071651774
219  -3.86914179561031 -0.370588571772704
220  -4.03088314251296 -0.467354008174746
221  -4.19325892222563 -0.566501161392276
222  -4.35657988006316 -0.667809804246704
223  -4.52118521258498 -0.771032509910031
224  -4.68744157217618 -0.875887624363801
225  -4.85574228904042 -0.982051576138856
226  -5.02650745983776 -1.08915106422633
227  -5.20018575380987 -1.19675552468511
228  -5.37725893060545  -1.3043701241352
229  -5.55825022284937 -1.41142907955688
230  -5.74373762625608  -1.5172882790966
231  -5.93437268792888  -1.6212149166497
232  -6.13090454922753 -1.72237026297644
233  -6.33420774467553 -1.81977992500561
234    -6.545310609027 -1.91228422857978
235  -6.76541897253427 -1.99845987615115
236  -6.99592545275047 -2.07650253794871
237  -7.23838107573711 -2.14405809002238
238  -7.49436477791092 -2.19799140750213
239  -7.76509052205339 -2.23410972409636
240  -8.05047648697233 -2.24698449824584
241  -8.34768415486625 -2.23029060267828
242   -8.6508656476194 -2.17791085079783
243  -8.95462794821014 -2.08415358830078
244  -9.25554560885285 -1.94197310907512
245  -9.54240502796637 -1.74698227261492
246  -9.79342479661537 -1.50821629910639
247  -10.1641851770697 -0.930339662849539
248  -10.3501684214765 -0.295018988495449
249  -10.3403196308716 0.375626778496366
250  -10.1239085825188  1.02210980289215
251  -9.72682453665291  1.58148072534306
252  -8.85347163435856  2.20608518378738
253  -7.84442349883405  2.55296736267056
254  -6.81451599944897  2.71911519893697
255  -5.84297093540569  2.79741831305689
256  -4.88734468814292  2.85485507439436
257  -3.93064715697823  2.92434972178166
258  -2.90075379018095  3.02171574114486
259  -1.83932022564037  3.12926242809561
260  -0.763079801997758  3.21860789713064
