// Id               X                Y
  1  -0.0772692779953992  1.82586273871164
  2  0.897554831491436   1.7929823388371
  3   1.83986898292445  1.70373545127371
  4   2.78453103621147  1.64087761051715
  5   3.73047628784928  1.59816640490896
  6   4.67230070365182   1.5652589406936
  7   5.60608099548417  1.51138153691956
  8   6.52192265721597  1.37705683621522
  9   7.38551635345135  1.07863797560824
 10   8.10729664393189 0.539809230002804
 11   8.54842139231589 -0.248150576999082
 12   8.57716432160111 -0.750435181543796
 13   8.40745564560232 -1.25035154286627
 14   7.89437900459526 -1.67779255725336
 15   7.32228373121318 -1.63658316304778
 16   6.89361178436319 -0.949086553155478
 17   6.47943678468497 -0.00478317403041162
 18   6.38335525632399 0.072892440911094
 19   6.31929566750484  0.11722371899279
 20   6.25948870469674 0.154374585765938
 21   6.20162208500413 0.187114409633476
 22   6.14146408805666 0.218376831653797
 23   6.07524065953676 0.250098502416389
 24   6.00047907713405 0.283176155377376
 25   5.91593523665822 0.317855309040319
 26   5.82146363019468 0.354043022413579
 27   5.71781323465247 0.391527877793259
 28   5.60627823103932 0.430116846146293
 29   5.48831187485225 0.469682428607899
 30   5.36525334975614 0.510142724186238
 31   5.23820854629056 0.551419947086928
 32   5.10803550880157 0.593410504763722
 33   4.97537513028228 0.635975405304922
 34   4.84069271781972 0.678945497245014
 35   4.70431713418325 0.722133268580817
 36   4.56647405930674  0.76534528379201
 37   4.42731322215716 0.808392303278748
 38   4.28693030145608 0.851096178394796
 39    4.1453842951546 0.893293703849288
 40   4.00271105642145 0.934838062852893
 41    3.8589335652835 0.975598600948417
 42   3.71406941239407  1.01545959078994
 43   3.56813592536389  1.05431850626896
 44    3.4211533572481    1.092084167809
 45   3.27314655825808  1.12867498203472
 46     3.124145538171  1.16401739319707
 47   2.97418528527625  1.19804459238723
 48   2.82330514700591  1.23069548629534
 49   2.67154800996042  1.26191390204175
 50   2.51895944674057   1.2916479932902
 51   2.36558693100503  1.31984981024517
 52   2.21147917265977  1.34647499716092
 53   2.05668559279458  1.37148258402146
 54    1.9012559342128  1.39483484427235
 55   1.74523998803752    1.416497196316
 56   1.58868741385381  1.43643813135094
 57   1.43164763317255  1.45462915473466
 58    1.2741697759995  1.47104473277068
 59   1.11630266241269  1.48566224044332
 60  0.958094808028103  1.49846190794347
 61  0.799594446431293  1.50942676587323
 62  0.640849561281122  1.51854259066683
 63  0.481907923242805  1.52579785236766
 64  0.322817131412289  1.53118366700556
 65  0.163624658491783   1.5346937559675
 66  0.00437789688507754  1.53632441451305
 67  -0.15487579476362  1.53607449092525
 68  -0.314089043104097  1.53394537723183
 69  -0.473214410872093  1.52994101187053
 70  -0.632204349102227  1.52406789387938
 71  -0.791011150010818  1.51633510753609
 72  -0.949586899931972   1.5067543559016
 73  -1.10788343487063  1.49534000114927
 74  -1.26585230079662  1.48210910922508
 75   -1.4234447191766   1.4670814965913
 76  -1.58061156149762   1.4502797771713
 77  -1.73730334058268  1.43172940826333
 78  -1.89347022691505   1.4114587358307
 79  -2.04906210051298  1.38949904197696
 80  -2.20402865541804  1.36588460007868
 81  -2.35831957760871  1.34065274662092
 82  -2.51188481661702  1.31384398355969
 83  -2.66467497116104  1.28550212993691
 84  -2.81664180602115  1.25567454612038
 85  -2.96773890276273  1.22441245901871
 86  -3.11792242124123  1.19177142099058
 87  -3.26715191440378  1.15781193701064
 88  -3.41539109017129  1.12260029331453
 89  -3.56260834956135  1.08620961495776
 90  -3.70877686016901  1.04872116509409
 91  -3.85387385902958  1.01022586971688
 92   -3.9978788237455 0.970826002948651
 93  -4.14077011374132 0.930636893377908
 94  -4.28251967074089 0.889788406025572
 95  -4.42308536665388 0.848425820358304
 96  -4.56240056960818  0.80670957946664
 97  -4.70036043961271 0.764813263611334
 98  -4.83680435483388 0.722919104804064
 99   -4.9714937250083 0.681210518165562
100  -5.10408434511941 0.639861668050816
101  -5.23409260649076 0.599025294069782
102  -5.36085602445198 0.558822169122229
103  -5.48349272241801 0.519338430175163
104  -5.60087598808465 0.480638737366799
105  -5.71166205558631 0.442799046775286
106  -5.81442976632484 0.405947095225235
107  -5.90796765357752 0.370276542497782
108  -5.99164451911708 0.335991646104591
109  -6.06571561045301 0.303176204820608
110   -6.1314761720407 0.271567828316536
111  -6.19138872107463 0.240288617673466
112  -6.24913218257368 0.207406794257306
113  -6.30885445050485 0.170033017914856
114  -6.37283851303445 0.125356973767766
115  -6.46875766204107 0.0469873000614385
116  -6.87376138557888 -0.89856059230742
117  -7.25229826812243 -1.61338678573804
118  -7.71282172296924 -1.76705999660939
119    -8.191465855385 -1.62226561471269
120  -8.54974547794325 -1.19890613140182
121  -8.66499117385013 -0.594427284909351
122  -8.32021934283776 0.297264024281353
123  -7.62496903457132 0.926108237792517
124  -6.75980256600379   1.2901743505143
125  -5.83129110501755   1.4638284725358
126   -4.8844554038956   1.5379380785233
127   -3.9307619546999  1.58012079714344
128  -2.97318118513356  1.62518235853244
129  -2.01238919585045  1.68724910169755
130    -1.045774601725  1.75054737844531
131  -0.198073240263173  2.38936472703646
132  0.822294995195139  2.37330073212589
133   1.84557885225875  2.31785192221638
134   2.81792035866545  2.25953147728737
135   3.79069058918152   2.2136337653401
136    4.8164727949093  2.16583897144494
137   5.86564594232241  2.07206902347253
138   6.91523680476979  1.85442630534444
139   7.90803616033761  1.41106322857126
140   8.70470116609533 0.652555167297581
141   9.05797201132471 -0.388997867854651
142   8.95414292027045 -1.09206465089519
143   8.60138396226544 -1.70155153490932
144    8.0853405649322 -2.14628195804481
145   7.48518573063324 -2.44384022178717
146    6.7877402113204 -2.65938107002125
147    6.6736869619595 -2.67237909467541
148   6.51615502138698 -2.68005682201237
149    6.3522966963105 -2.67659174758313
150   6.18863421994325 -2.66270717176723
151   6.02589308129153 -2.63972626809288
152   5.86534457972955 -2.60921976750614
153   5.70809782899322 -2.57289885131003
154   5.55480987991221 -2.53240285156469
155   5.40572223043258 -2.48915463453424
156   5.26073278637298 -2.44428432859472
157    5.1194702669896 -2.39861182577019
158    4.9813906373592  -2.3526817255513
159   4.84588481441252 -2.30683061508609
160   4.71236692863109 -2.26125876309869
161    4.5803258805131 -2.21608744257695
162   4.44934381660382 -2.17139714299215
163   4.31909387870053 -2.12725004553506
164   4.18932821647865 -2.08370195095073
165   4.05986312589353 -2.04080790251541
166   3.93056479221611 -1.99862433976717
167   3.80133704149954 -1.95720946494341
168   3.67211140710204 -1.91662275775643
169    3.5428393361016 -1.87692414358993
170    3.4134862186355 -1.83817307523483
171   3.28402692111813 -1.80042767623341
172   3.15444254947899 -1.76374402541173
173   3.02471821373156 -1.72817561449105
174   2.89484159076086 -1.69377298949299
175   2.76480210026382 -1.66058355773895
176   2.63459052429839 -1.62865152859409
177   2.50419892175463  -1.5980179567937
178   2.37362071702964 -1.56872085109563
179   2.24285086754825 -1.54079531938292
180   2.11188604228413 -1.51427372981149
181   1.98072477152571 -1.48918586997582
182   1.84936754686886  -1.4655590970315
183   1.71781686339967  -1.4434184743116
184   1.58607720652951 -1.42278689092065
185   1.45415499228077 -1.40368516718902
186   1.32205847136912 -1.38613214644664
187   1.18979760581617 -1.37014477373583
188   1.05738392693429 -1.35573816486265
189  0.924830383338868 -1.34292566595285
190   0.79215118362478 -1.33171890468016
191  0.659361636161314 -1.32212783485205
192  0.526477989371772 -1.31416077384131
193  0.393517274430098 -1.30782443412681
194  0.260497149644472 -1.30312394932898
195   0.12743574614649 -1.30006289419953
196  -0.00564848416123513 -1.29864329973768
197  -0.138736918892997 -1.29886566307518
198  -0.271810915578819 -1.30072895196334
199  -0.404851962321037 -1.30423060465433
200  -0.537841828180522 -1.30936652439197
201  -0.670762714686729 -1.31613106877816
202  -0.803597409769938 -1.32451703422634
203  -0.936329443375362 -1.33451563458333
204  -1.06894324425259 -1.34611647443073
205  -1.20142429864019 -1.35930751651401
206  -1.33375930969305 -1.37407504252629
207  -1.46593635401826 -1.39040360760487
208   -1.5979450320404 -1.40827598689042
209  -1.72977660793129 -1.42767311355154
210  -1.86142413115999 -1.44857400794348
211  -1.99288253022499 -1.47095569505667
212  -2.12414866953659 -1.49479311007266
213  -2.25522136029849 -1.52005899146825
214  -2.38610131735095 -1.54672375998626
215  -2.51679105976843 -1.57475538704557
216  -2.64729476458962 -1.60411925686741
217  -2.77761809693559 -1.63477803052509
218  -2.90776805840343 -1.66669152892458
219  -3.03775292298102 -1.69981665413257
220   -3.1675823576776 -1.73410737707791
221  -3.29726785086745 -1.76951482537281
222  -3.42682359729043 -1.80598749974565
223  -3.55626800904669 -1.84347164697122
224  -3.68562603933304 -1.88191180247375
225  -3.81493252546293 -1.92125149023708
226  -3.94423678679919 -1.96143404555191
227  -4.07360876121271 -2.00240348005367
228   -4.2031470076906 -2.04410524172045
229  -4.33298888899707 -2.08648660361672
230  -4.46332306993959 -2.12949616233979
231  -4.59440391149548 -2.17308147731891
232  -4.72656610773405 -2.21718310467234
233  -4.86023561399581 -2.26172209626187
234  -4.99592931161104 -2.30657664256787
235  -5.13423196257394 -2.35154284535905
236   -5.2757392074174 -2.39627716324974
237  -5.42096687423787  -2.4402270864954
238  -5.57024833271166 -2.48257007538921
239  -5.72364977847278 -2.52218677084135
240  -5.88090716460137 -2.55768389175633
241   -6.0413606947764 -2.58746997142535
242  -6.20392026233842 -2.60989301637304
243  -6.36734466395501  -2.6234404809989
244  -6.53093462604142 -2.62683969076754
245  -6.68818785855941 -2.61940242383032
246  -6.80097568237479 -2.60694090265947
247   -7.4989349853668 -2.39793833879137
248    -8.147561398681 -2.08461619461095
249  -8.69251773206412 -1.60979090792892
250  -9.03217262172612 -0.993119205598246
251  -9.11969501721219 -0.310822813264898
252  -8.76585369300218 0.694031425322401
253   -7.9891935177213  1.42376181524481
254  -7.01768643552601  1.85086851762347
255  -5.98861778067018   2.0603424843889
256  -4.96099246346829  2.15059321850446
257  -3.98855669248307  2.19610012765368
258   -3.0316815733146  2.24093886018837
259  -2.08259379064262  2.29749254645566
260   -1.1377951482078  2.35432334819832
