// Id               X                Y
  1  -0.04636762664449  5.79072536908047
  2  0.926017272056197  5.70218701452361
  3   1.86028097338746  5.45889619199735
  4   2.73807408586153  5.07240240415234
  5    3.5713229506197  4.59713183002871
  6   4.43158372780625  4.19460052370434
  7    5.3376955364522   3.9079240015648
  8   6.25872013251892  3.68860991580246
  9   7.13967396470532  3.39659343594973
 10   7.86559558911177  2.84290561136346
 11   8.09370673414408  1.96345954516059
 12   7.84979185860501  1.52453831122233
 13   7.41375655062585  1.27687759797779
 14   6.91046750986158  1.26628120692931
 15   6.44350632808684  1.44991263981207
 16   6.04623056811601  1.74865842155304
 17   5.95058568371009  1.83086915484006
 18   5.85578339440276  1.91617740933042
 19   5.76170592037562  2.00444300974754
 20   5.66808921018897  2.09529942280712
 21   5.57489254146575  2.18860115177525
 22   5.48186305104373  2.28398944880247
 23   5.38892752086469  2.38129074173654
 24   5.29586324056384  2.48019490913312
 25   5.20255095556912  2.58049871172757
 26   5.10879584567276  2.68193518016778
 27   5.01445072651453  2.78428741864377
 28   4.91934007494972  2.88731637398346
 29   4.82330927412025  2.99080434721527
 30   4.72619847317871   3.0945290411731
 31   4.62785979709246  3.19827772441378
 32   4.52815016189438  3.30183894726403
 33    4.4269369865531  3.40500653382669
 34   4.32409687240594  3.50757718359953
 35   4.21951761801266  3.60935147976062
 36   4.11309833088665  3.71013329342652
 37   4.00475022643958  3.80973010484947
 38   3.89439688463192  3.90795298618337
 39   3.78197455823593  4.00461684141451
 40    3.6674322668161  4.09954060941385
 41   3.55073181147773  4.19254755031205
 42   3.43184766432302  4.28346554152375
 43   3.31076676551076  4.37212740048855
 44   3.18748822729474  4.45837120996705
 45   3.06202296008642  4.54204064071286
 46   2.93439322896189  4.62298525978745
 47   2.80463215197308  4.70106081762225
 48   2.67278315068869  4.77612950679812
 49   2.53889936368685  4.84806018778047
 50   2.40304303319053  4.91672857817976
 51   2.26528487464045  4.98201740374509
 52   2.12570343831879    5.043816510683
 53   1.98438447133418  5.10202294022379
 54   1.84142028733816  5.15654096748887
 55   1.69690915031918  5.20728210767903
 56   1.55095467772801  5.25416509337425
 57    1.4036652670645  5.29711582731674
 58   1.25515354892857  5.33606731544296
 59   1.10553586843391  5.37095958514599
 60  0.954931795823938  5.40173959380004
 61  0.803463666135419  5.42836113248209
 62    0.6512561468398   5.4507847295948
 63  0.498435831568642  5.46897755875179
 64  0.345130857304648  5.48291335484583
 65  0.191470541799859   5.4925723417001
 66  0.0375850374709518  5.49794117411883
 67  -0.11639500237996  5.49901289651956
 68  -0.270338749461042  5.49578691965945
 69  -0.42411552312418  5.48826901627415
 70  -0.577595114425171   5.4764713357412
 71  -0.730648116256156  5.46041243717233
 72  -0.883146264040793  5.44011733964109
 73  -1.03496279121607  5.41561758757442
 74  -1.18597280334637  5.38695132869302
 75  -1.33605367422594  5.35416340128592
 76  -1.48508546672615  5.31730542706568
 77  -1.63295138043676  5.27643590538591
 78  -1.77953822733967  5.23162030422892
 79  -1.92473693584608   5.1829311431051
 80  -2.06844308253321  5.13044806286459
 81  -2.21055744984675  5.07425787742192
 82  -2.35098660690698  5.01445460255288
 83   -2.4896435093887  4.95113945725145
 84  -2.62644811326123  4.88442083364349
 85  -2.76132799600179  4.81441423215012
 86  -2.89421897775469  4.74124215947271
 87  -3.02506573383402  4.66503398803096
 88  -3.15382238899732  4.58592577669684
 89  -3.28045308305407  4.50406005401166
 90  -3.40493249660568  4.41958556655007
 91  -3.52724632514411   4.3326569965886
 92  -3.64739168943032  4.24343465463307
 93  -3.76537746967357  4.15208415384039
 94  -3.88122455055248  4.05877607489508
 95  -3.99496596458391  3.96368563058846
 96  -4.10664692192926   3.8669923395609
 97  -4.21632471312016  3.76887972039692
 98  -4.32406847109464  3.66953501760099
 99  -4.42995878333726  3.56914896646838
100  -4.53408714268162  3.46791560430094
101  -4.63655521855778  3.36603214056943
102  -4.73747394237391  3.26369888545631
103  -4.83696240797731  3.16111922576065
104  -4.93514656568023  3.05849965810275
105   -5.0321577082042  2.95604987040979
106  -5.12813078928615  2.85398281888111
107  -5.22320257556619  2.75251479666355
108   -5.3175096637544  2.65186547056796
109  -5.41118652030084  2.55225775411735
110  -5.50436365335475  2.45391747272741
111  -5.59716613799842  2.35707273170502
112  -5.68971301507759  2.26195267702993
113  -5.78211813655345   2.1687854735422
114  -5.87449361264157   2.0777949757157
115  -5.96695899574792   1.9891941425668
116  -6.05966814881374  1.90316625050484
117   -6.4403351549097  1.58109309465062
118  -6.88850425487155  1.35442189101914
119  -7.39030435422659  1.30039486125772
120  -7.86103929551359  1.47962011266891
121  -8.17297840572179  1.87753521063547
122  -8.06618952214651  2.78046817739748
123   -7.3844280027117  3.38893695164022
124  -6.51475582782543  3.70718436955434
125  -5.59533140234249  3.92458218974305
126  -4.68330403813978   4.1918523213093
127  -3.81314286724728  4.57117093768156
128  -2.97375785437962  5.03050599597019
129  -2.10287134008283  5.42846600709295
130  -1.08691037183217  5.66685931131007
131  -0.130254348886222  6.37243399429732
132  0.911834223197577  6.29396247971474
133   1.92865180834583  6.04808564934667
134   2.89390592943594  5.64659401169595
135   3.81110347823334  5.15264881469527
136   4.75011570037128  4.71331868981955
137     5.737126379098  4.37447650608905
138   6.75333657645152  4.05935739304526
139   7.72910971849643  3.58172466853297
140   8.45655119277157  2.75703492618266
141   8.46991010233948  1.65828747121453
142   8.10208399474001  1.05449962451583
143   7.47258740426069 0.741451367854176
144   6.77097997653939 0.733309559832971
145   6.08507255007261  0.86828132974582
146   5.44262928794913 0.576872478161215
147   5.30092940451075 0.666256554653139
148   5.16755764007131 0.764830960642978
149    5.0395898685915 0.867614894259974
150   4.91628276473145 0.973228985376772
151   4.79713282694756  1.08080770927667
152   4.68169177951985  1.18967266759393
153   4.56954502423276  1.29926784477207
154   4.46030596581214  1.40912908858982
155    4.3536128491677  1.51886343910155
156   4.24912635869281  1.62813443915345
157   4.14652805646775   1.7366512266598
158   4.04551927084551  1.84416045209903
159   3.94582037979895  1.95044008693415
160   3.84717031158961  2.05529461989485
161   3.74932617626961  2.15855121426618
162   3.65206292461963  2.26005658924573
163   3.55517300904393  2.35967441148748
164   3.45846600202665   2.4572830808551
165   3.36176815822116  2.55277382076866
166    3.2649219231459  2.64604900824383
167   3.16778539327376  2.73702070062911
168   3.07023173461272   2.8256093321605
169   2.97214857379522  2.91174255813958
170    2.8734373738626   2.9953542319499
171   2.77401280445635  3.07638350517295
172   2.67380211552189   3.1547740426664
173   2.57274452169673  3.23047334556823
174   2.47079060185544  3.30343217611716
175   2.36790171646246  3.37360407810765
176   2.26404944392486   3.4409449863669
177   2.15921503577632  3.50541291824198
178   2.05338888957279  3.56696773965272
179   1.94657003783898  3.62557099787469
180   1.83876565111765  3.68118581298961
181   1.72999055310015  3.73377681989563
182   1.62026674592342  3.78331015289951
183   1.50962294393507  3.82975346521036
184    1.3980941145004  3.87307597609889
185   1.28572102471593  3.91324853904286
186   1.17254979317108  3.95024372481552
187   1.05863144614246  3.98403591415481
188    0.9440214777988  4.01460139534626
189  0.828779414134671  4.04191846273557
190  0.712968380437593   4.0659675128349
191  0.596654672129815   4.0867311352859
192  0.479907328821281  4.10419419647927
193  0.362797711372901  4.11834391410235
194  0.245399081709623  4.12916992128844
195   0.12778618505121  4.13666431937995
196  0.0100348341545139   4.1408217185953
197  -0.107778504906995  4.14163926611688
198  -0.225577125955737  4.13911666130359
199  -0.343284495480637  4.13325615788893
200  -0.460824665547044  4.12406255316639
201  -0.578122687419284  4.11154316430198
202  -0.695105026438869  4.09570779206107
203  -0.811699978651292  4.07656867240703
204  -0.927838089608882  4.05414041663322
205  -1.04345257570266  4.02843994093893
206  -1.15847974830016  3.99948638666026
207  -1.27285944089755  3.96730103272691
208  -1.38653543944298  3.93190720233541
209  -1.49945591596298  3.89333016630876
210  -1.61157386563434  3.85159704614532
211  -1.72284754749768  3.80673672033627
212  -1.83324092911005  3.75877973813481
213   -1.9427241355844  3.70775824557124
214  -2.05127390365841  3.65370592910103
215   -2.1588740416645  3.59665798281789
216  -2.26551589651936  3.53665110563123
217  -2.37119882909337   3.4737235351636
218  -2.47593069951912   3.4079151253475
219   -2.5797283641151  3.33926747477462
220  -2.68261818562187  3.26782411276005
221  -2.78463655832106  3.19363074985506
222  -2.88583044922884  3.11673559926701
223  -2.98625795602924  3.03718977534536
224  -3.08598888192223  2.95504777500707
225  -3.18510532672395  2.87036804818369
226  -3.28370229242548  2.78321366437018
227  -3.38188830155675  2.69365308359025
228  -3.47978602758341  2.60176104270596
229  -3.57753293600079  2.50761957436562
230  -3.67528193773458  2.41131918345255
231    -3.773202065926  2.31296021469244
232  -3.87147919237185  2.21265446555925
233   -3.9703168080145  2.11052712675371
234  -4.06993692189295  2.00671915945486
235  -4.17058115573994  1.90139027436181
236  -4.27251212525298  1.79472276471861
237  -4.37601526108051  1.68692653172348
238  -4.48140126954343  1.57824579494021
239  -4.58900943298882  1.46896822500713
240  -4.69921202210257  1.35943750356193
241  -4.81242009554757  1.25007076825357
242  -4.92909092117331  1.14138320997379
243  -5.04973838745218  1.03402455748224
244  -5.17496038075646 0.928851357205541
245  -5.30563147588944 0.827257169504177
246  -5.44488082622027 0.734182427593092
247  -6.09689603132735 0.994377580989518
248  -6.77176819705303  0.81378829063459
249  -7.47090300696313 0.766144224026488
250  -8.12565818711521  1.01627282682339
251  -8.54171244025521  1.58390825974846
252  -8.64603603309524   2.6741232431429
253  -7.98031944844554   3.5474529187126
254  -7.02138094866284  4.06147049137811
255  -6.00437682889689  4.38353891651652
256  -5.00982386550198  4.70645624280912
257   -4.0606366421806   5.1232793102426
258  -3.13846868029775  5.60559962819334
259  -2.17486712151396  6.01091933297917
260  -1.16473419480338  6.25221699221889
