// Id               X                Y
  1  -0.181582071252477  4.62746393894391
  2  0.910927763591186  4.56511983937318
  3   1.96735059179216  4.31181365822243
  4   2.98795270877701  3.92464858382038
  5   4.01186340166657  3.59492645388614
  6   5.03181884263668   3.2998562255935
  7     6.040839967505  3.02065049217863
  8    6.9875130529354  2.74592285793588
  9   7.87326797629483  2.42543883151816
 10   8.68005335047402  1.99123666651404
 11   9.35709104067016  1.39151530355643
 12   9.61692967146438 0.960289005850154
 13   9.73418503876552 0.467596150092872
 14   9.63878805891727 -0.0274951327401343
 15   9.31449183672591 -0.396227315721993
 16   8.89484682811628 -0.526949053004495
 17   8.66822638287433 -0.548577612100258
 18   8.46708535045784 -0.546945821890129
 19   8.28499411867166 -0.531250525589547
 20   8.11744928595874 -0.505711412324788
 21   7.96079034103795 -0.472213885230457
 22   7.81203971505309 -0.431443412583762
 23   7.66891445074418 -0.383480026942228
 24   7.52976514730712 -0.328132694616418
 25   7.39345444520248 -0.265130209686831
 26   7.25922656871045 -0.194231867272742
 27   7.12659139396741 -0.115292048976015
 28    6.9952268490143 -0.0282934586054361
 29   6.86489839903499 0.0666438831765292
 30   6.73539648053635 0.169272768807726
 31   6.60649283810843 0.279241143959057
 32   6.47791584178546 0.396119526605272
 33   6.34934203361123 0.519426859160645
 34   6.22039959108131 0.648651056243923
 35   6.09067844140415 0.783262741771874
 36   5.95974277394253 0.922723014796779
 37   5.82714261960873  1.06648680723847
 38   5.69242314010128  1.21400362295028
 39   5.55513117772414  1.36471680589234
 40   5.41481975522736  1.51806217268138
 41   5.27105134299922  1.67346622711108
 42   5.12340089961759  1.83034424463291
 43   4.97145924354233  1.98809833595389
 44   4.81483721829559  2.14611575081784
 45   4.65317060240615  2.30376763684335
 46   4.48612568744173  2.46040850750333
 47   4.31340519983117  2.61537653153281
 48   4.13475428191865  2.76799477962595
 49   3.94996621692296  2.91757339491885
 50   3.75888768195269  3.06341267215439
 51   3.56142330955769  3.20480695629436
 52   3.35753946548933  3.34104926703952
 53   3.14726713511212  3.47143654073852
 54   2.93070387218509  3.59527539714255
 55    2.7080147809024  3.71188830749268
 56   2.47943250180752  3.82062006932378
 57   2.24525618472674  3.92084446408314
 58   2.00584945369577  4.01197097385029
 59   1.76163735459189  4.09345142696303
 60   1.51310231308494  4.16478643196668
 61   1.26077914356439  4.22553145463959
 62   1.00524915915462  4.27530240094628
 63  0.747133471473201  4.31378056693537
 64  0.487085582680749  4.34071683374819
 65   0.22578338552899  4.35593500107148
 66  -0.0360792811429313  4.35933417174958
 67  -0.297801371903553  4.35089012572911
 68  -0.558683511416847  4.33065564716468
 69  -0.81803683631947  4.29875979590797
 70  -1.07519164220462   4.2554061431237
 71  -1.32950567828334  4.20087001696429
 72   -1.5803719368759  4.13549483115712
 73  -1.82722580904799  4.05968759071472
 74  -2.06955149054808  3.97391368857217
 75  -2.30688754069135  3.87869112292381
 76  -2.53883152596135  3.77458427268016
 77  -2.76504369604693   3.6621973745721
 78  -2.98524966109255  3.54216784527717
 79  -3.19924206087399  3.41515958476338
 80   -3.4068812248927  3.28185639147957
 81  -3.60809483480379   3.1429556098412
 82  -3.80287660992431  2.99916212027288
 83  -3.99128403979631  2.85118277827881
 84  -4.17343520229021  2.69972140362374
 85  -4.34950472533638   2.5454744188086
 86  -4.51971897963274  2.38912723549722
 87  -4.68435063823972  2.23135147654294
 88  -4.84371279430429  2.07280310156703
 89  -4.99815288640827  1.91412146731704
 90  -5.14804672984596  1.75592929498849
 91  -5.29379296240683  1.59883344699008
 92  -5.43580816530908  1.44342634317438
 93  -5.57452278950385  1.29028779281729
 94  -5.71037779041704  1.13998700870655
 95   -5.8438215732604 0.993084602012354
 96  -5.97530653399778  0.85013440183347
 97  -6.10528425788655 0.711684924232452
 98  -6.23419846120663 0.578280126651647
 99  -6.36247517945321 0.450458670473611
100  -6.49051060870134 0.328750353925015
101  -6.61865835685531 0.213667944826593
102  -6.74721942142444 0.105692775517284
103  -6.87643953521527 0.00525356592206561
104  -7.00651902791545 -0.0872998930867065
105  -7.13763955708815 -0.171723802854204
106  -7.27000998360941 -0.247901428891922
107  -7.40393116497582 -0.315850595689458
108  -7.53987806987539 -0.375710939814616
109  -7.67859844282586 -0.427705546382646
110  -7.82122845991771   -0.472070001992
111  -7.96942034475285 -0.508933421362767
112  -8.12545525746597 -0.538118113526266
113  -8.29228639944822 -0.558796581379477
114  -8.47349906954988 -0.568892690673238
115  -8.67343245618842 -0.563939912159538
116  -8.89818473213197 -0.534386236008353
117   -9.3118698328484 -0.387269169111027
118  -9.62048053529336 -0.00449771955441485
119  -9.69481944927517 0.495308578673162
120  -9.55804640430349 0.984068113895804
121  -9.28314451378446  1.40703547894902
122  -8.58990490648037  1.98944036770668
123  -7.77443150729804  2.40905237630661
124   -6.8851926135347  2.71745914977275
125   -5.9525403440907  2.97710436464794
126  -4.97136326079919   3.2386826847914
127  -4.03868194847812  3.51083463462929
128  -3.15352524248918  3.82291791473324
129  -2.29082217927872   4.1782606543563
130  -1.22518581317059  4.40203403492664
131   0.29338331639062  4.94857331721247
132    1.3922262100833  4.87774272716447
133   2.41860902839952  4.68324892021051
134   3.33243822196384  4.43960090506969
135   4.26025527554171  4.16675109971625
136   5.26052049951773  3.87911328264757
137   6.27902981176728  3.59503030740195
138   7.30267928100832  3.28187192345515
139   8.30742316681543  2.87235576859008
140   9.23229300214107   2.2733915483814
141   9.92819575224517  1.40614861268054
142   10.1388804262628 0.720689183047331
143   10.1097908978645 0.00443863240871665
144   9.83058538033888 -0.654554314773186
145   9.33862249372609 -1.17403675600576
146   8.65238708831205 -1.51678735379093
147   8.45586703786458 -1.55997955720083
148   8.25560730806651 -1.58352496533806
149   8.05345557606423 -1.58786882887217
150   7.85104956254057 -1.57387273424825
151    7.6498801324449 -1.54250735125147
152   7.45123264946182 -1.49510644311737
153   7.25618244710024 -1.43295813040272
154   7.06548282359881  -1.3575720022663
155   6.87968475938359 -1.27026439055086
156   6.69903846386888  -1.1724483978014
157   6.52368033222845 -1.06529343639197
158   6.35350977574911 -0.950015446167499
159   6.18838791869049 -0.827601245619495
160   6.02798908706247 -0.699071887560165
161   5.87199565294883 -0.565252169064935
162   5.71993888763397 -0.426998829648238
163   5.57138579919193 -0.285004994107795
164   5.42578223731355 -0.139994568542717
165   5.28262739501113 0.00744264407658792
166   5.14132816079664 0.156686818691651
167   5.00135583619445 0.307225027104975
168   4.86211769339365  0.45851439728748
169    4.7230909731339 0.610093671011843
170    4.5837152996565 0.761471737107159
171   4.44350116125585 0.912216546104514
172   4.30194459568955  1.06186718546345
173   4.15861023453576  1.21000310286115
174   4.01306753797363  1.35617732880779
175   3.86495084944012  1.49996899321004
176   3.71391466086142  1.64093482760843
177    3.5596746286992  1.77864799172103
178   3.40197807228719  1.91266465055936
179   3.24063039854732  2.04255211577494
180   3.07547668821677  2.16786728455529
181   2.90641756913503  2.28817681073985
182   2.73339812170067  2.40304443505566
183     2.556416477923  2.51204548440492
184   2.37551699962187  2.61476046917048
185   2.19079401545827  2.71078568467924
186    2.0023871108517  2.79973093858856
187   1.81048162532439  2.88122746723942
188   1.61530468171242   2.9549281337673
189   1.41712350373484   3.0205134352666
190   1.21624141156618  3.07769292209853
191   1.01299464630923  3.12620972849893
192  0.807747992421661  3.16584233436561
193  0.600890577078999  3.19640781583504
194  0.392831055764424  3.21776334918619
195   0.18399274915182  3.22980826383773
196  -0.0251915056831446  3.23248489968902
197  -0.234284567687658  3.22577949559498
198  -0.442850278827894  3.20972218639286
199  -0.650458735394373  3.18438676410544
200  -0.856691475271806  3.14988973449974
201  -1.06114653535295  3.10638903006162
202  -1.26344329409698  3.05408215755527
203  -1.46322706742446  2.99320399702343
204  -1.66017338089016  2.92402416716047
205  -1.85399189379435  2.84684410642137
206  -2.04442991557145   2.7619938621532
207  -2.23127549875181  2.66982870771582
208  -2.41436007045909  2.57072562519465
209  -2.59356059822128  2.46507976042718
210   -2.7688012741082  2.35330091323125
211   -2.9400547277263  2.23581016357775
212  -3.10734277153213  2.11303670666196
213   -3.2707367023802  1.98541499052851
214  -3.43035717818154  1.85338223034173
215  -3.58637369915576  1.71737638023452
216  -3.73900371607171  1.57783462880586
217  -3.88851138861518  1.43519248486245
218  -4.03520599982882  1.28988350430171
219  -4.17944002269612  1.14233970780943
220  -4.32160680964125 0.992992725823513
221  -4.46213785369748 0.842275700291416
222  -4.60149954329931 0.690625959127535
223  -4.74018931504579 0.538488466593339
224  -4.87873109132931 0.386320025180017
225  -5.01766989597223 0.234594178011406
226  -5.15756555871683 0.0838067224368115
227  -5.29898545603514 -0.0655182906584454
228  -5.44249628255475 -0.212822221903855
229  -5.58865489614435 -0.357505316530559
230   -5.7379982964289 -0.49892009585276
231  -5.89103277604197 -0.636364703778923
232  -6.04822219402604 -0.769076160212976
233   -6.2099751467075 -0.896223419049153
234  -6.37663054931797 -1.01690016341835
235  -6.54844081057985 -1.13011746790179
236  -6.72555142517101 -1.23479694520063
237  -6.90797559646138 -1.32976588926839
238   -7.0955627857489 -1.41375733543537
239  -7.28796150668936 -1.48541979735165
240  -7.48458011656537 -1.54334305560715
241  -7.68455528010961  -1.5861060327209
242  -7.88674432525366 -1.61234767171848
243  -8.08975686966787 -1.62084999722929
244  -8.29201712874659 -1.61061067042597
245  -8.49179893086223 -1.58089313816828
246   -8.6871705104708 -1.53128865403039
247  -9.36145159420984 -1.16388853933503
248  -9.83365526477118 -0.624905040002111
249  -10.0869857496852 0.0457273619900531
250  -10.0887034097102 0.763829447772771
251  -9.85379456160907  1.44274363876538
252   -9.1319720331966  2.29061246180325
253  -8.19267707955976  2.87069234939715
254  -7.17773572899429  3.26604107223471
255  -6.14267832613412  3.56930815454363
256  -5.10525122807768  3.84693833734416
257  -4.06496609682758  4.13245975340681
258  -3.01049424584717   4.4233912772774
259  -1.93371972388787  4.68278242972794
260  -0.827585504204613  4.87088781872838
