// Id               X                Y
  1  -0.404534072478948  4.31374473471349
  2  0.666566803257492  4.29360407845529
  3   1.71573218149606  4.11464033315524
  4   2.71262482340831  3.78892628142197
  5   3.70044502606573   3.3263619450394
  6   4.69240529430739  2.88917370440497
  7   5.69266218218926  2.50059048145574
  8   6.68946165970939  2.14866445670076
  9   7.62345948997301  1.80318340720264
 10   8.46273346544478  1.39229064306042
 11   9.19049216240193  0.81827328037123
 12   9.46913721890414 0.374662317487465
 13   9.57399780512505 -0.158333031515906
 14   9.38212093216714 -0.691468787122338
 15   8.92849253071224 -0.958893653379142
 16   8.27321825349267 -0.776931724001892
 17   7.93590163216777 -0.595041855338434
 18   7.85644317313825 -0.549230723821728
 19   7.79063522315063 -0.510441292764944
 20   7.73061030085717 -0.474322582183004
 21   7.67089434066961 -0.437676007658419
 22    7.6067273496961 -0.397353777500425
 23    7.5352255731108 -0.351175671020596
 24   7.45506765650165 -0.297619517778324
 25   7.36615290670336 -0.235760315247492
 26   7.26932495053733 -0.165184911958434
 27   7.16594453902865 -0.0859042852709637
 28    7.0574550585761 0.0017833862931322
 29   6.94508861458253 0.0974070548062654
 30    6.8297446946437 0.200398683490201
 31   6.71198178105783 0.310142868028001
 32   6.59206146969136 0.426012810171938
 33   6.47001049787046  0.54739529209998
 34   6.34568446867882 0.673703626017616
 35   6.21882554908219 0.804379225559526
 36   6.08911026309174 0.938885065809471
 37   5.95618582412458  1.07669547990647
 38   5.81969526268556  1.21728618464319
 39   5.67929300396363  1.36012686195758
 40   5.53465338057774  1.50467697006522
 41   5.38547473923477  1.65038433359273
 42   5.23148141462524  1.79668561971081
 43   5.07242514612478  1.94300786521403
 44   4.90808677432089  2.08877049517377
 45   4.73827846542322  2.23338755342176
 46   4.56284634641239  2.37627005338619
 47   4.38167327513438   2.5168284476312
 48   4.19468145532412  2.65447523729004
 49   4.00183466851559  2.78862773332437
 50   3.80313997987289  2.91871096386009
 51   3.59864885136025  3.04416070688596
 52    3.3884576501729  3.16442661802188
 53   3.17270757225071  3.27897541765463
 54   2.95158401545702  3.38729409856891
 55   2.72531544157379  3.48889311308406
 56   2.49417176636791  3.58330949740446
 57   2.25846231616586   3.6701098907173
 58   2.01853338916461  3.74889340789329
 59   1.77476546027992  3.81929432757565
 60   1.52757006923468  3.88098456175351
 61   1.27738643225336  3.93367587813621
 62   1.02467781776923  3.97712185220901
 63  0.769927725839536  4.01111953123889
 64  0.513635909598838  4.03551079732468
 65  0.256314275303295  4.05018342062784
 66  -0.00151730437272294  4.05507179711526
 67   -0.2593352308388   4.0501573675618
 68  -0.516616442233039  4.03546871636066
 69  -0.772842667257353  4.01108135010098
 70   -1.0275046392882   3.9771171571543
 71  -1.28010623922481  3.93374355093282
 72  -1.53016853435305  3.88117230129571
 73  -1.77723367893875  3.81965806099624
 74  -2.02086864056687  3.74949659722863
 75  -2.26066871470528  3.67102274229554
 76  -2.49626078888463  3.58460808209713
 77  -2.72730631748178  3.49065840630691
 78   -2.9535039684628  3.38961094936157
 79  -3.17459190445894  3.28193145623697
 80  -3.39034966184117  3.16811111085988
 81    -3.600599592485  3.04866336745734
 82  -3.80520783322952  2.92412072597229
 83  -4.00408476776906  2.79503149202279
 84  -4.19718494625408   2.6619565602166
 85  -4.38450643247617  2.52546625744753
 86  -4.56608956245656  2.38613728018196
 87  -4.74201512801377   2.2445497559377
 88  -4.91240204962621  2.10128445264108
 89   -5.0774046742037   1.9569201491399
 90  -5.23720991343516  1.81203116763497
 91  -5.39203449824513  1.66718506288997
 92  -5.54212261577731  1.52294048318097
 93  -5.68774405375666  1.37984529350971
 94  -5.82919264377791  1.23843521020674
 95  -5.96678425021612  1.09923343349527
 96  -6.10085285810129 0.962752001221207
 97  -6.23174264258282 0.829495639221509
 98  -6.35979350446944 0.699968504517301
 99   -6.4853176617145 0.574683243164022
100  -6.60856558722893 0.454170344672905
101  -6.72968078686497 0.338984412610938
102  -6.84864446035577 0.229703507607862
103  -6.96521309566118 0.126918795531076
104  -7.07885561082895 0.0312140270119233
105  -7.18870513054841 -0.0568644445969507
106  -7.29355954539191 -0.136850699117162
107  -7.39199301809429 -0.208429767951429
108  -7.48264285413922 -0.271551968566734
109  -7.56464853665653 -0.32657548160841
110  -7.63808315226547 -0.374377258878015
111  -7.70425161111362 -0.416423599489165
112  -7.76602114639324 -0.454922932656168
113  -7.82832154606737 -0.493121302717158
114  -7.89699754985466 -0.534585044658239
115  -7.97993034120361 -0.58383091356099
116  -8.31944268918924 -0.776049748288924
117  -8.97086495416635 -0.982899322298965
118  -9.43693064316065 -0.741948810903822
119  -9.66356557600095 -0.23621907176229
120  -9.60325217777376 0.295607211020101
121  -9.35985678553228 0.752223972110815
122  -8.66468542936322  1.35382805749278
123  -7.84381051494255   1.7709174046196
124  -6.95702498104878  2.08517689114669
125   -6.0444475981372  2.37495253642628
126  -5.13281522873122  2.69282754188906
127  -4.25344360149499  3.05879291947709
128  -3.40872415736872  3.46950034530815
129  -2.47374268427463    3.883761779993
130  -1.43303107127982  4.12220962626956
131  -0.0473776325891703  4.77707257157257
132   1.04711578981967  4.73789277412506
133   2.11491592350925  4.53555424783568
134   3.12782286866407  4.20053228449593
135   4.09294517000838  3.79934033808045
136   5.05734433692923  3.38990776880572
137    6.0492522822661  3.00729398906566
138    7.0619168733061  2.64317337275212
139    8.0696684289985  2.23383326827311
140   9.01410326593084  1.66837433480616
141   9.73895694186039 0.830694625575009
142   9.95663893987466 0.150638688786279
143   9.91726913832442 -0.558455445935736
144   9.62404596237827 -1.19568256915762
145   9.13484941263006 -1.69048405534232
146   8.48848018382682 -2.02481898266054
147   8.30355377305232 -2.06872607646548
148   8.08543663030396 -2.09552651599238
149   7.86513515596236   -2.097189398301
150   7.64597857592524 -2.07490212546601
151    7.4308721744663 -2.03069379612712
152   7.22225658854337  -1.9672861196882
153    7.0216232241973 -1.88770003372029
154   6.82958531847318 -1.79488190780847
155   6.64607152430521 -1.69144924270824
156    6.4705460763508 -1.57956387525328
157   6.30222350515304 -1.46092605428269
158   6.14023872451657 -1.33685025623131
159   5.98374863603363 -1.20836726221842
160   5.83197349110315 -1.07631445373255
161   5.68420194691541 -0.941401677944411
162   5.53978065552362 -0.804254369461052
163   5.39810051434845 -0.66543972255469
164   5.25858499360851 -0.525481489355583
165   5.12068227866065 -0.384867778177022
166   4.98386127207914 -0.244055078925771
167   4.84761080621176 -0.103470774402163
168   4.71144117266078 0.0364844582389736
169   4.57488704476654 0.175433701354709
170   4.43751096827728 0.313020233114768
171   4.29890678175566  0.44890362504675
172   4.15870255559399 0.582755901112825
173   4.01656285582757 0.714258112925397
174   3.87219030704558 0.843097560609645
175   3.72532653113418  0.96896575666807
176   3.57575258029391  1.09155713002546
177   3.42328898108601  1.21056840836842
178   3.26779548122173  1.32569859104448
179   3.10917055887787  1.43664941922626
180   2.94735072601089  1.54312625382566
181   2.78230963729606  1.64483927810195
182   2.61405700565875  1.74150494821474
183   2.44263732225054  1.83284762065914
184    2.2681283806208  1.91860129108322
185   2.09063960929195  1.99851138499841
186   1.91031022207484  2.07233654761365
187   1.72730720005714  2.13985038737354
188   1.54182312264817  2.20084313545599
189   1.35407386717292  2.25512319110198
190   1.16429619732687  2.30251852984303
191  0.972745260513952  2.34287795816835
192  0.779692012927335  2.37607220372506
193  0.585420589453439   2.4019948346502
194  0.390225633342074  2.42056300504735
195  0.194409598342718  2.43171802597296
196  -0.00171996610654209  2.43542576268027
197  -0.197853137827602  2.43167685943583
198  -0.393680345452934  2.42048679317543
199  -0.588895085699793  2.40189575684087
200  -0.783196627475224  2.37596837269478
201  -0.976292695241386  2.34279323551175
202  -1.16790212280052  2.30248228553975
203  -1.35775746692277  2.25517001173998
204  -1.54560756821148    2.201012487225
205  -1.73122004448623  2.14018624115162
206  -1.91438369999177   2.0728869746541
207  -2.09491083214677  1.99932813272707
208  -2.27263941656452  1.91973934922164
209  -2.44743515093425  1.83436478816915
210  -2.61919333924634  1.74346141128563
211  -2.78784059992836  1.64729720845563
212   -2.9533363847637  1.54614943490379
213   -3.1156742998038  1.44030290527425
214  -3.27488322429826  1.33004840065872
215  -3.43102822785986  1.21568124963508
216  -3.58421128793351  1.09750014878948
217  -3.73457180689221 0.975806292460823
218  -3.88228691838155 0.850902885998329
219  -4.02757155430052 0.723095121305057
220  -4.17067821761996 0.592690695510033
221  -4.31189637653843 0.460000947633007
222   -4.4515513720979 0.325342664651132
223  -4.59000273002416 0.189040556066483
224  -4.72764180772306 0.0514303075218317
225  -4.86488880654409 -0.08713799363781
226  -5.00218934380041 -0.226296381221043
227   -5.1400109944287 -0.365655846680571
228  -5.27884044211303 -0.504803750889649
229  -5.41918207561511 -0.643301759930047
230   -5.5615589835927 -0.780683725205236
231  -5.70651730078448 -0.916452233188268
232  -5.85463466025319 -1.05007173774742
233   -6.0065328789506 -1.18095523384243
234  -6.16289339204278 -1.30844023917017
235   -6.3244703344532 -1.43174847697321
236  -6.49208941199183 -1.54992303253177
237   -6.6666117346875 -1.66174018838769
238  -6.84883822174806 -1.76560682431154
239  -7.03934565927606 -1.85947987729267
240  -7.23827831420927 -1.94086334412673
241  -7.44513418005088 -2.00692271875186
242  -7.65856747511052 -2.05472183174075
243  -7.87628644960951 -2.08158022937127
244  -8.09552035930895 -2.08548048949314
245  -8.31317812239386 -2.06521471448545
246  -8.49727562961683 -2.02798829674188
247  -9.15541971764587 -1.72186609170805
248  -9.66861276822685 -1.25558805452815
249  -9.99862408727031  -0.6400443874032
250  -10.0817773757258 0.0621298956872183
251  -9.90448286590066 0.750782272736167
252  -9.22085275691022    1.616926454467
253  -8.29177449324362  2.20043604834804
254  -7.29013161627928  2.60702156555674
255  -6.27782009880339  2.94838056999842
256  -5.27320189726705  3.29613733639088
257  -4.27092378938671  3.67647670460767
258  -3.25577710828348  4.06671269891258
259  -2.21093596116086  4.41327711114589
260  -1.13941798298263  4.65816018333954
