// Id               X                Y
  1  -0.0927337122790045  1.62733888758982
  2    0.9606722548096  1.65528384816544
  3    2.0032346014414  1.66971571840296
  4   3.03984321132174  1.67319495352752
  5   4.05548365502139  1.62838078973974
  6   4.98948211554926  1.52384417618957
  7   5.92361113213106  1.53245402404092
  8    6.8433140461953  1.69800476743134
  9   7.74538176759319  1.94718567157318
 10   8.65681010290846  2.10983276548812
 11   9.55922296414645  1.93624313740848
 12    9.9288923710856  1.58777693994864
 13   10.0856512543386  1.10336560484044
 14   9.95978536143298 0.608106450429694
 15   9.59344705345324 0.255313468580091
 16   9.10729393452164  0.11106461375033
 17    8.8185160935478 0.0926997214749042
 18   8.75314854556301 0.0932948507621193
 19    8.6923484578567 0.0953429920567403
 20   8.62230310778359 0.0994623514674274
 21   8.54142305602878  0.10644000552818
 22   8.44926044215711 0.117170082197323
 23   8.34180705280419  0.13318451803226
 24   8.19998250367541 0.159657494650837
 25   8.04953310297415 0.193653068157772
 26   7.89328990806497  0.23458838930736
 27   7.73236944356151 0.281858746608078
 28   7.56728143984763 0.334791371822431
 29   7.39824535337988 0.392647721494974
 30   7.22532714476842 0.454630177372357
 31   7.04851342353937 0.519890343555746
 32   6.86775904155518 0.587539392862012
 33   6.68302132640866 0.656661066360105
 34   6.49428609270018 0.726327555291182
 35   6.30158736741699 0.795618017284299
 36   6.10502144934087 0.863639027321151
 37   5.90475545470381 0.929545907651401
 38   5.70103045421007 0.992563665552117
 39   5.49415946553021  1.05200621458462
 40   5.28452080322193  1.10729265773568
 41   5.07254752431668  1.15795964024816
 42   4.85871389472499  1.20366909333906
 43   4.64351991585439  1.24421104235238
 44   4.42747498595152  1.27950150506031
 45   4.21108173011608  1.30957582787876
 46   3.99482092528656  1.33457807834803
 47   3.77913828352835   1.3547473163799
 48   3.56443365352829  1.37040169445856
 49   3.35105297444106  1.38192138328531
 50   3.13928308871182  1.38973128575631
 51   2.92934931195115   1.3942843976106
 52   2.72141548619613  1.39604651372525
 53   2.51558612007082   1.3954827861681
 54   2.31191015025712   1.3930464368849
 55   2.11038584082313  1.38916973563043
 56   1.91096636206735  1.38425718901066
 57   1.71356564692009  1.37868075942559
 58   1.51806419794227  1.37277684683157
 59   1.32431460002192  1.36684471954833
 60    1.1321465738527  1.36114606692405
 61  0.941371477006736  1.35590535866393
 62  0.751786219554998  1.35131072479687
 63  0.563176608759419   1.3475151092072
 64  0.375320173031353  1.34463749251311
 65  0.187988540765743  1.34276402270211
 66  0.000949466857725432  1.34194893190211
 67  -0.18603138929806  1.34221515398834
 68  -0.373188824026187   1.3435545905443
 69  -0.560756474254752  1.34592800295303
 70  -0.748965112798651  1.34926453752788
 71  -0.93804074146812  1.35346092024107
 72  -1.12820237397969   1.3583803893526
 73  -1.31965940907536  1.36385146931735
 74  -1.51260850810075  1.36966672834759
 75  -1.70722991250087  1.37558170454776
 76      -1.9036831674  1.38131422991421
 77  -2.10210225961888  1.38654442437126
 78   -2.3025902334452  1.39091566824824
 79  -2.50521341517207  1.39403688429172
 80   -2.7099954557354  1.39548646125268
 81  -2.91691148486455  1.39481812173601
 82  -3.12588275206562  1.39156896992022
 83  -3.33677219863555  1.38526984551231
 84  -3.54938144796011  1.37545795940242
 85  -3.76344970561988  1.36169160088726
 86   -3.9786550156418  1.34356649997228
 87  -4.19461821882609  1.32073322110678
 88  -4.41090980470018  1.29291478028193
 89  -4.62705964938264  1.25992353922981
 90  -4.84256940350141  1.22167635820327
 91   -5.0569270577541  1.17820699553671
 92  -5.26962299034128  1.12967483316723
 93  -5.48016661024909  1.07636918068859
 94  -5.68810256991692  1.01870865879411
 95  -5.89302544370726 0.957235473708652
 96  -6.09459176549551 0.892604749039462
 97  -6.29252839645545 0.825569453529653
 98  -6.48663635162196 0.756961815079698
 99  -6.67678943472305 0.687672396580038
100  -6.86292727424378  0.61862817877835
101  -7.04504254415796 0.550771010125092
102  -7.22316216500445   0.4850376255752
103  -7.39732190278968 0.422342117745377
104  -7.56753260160705 0.363561307797536
105  -7.73373332995637 0.309522985555172
106  -7.89571928088351 0.260996610389779
107  -8.05301149128536 0.218686200145206
108  -8.20456520403384   0.1832279158613
109  -8.34783734165868 0.155224856552201
110  -8.45777843377722    0.137838128889
111  -8.55086789128809 0.126144561317971
112  -8.63247719099342 0.118329581061603
113   -8.7031624745676 0.113497144602706
114  -8.76456608836463 0.110818653543635
115  -8.83063610828123 0.109567798646894
116  -9.12016207244233 0.124881612900429
117  -9.60832718856608 0.263350893419892
118  -9.97931861756974 0.611761068800168
119  -10.1108757973757  1.10582587394022
120  -9.95829478548378  1.59157603081981
121  -9.59054607334521  1.94162627057548
122  -8.68856287353351  2.11386170081106
123  -7.77991424837304  1.94465939681659
124  -6.88320144603432   1.6862561829756
125  -5.96890281280457  1.51155396739601
126  -5.03997847735509  1.49871792852471
127  -4.11639769280125  1.61035633708408
128  -3.17108012886808  1.68814475640687
129  -2.19648661100035  1.67152575592165
130  -1.14354371713033  1.60850472138174
131  -0.00898091849552131  2.21236103992532
132   0.95883276056243  2.24662321730906
133   1.92825429964696  2.25735645291494
134   2.90479190507652  2.25257845844856
135   3.90296758561154  2.21265697853035
136   4.92595916584898   2.1289443654188
137   5.92251815435379  2.14147673608199
138   6.94298661154015  2.30352476449261
139   7.98157596697235  2.51763091869287
140   9.06351096138607  2.57231480382386
141   10.0722463068191  2.14799727211519
142   10.4780610300318   1.5717930214794
143   10.5753884542046 0.875009633022741
144    10.337162377522 0.215689189583001
145   9.94049786167781 -0.35676210875822
146   10.0786343772709 -1.06143797456603
147   9.98407372934357 -1.28750185165193
148   9.73459849409006 -1.46410361054896
149   9.45540814956727 -1.58591614708773
150   9.16682752012436 -1.66574277072825
151   8.87763618295333 -1.71029061014372
152   8.59389638055422 -1.72473519882407
153   8.32386631221167 -1.71378995803775
154   8.08962669371675 -1.68489955534502
155   7.86520846848691  -1.6452174531953
156   7.64784254782327 -1.59725718316439
157   7.43635808276797 -1.54261626505603
158   7.23001546751578 -1.48262652532708
159   7.02821274429624 -1.41849892329781
160    6.8303884252718 -1.35136215522626
161   6.63598983274337 -1.28227457751539
162    6.4444677052697 -1.21222774031908
163   6.25528238785006 -1.14214653706457
164   6.06791501031382 -1.07288754085535
165   5.88188012701408 -1.00523608401693
166   5.69673762879317 -0.939902365190086
167   5.51210245125456 -0.87751687153806
168   5.32765110696461 -0.818625509036512
169   5.14312451852714 -0.763684953572479
170   4.95832706431113 -0.713058814403841
171   4.77312215348929 -0.667015205844352
172   4.58742498444423 -0.625726240495618
173   4.40119337310288 -0.589269796347879
174    4.2144176422843 -0.557633695945081
175   4.02711053753834 -0.530722203818283
176   3.83929799773619 -0.508364535341188
177   3.65101139372977 -0.490324906696533
178   3.46228159695061 -0.476313560834978
179   3.27313499205946 -0.465998183404515
180   3.08359133595314 -0.459015168000349
181   2.89366320979295 -0.454980284718677
182   2.70335671841462 -0.453498428322824
183   2.51267305846012 -0.454172251037118
184   2.32161059114181 -0.456609602717732
185   2.13016710250028 -0.460429796505542
186   1.93834199821611 -0.465268785885356
187   1.74613824887882 -0.470783379477961
188   1.55356396615993 -0.476654636636828
189   1.36063354537501 -0.482590585666498
190   1.16736835335506 -0.488328393302403
191  0.973796972495306 -0.493636094467663
192  0.779955033730444 -0.49831396957069
193  0.585884685006484 -0.502195635722808
194  0.391633749671196 -0.505148900000718
195  0.197254632979013 -0.50707640802039
196  0.0028030361612657 -0.507916109671338
197  -0.191663462552054 -0.507641555462538
198  -0.386086901096028 -0.506262030866849
199  -0.580410442477038 -0.503822531502201
200  -0.774579840995425 -0.500403578083479
201  -0.968544806913366 -0.496120865927982
202  -1.16226020996674 -0.491124738506997
203   -1.3556870615352 -0.485599467236171
204  -1.54879321556192 -0.479762309595263
205  -1.74155373049997 -0.473862304157936
206  -1.93395084007115 -0.46817874395027
207  -2.12597349124468 -0.463019249102036
208  -2.31761642567049 -0.458717337258067
209  -2.50887880802844 -0.45562936810296
210  -2.69976244327317 -0.454130720414746
211  -2.89026967551646 -0.454611051452824
212  -3.08040112343903 -0.457468495356547
213  -3.27015347700478 -0.463102685924735
214  -3.45951765054171 -0.47190654486599
215  -3.64847764659768 -0.484256861676896
216  -3.83701051856244 -0.500503803298371
217  -4.02508781147253 -0.520959621981814
218  -4.21267879496771 -0.545886963078696
219  -4.39975567124256 -0.575487290006176
220   -4.5863007454338 -0.609890018318493
221  -4.77231530084857 -0.649142963795048
222  -4.95782965521842 -0.693204647485565
223  -5.14291362626364 -0.741938862605159
224  -5.32768644981675 -0.795111707449593
225   -5.5123251127318 -0.852391052253874
226  -5.69707011443691 -0.913348172760381
227  -5.88222786391271 -0.977461087982245
228  -6.06816923866136 -1.04411901624653
229  -6.25532424518703 -1.11262732874596
230  -6.44417318619742  -1.1822124288571
231  -6.63523523297374 -1.25202608997486
232  -6.82905584647311 -1.32114889122497
233  -7.02619522164093 -1.38859241161846
234   -7.2272212269087 -1.45329961085752
235  -7.43271319946322 -1.51414189838832
236  -7.64329045254639 -1.56990821415937
237  -7.85970176625653 -1.61926910823911
238  -8.08309295753821  -1.6606415149373
239  -8.31600032004544 -1.69157469930701
240  -8.58380278601651 -1.70537840925638
241   -8.8672227366371 -1.69413933226491
242  -9.15668908860124 -1.65300882736606
243  -9.44611303636272 -1.57674507067705
244  -9.72678352844363 -1.45851652539999
245  -9.97854076446284 -1.28526425066291
246  -10.0758171889231 -1.05969467521933
247   -9.9477625254148 -0.352962623930263
248   -10.351386698627 0.215025936617894
249  -10.5970662473285 0.872045245062032
250   -10.505956309815  1.57018986718185
251  -10.1025981450229   2.1488705599438
252  -9.09476125399922   2.5766919817713
253  -8.01261495989414  2.51661343167465
254  -6.97606958703162  2.29302449293246
255  -5.96060103624213  2.12135180338224
256  -4.98364161495441  2.10606984987346
257  -3.99677824883859  2.20725548564565
258  -2.97796007987154  2.26421755622018
259  -1.95687712521924  2.22756279511153
260  -0.976189178617222  2.17812329917528
