// Id               X                Y
  1  0.0871189564405139  3.00508356242909
  2   1.15797926174558  2.98085663431712
  3   2.22094677931509  2.91276943696592
  4   3.25959376028416  2.77462979339377
  5    4.2779514034892  2.52039667028049
  6     5.188549951421  2.25784417098455
  7   6.10998294754113  2.05155985817602
  8   7.04598604494781  1.89917409741117
  9   7.97618493999537  1.71820781116248
 10   8.84295688334238  1.35494310499242
 11   9.45283581125553 0.614720252873641
 12   9.44912904252389 0.0855591533191221
 13   9.15735986454892 -0.353920311385211
 14    8.6648733895385 -0.545205352756866
 15   8.15309703130151 -0.442118116742737
 16   7.64565361535114 0.000377375133805777
 17   7.26201679691269 0.446289092586962
 18   7.19444480474058  0.51528785317154
 19   7.13214240754801 0.576706045920722
 20   7.07104617666387 0.635059758910205
 21   7.00675355555822 0.694557168236374
 22   6.93709705452163 0.757045368510584
 23   6.86134698200873 0.822824629285073
 24    6.7793706957551 0.891684552293966
 25   6.69123543518532 0.963217194193271
 26   6.59709717986785  1.03696305713473
 27   6.49713340435529  1.11245224065353
 28   6.39150391742557  1.18923543002809
 29   6.28030512910327  1.26690795338678
 30   6.16349260346945  1.34515084821661
 31   6.04064317768901  1.42386141152958
 32   5.90648369239168  1.50576841662665
 33   5.76314700119654  1.58878630076654
 34    5.6142376845455  1.67033699686541
 35   5.46057375495641  1.74971280744447
 36   5.30270755289117   1.8264471209505
 37   5.14109182315741  1.90019542050039
 38   4.97612790539434  1.97069738406453
 39    4.8081861411736  2.03775912108059
 40   4.63761565393525   2.1012430152602
 41   4.46474896198608  2.16106095300443
 42   4.28990375727529  2.21716912734311
 43   4.11338304398884  2.26956354836203
 44   3.93547433156893  2.31827582739197
 45   3.75644832819172  2.36336902810427
 46   3.57655744186166   2.4049335038525
 47    3.3960343080949  2.44308271420536
 48   3.21509049939296  2.47794905628728
 49   3.03391552073967  2.50967976905432
 50   2.85267615255833  2.53843297702482
 51    2.6715161665872  2.56437393826776
 52   2.49055641095624  2.58767155275905
 53   2.30989523865887  2.60849517421485
 54   2.12960923866002  2.62701175348728
 55   1.94975422069259  2.64338332642691
 56   1.77036640256826  2.65776484517503
 57   1.59146375144739  2.67030234006629
 58    1.4130474366716  2.68113139018436
 59   1.23510336010138  2.69037587424283
 60   1.05760373909494  2.69814696972708
 61  0.880508726104693  2.70454236682663
 62  0.703768056325776  2.70964566423107
 63  0.527322720142784  2.71352591595516
 64  0.351106659875327  2.71623730162667
 65  0.175048490554131  2.71781889678955
 66  -0.000926757325743354  2.71829452448065
 67  -0.176895878015767  2.71767267442471
 68  -0.352935721500163  2.71594648150581
 69  -0.529121424891465  2.71309376060279
 70  -0.705524654012152  2.70907710033143
 71  -0.882211863366571  2.70384402364203
 72  -1.05924257999175  2.69732722848818
 73   -1.2366677138118  2.68944492679986
 74  -1.41452789522461  2.68010130460901
 75  -1.59285184065448  2.66918713018761
 76  -1.77165474925106  2.65658054020776
 77  -1.95093673886738   2.6421480359091
 78  -2.13068133652661  2.62574572170052
 79  -2.31085404704322  2.60722081715275
 80  -2.49140103229235  2.58641346959533
 81  -2.67224794163705   2.5631588882378
 82  -2.85329893993975  2.53728981177476
 83  -3.03443598208705  2.50863930994119
 84  -3.21551838079891  2.47704390593671
 85  -3.39638270661161  2.44234699192561
 86   -3.5768430445636  2.40440249528561
 87  -3.75669161092304  2.36307874070648
 88  -3.93569970532148  2.31826244481133
 89  -4.11361893915426  2.26986277823621
 90  -4.29018264004489  2.21781543804803
 91  -4.46510728325281  2.16208669483897
 92  -4.63809373976184  2.10267741955045
 93  -4.80882804651987   2.0396271652309
 94  -4.97698127229466  1.97301849883454
 95  -5.14220781764851  1.90298199177347
 96  -5.30414101779973  1.82970268816186
 97  -5.46238385237462  1.75342974818759
 98  -5.61648967597513  1.67449318785894
 99  -5.76591736952384  1.59333910604293
100  -5.90988349325865   1.5106358419901
101  -6.04578237232028  1.42830198318697
102  -6.16936558984953  1.34967786708501
103  -6.28684575929568   1.2715027583021
104  -6.39871205562273  1.19383421038598
105  -6.50502531228704  1.11697393841598
106  -6.60569408230553   1.0413161854731
107  -6.70055871396252 0.967303938401752
108  -6.78943812363164 0.895403665721541
109  -6.87217205722975 0.826077680680327
110   -6.9486807820398 0.759734972580615
111  -7.01909391448832 0.696608999413727
112  -7.08410651283021 0.636398691596215
113  -7.14590336240395 0.577293380222115
114  -7.20890524430675 0.514993694215684
115  -7.27720726867345  0.44495336765765
116  -7.65867599511149 -0.00218273864703687
117  -8.16177667921889 -0.449681210032053
118  -8.67168156824611 -0.562085294816644
119  -9.16898873700647 -0.383250338447199
120  -9.47348784104892 0.0476039863455845
121  -9.49217435848156 0.576622406555263
122  -8.90038477299427   1.3298133054008
123  -8.03705801220075  1.70604405175707
124  -7.09394074311769  1.89480771129897
125  -6.08561981924944  2.05825244411448
126  -5.08433453918749   2.2841765595738
127  -4.10014572809149  2.56956007983176
128  -3.07307092251839  2.80614114418405
129  -2.03843302993599  2.92910517390925
130  -0.974800040303656  2.96491410013162
131  -0.0694860590717194  3.57201321059097
132   1.01567837553257  3.55196207918994
133   2.10076863775869  3.48879392031926
134   3.18141534804973   3.3568921356626
135   4.24386101860384  3.11185527108752
136   5.30155332782499  2.84575878075541
137   6.36384545997819  2.60369470008026
138   7.43117673923937  2.37643070482179
139   8.48371856773339  2.06543468062339
140   9.42725348656148  1.49074937534498
141   9.90944042879465 0.496406684358511
142   9.87750137034891 -0.215657971050858
143   9.45659935032989 -0.784985086409769
144    8.8065666123247  -1.0634382649926
145   8.10858208184923   -1.162287842985
146   7.84748283299566  -1.8449508085431
147   7.73028813610462 -1.99269905079709
148   7.53058321932889  -1.9934756092781
149   7.33206041067255 -1.97234057805506
150   7.13678214992505 -1.93167574558353
151   6.94588665342231 -1.87622937634116
152   6.75964665414557 -1.80986691261883
153   6.57797041615266 -1.73520828715312
154   6.40058793066674 -1.65424038191754
155   6.22712644461213 -1.56860754097249
156   6.05716817471117 -1.47971688754252
157   5.89030318181622 -1.38878148876456
158   5.72618082020908 -1.29684620876325
159   5.56457292072914 -1.20480466014962
160   5.40549182339212 -1.11339830058656
161    5.2495358952246 -1.02321512235996
162    5.1030192059667 -0.937614085068845
163    4.9625438750231 -0.856227582340722
164   4.82320851727748 -0.778009697834103
165   4.68387502033719 -0.703226340494249
166   4.54399322446295 -0.632043185336613
167   4.40327021006876 -0.564549978887973
168   4.26155001439581 -0.500789375343523
169   4.11875810496447 -0.44077043594856
170   3.97487188409671 -0.384474521184549
171   3.82990310824205 -0.331858276635251
172    3.6838863805067 -0.282855751620834
173    3.5368710889737 -0.237380442809856
174   3.38891551897427 -0.195327529375955
175   3.24008247585074 -0.156576347380373
176   3.09043604134891 -0.120993059089924
177   2.94003922645557 -0.0884334360979984
178   2.78895235319313 -0.0587456648956886
179   2.63723203373411 -0.0317730877599054
180   2.48493063508359 -0.00735680430480601
181   2.33209613052849 0.0146619241172319
182   2.17877224949393 0.0344395066171422
183    2.0249988472881 0.0521281132582714
184   1.87081242600854 0.0678740298147046
185   1.71624674750129 0.0818162700038658
186   1.56133348834061 0.0940854288822537
187   1.40610289498155 0.104802754755746
188   1.25058440434233 0.114079413432378
189   1.09480720114753  0.12201591741582
190  0.938800688688432 0.128701693134747
191  0.782594854713194 0.134214760992798
192  0.626220519515952 0.138621505456618
193  0.469709459476757 0.141976515236554
194  0.313094406614962  0.14432247663089
195  0.156408933077258 0.145690106175356
196  -0.000312761670137796 0.146098111814896
197  -0.157036134832125 0.145553174887427
198  -0.313726622736289 0.144049948286901
199  -0.470349965287258 0.141571069256931
200  -0.626872495802963 0.138087188346343
201  -0.783261363058906 0.133557019117669
202  -0.939484658782207  0.12792741622699
203  -1.09551143211264 0.121133492487528
204  -1.25131158144465 0.113098788495212
205  -1.40685562254948 0.103735511324554
206  -1.56211433933834 0.0929448616499441
207  -1.71705832993111 0.0806174712927387
208  -1.87165746610109 0.066633975424893
209  -2.02588028916936 0.0508657451541911
210  -2.17969337057982 0.0331758065495641
211  -2.33306067117259 0.0134199708345154
212  -2.48594293987875 -0.00855180304892298
213  -2.63829720024799 -0.0328937985069254
214  -2.79007638172879 -0.0597626782071373
215  -2.94122916163046 -0.0893153743433443
216  -3.09170009287199 -0.121706753791873
217  -3.24143010186439 -0.157087096657738
218  -3.39035745071781 -0.195599444199287
219  -3.53841927023368 -0.237376888154434
220  -3.68555378901105 -0.282539885417964
221  -3.83170341794125 -0.331193686235486
222  -3.97681891504629 -0.383425954978732
223  -4.12086498645589 -0.439304629333421
224  -4.26382794583614 -0.498875981492966
225  -4.40572661559603 -0.56216265190014
226  -4.54662889172137 -0.629160969248233
227  -4.68667930304718 -0.699835803127314
228  -4.82615031282167 -0.774108961490183
229  -4.96555187595036 -0.85183475404084
230   -5.1059247307816 -0.932779440265849
231  -5.25089803973496 -1.01744113963891
232  -5.40649004490998 -1.10732663222913
233  -5.56531129166742 -1.19851829992474
234  -5.72665757430295  -1.2904467594328
235   -5.8904790058238 -1.38239598314175
236   -6.0569849373964 -1.47349584352462
237  -6.22651645869184 -1.56272521243202
238  -6.39948147411827 -1.64889525274892
239  -6.57630390505586 -1.73062248499593
240  -6.75737236695623 -1.80628358083386
241  -6.94298464041507 -1.87390693830046
242  -7.13327494746715 -1.93087800607607
243  -7.32803198816982 -1.97331562487872
244  -7.52618977995968 -1.99639179868384
245  -7.72573249003815  -1.9977041368468
246   -7.8433497744893 -1.85063813829483
247  -8.10769938019997  -1.1694013513437
248  -8.80652262246506 -1.08303346006001
249  -9.46189826951814 -0.819674828215317
250  -9.89685852076954 -0.262377146184878
251   -9.9488442214409 0.447126428011486
252  -9.49286737145733  1.45182466423249
253  -8.55739685763922   2.0358192680296
254  -7.50946672787216  2.34790751236323
255  -6.44515223059687  2.55261963993858
256  -5.39493188872307  2.79872924246889
257  -4.35928776514304  3.09756326855042
258  -3.30854868055739   3.3439282124331
259  -2.23563708744898  3.48262272376884
260  -1.15318541364006  3.52825567090374
