// Id               X                Y
  1  -0.0889798914585162   2.1772251912081
  2  0.972110843540258   2.2118452109136
  3   2.01628298741568  2.29843528649239
  4   3.06579157602197  2.34555531691535
  5   4.12049825380799    2.260738927833
  6   5.06058750002695  2.07088704090281
  7    5.9763336437322  1.90671505044136
  8   6.90554392009435  1.85445126932036
  9   7.83904461046441  1.88680290234777
 10   8.76604760998159  1.86888973693939
 11   9.63864288923694  1.58625658955353
 12   9.99133575428771  1.22127963563267
 13   10.1455433094628 0.736722875347919
 14    10.026398913664 0.241716443566381
 15   9.66154410489794 -0.108880823922653
 16    9.1836780038098 -0.232328402899354
 17    8.8600174166014 -0.221980351559339
 18   8.79711493526841 -0.213189406530937
 19   8.74181174433931 -0.203654993001303
 20   8.66934343767328 -0.188682292083291
 21    8.5705925804309 -0.163835677738433
 22   8.44838999235914 -0.126265936809063
 23   8.31225185303459 -0.0759549946181214
 24   8.16992675879873 -0.0144078258279715
 25   8.02465409225559 0.0571374421687517
 26   7.87732859970219 0.137828446461973
 27   7.72799859365367 0.226925261015327
 28   7.57635200226801  0.32367266515707
 29   7.42187062172427 0.427247642999859
 30    7.2638981914827 0.536729050243264
 31   7.10168829452703 0.651074952293525
 32   6.93445222074909 0.769105347588526
 33   6.76141359304087 0.889492271407966
 34   6.58187085644465  1.01076129210603
 35   6.39526493941241  1.13130905620108
 36   6.20124619599523  1.24944069455272
 37   5.99973223065915  1.36342841342324
 38   5.79094709009221  1.47158867622946
 39   5.57543334501178  1.57237083136414
 40   5.35403209383458  1.66444617318893
 41   5.12783136859301  1.74678466264287
 42   4.89808941421162  1.81870779491624
 43   4.66614404155022  1.87991027456462
 44   4.43332127034907  1.93044904924051
 45   4.20085531476526  1.97070406951744
 46   3.96982828668308  2.00131926588237
 47   3.74113319792115  2.02313384173638
 48   3.51545939990799   2.0371132098111
 49   3.29329650058007  2.04428656327887
 50   3.07495135552464  2.04569518545492
 51   2.86057270011703  2.04235297723658
 52   2.65017885517712  2.03521875713215
 53   2.44368517567261  2.02517875445437
 54   2.24092913776809  2.01303724395025
 55   2.04169196843384  1.99951325036321
 56   1.84571644933133  1.98524148465845
 57   1.65272099252912   1.9707760107578
 58   1.46241034554242  1.95659548929696
 59   1.27448339869879  1.94310915454127
 60    1.0886385915454  1.93066293340553
 61  0.904577386330508  1.91954530985769
 62  0.722006222424711   1.9099926804488
 63  0.540637302925711  1.90219404682053
 64  0.360188503621387  1.89629495839604
 65  0.180382640334599  1.89240066147756
 66  0.000946285963436049  1.89057843651617
 67  -0.17839170583401  1.89085911875872
 68  -0.357901837279693   1.8932378029617
 69  -0.537855644084108  1.89767373363366
 70  -0.718527298308357  1.90408938099311
 71  -0.900195014445625  1.91236870190958
 72  -1.08314212030793  1.92235458697476
 73  -1.26765762765141  1.93384550231648
 74  -1.45403610041698   1.9465913512709
 75  -1.64257657128578  1.96028861100299
 76  -1.83358020123302  1.97457484834409
 77  -2.02734631509131  1.98902279474294
 78  -2.22416638526604  2.00313427103399
 79  -2.42431548734092  2.01633440835699
 80   -2.6280407347858  2.02796682095291
 81  -2.83554624533159  2.03729065452765
 82  -3.04697434171793  2.04348075490793
 83  -3.26238299995792  2.04563255010374
 84  -3.48172009055245  2.04277355517376
 85  -3.70479576151225  2.03388358562998
 86  -3.93125538838556  2.01792563727256
 87  -4.16055676772947  1.99388875079279
 88  -4.39195640368579  1.96084283086503
 89  -4.62451040254619   1.9180032506538
 90  -4.85709510367422  1.86480032117111
 91  -5.08845066678017  1.80094589020158
 92  -5.31724729496967  1.72648735702537
 93   -5.5421691095702  1.64183925047959
 94  -5.76200607740286   1.5477848806429
 95  -5.97574134013811  1.44544530460571
 96  -6.18262105223902  1.33621884712846
 97  -6.38219674484658  1.22169994309076
 98  -6.57433549540557   1.1035894387343
 99  -6.75919916212253 0.983608811604267
100  -6.93719888910925 0.863428275190298
101  -7.10893383828459 0.744614553752484
102  -7.27512338991197 0.628599694893416
103  -7.43654033180922 0.516668825402219
104  -7.59394951691868 0.409962894170222
105  -7.74805240227139 0.309492336352795
106  -7.89943176215109 0.216159262142371
107  -8.04847753056224 0.130790131500208
108  -8.19523126115315 0.0541938153197051
109     -8.33891478706 -0.0126957018268132
110  -8.47645187453754 -0.0684806859013766
111  -8.60018559570307 -0.111260849149192
112  -8.70050244058361 -0.140501675973218
113  -8.77431085677807 -0.158776822700399
114  -8.83049798472826 -0.170798343157464
115  -8.89521947567099 -0.182581497718283
116  -9.22462399695109 -0.207920958272168
117  -9.70859968649262 -0.110211315066128
118  -10.0949968740757 0.216058968542445
119  -10.2474888291755 0.701071510372105
120  -10.1249867854096  1.19331754605891
121  -9.79309864468815  1.57544038165396
122  -8.93144988647906  1.88507343493822
123  -8.00770319547223  1.91090277987106
124  -7.07772249726787   1.8715653841392
125  -6.15090136310212  1.90943171039461
126  -5.23674941975743   2.0617283280025
127  -4.31552749885672    2.250943886545
128  -3.25875912939452  2.34561066190882
129   -2.2026121470221  2.30235896054628
130   -1.1483126230093  2.19266416568054
131  -0.0647579231107231  2.76728423602173
132  0.915643220125437  2.79964991129837
133   1.91900872525177  2.87950315154368
134    2.9493711146099  2.92256221082103
135   3.99027105705845  2.83888872707377
136   5.02891578675963  2.67590985580551
137   6.06372335920001  2.50649145831198
138   7.11203466962209  2.43059409874608
139   8.17625754386534  2.40328736648466
140   9.24998672012705  2.25204809693217
141   10.2081606829789  1.71567876476639
142   10.5456621481461  1.09359239663885
143   10.5736065771514 0.385767024995287
144   10.2749103932595 -0.255064038713472
145   9.81872103008662 -0.790299289455167
146   9.72677013420557 -1.50477344712289
147   9.58939608390468  -1.6188236976537
148    9.2620501256073 -1.79041181140538
149   8.91178546420039 -1.87257852322397
150   8.57643940293247 -1.88163059422542
151   8.27418151226875 -1.84348863236593
152    8.0045199701473 -1.77874609533525
153   7.75784656086569 -1.69786084686273
154   7.52615854145311 -1.60503131317688
155   7.30597861993227 -1.50273788633018
156   7.09598122718188 -1.39316213571724
157   6.89539554819768 -1.27835037834743
158   6.70351048184595 -1.16021840555256
159    6.5195530977834 -1.04054311780386
160   6.34267428145137 -0.920952065291359
161    6.1719674311968 -0.802914153347507
162   6.00649629602259 -0.687732540753716
163   5.84532253041456 -0.576539787176647
164   5.68752881725909 -0.47029538970068
165   5.53223590283081 -0.369786326623278
166   5.37861349021994 -0.275631591829625
167   5.22588620593069 -0.188291621139488
168   5.07333678799745 -0.108082832303951
169   4.92030899771378 -0.0351963251762041
170   4.76621229789351 0.0302814962961477
171   4.61052908895413 0.0883494521270728
172   4.45282364553852 0.139076241855867
173   4.29275051049599 0.182591079208719
174   4.13005958443514 0.219080384241016
175   3.96459571673058 0.248788888038536
176   3.79629197875584 0.272022475773483
177   3.62515738234191 0.289150036116749
178   3.45126100316291 0.300602337982291
179   3.27471495575192 0.306867087847648
180   3.09565845668615 0.308480384278009
181    2.9142445500643 0.306015497871536
182   2.73063026352041 0.300070192968145
183   2.54497025503814 0.291253753798307
184   2.35741352273863 0.280174625594821
185   2.16810249806523 0.267429263663233
186    1.9771737813833  0.25359248989052
187   1.78475984118526 0.239209429630264
188   1.59099112282543 0.224788951344663
189   1.39599815573547 0.210798447029986
190    1.1999133826997  0.19765975649042
191   1.00287254816471 0.185746036113832
192  0.805015571004347 0.175379389238911
193   0.60648689209479 0.166829100711507
194  0.407435332257618 0.160310346564636
195  0.208013526038452 0.155983277397591
196  0.00837701556142557 0.153952399340577
197  -0.191316900193372 0.154266199051795
198  -0.390910459262571 0.156916979305676
199  -0.590246769435724 0.161840890094925
200  -0.789171074911427 0.168918157684094
201  -0.987531853209375  0.17797353169342
202  -1.18518164236077 0.188776989021427
203  -1.38197750572556 0.201044754092157
204  -1.57778105477945 0.214440718152505
205  -1.77245797174854 0.228578366289388
206  -1.96587700771965 0.243023348789432
207  -2.15790848210897 0.257296861353038
208  -2.34842238049158  0.27088002232404
209  -2.53728624312468 0.283219447381656
210  -2.72436315636893 0.293734212238307
211  -2.90951029783505 0.301824347106652
212  -3.09257862725552 0.306880905791741
213  -3.27341442748709  0.30829748149829
214  -3.45186343426718 0.305482794884872
215   -3.6277781848454   0.2978736744226
216   -3.8010288995855 0.284947439765725
217  -3.97151765338988 0.266232488669681
218  -4.13919483747609 0.241315918300218
219  -4.30407611403941 0.209847417543578
220  -4.46625749843621 0.171539495278996
221  -4.62592617584832 0.126165229950375
222  -4.78336536844597 0.0735557949824192
223  -4.93895293270186 0.0136005637384568
224  -5.09315496067712 -0.0537477506344501
225  -5.24651685053183 -0.128461748405273
226   -5.3996545630911 -0.210422426619328
227  -5.55324795894362 -0.29939896537106
228  -5.70803657736428 -0.39502831887234
229  -5.86481663636334 -0.496797498258864
230  -6.02443701020272 -0.60403041576059
231  -6.18779176528467 -0.715879872812146
232  -6.35580745146423 -0.83132424252472
233  -6.52942454415673 -0.949167917009955
234  -6.70957414759307 -1.06804466845355
235  -6.89715376255072 -1.18642346006319
236  -7.09301137533614 -1.30261646282116
237  -7.29796140545953  -1.4147884656151
238  -7.51290394617613 -1.52096579809959
239   -7.7393042631671 -1.61904219547086
240  -7.98077973871637 -1.70667989967168
241  -8.24563908470166 -1.78004833330057
242  -8.54420288668992 -1.82919411486096
243  -8.87819171254623 -1.83362782386295
244  -9.23083717107732    -1.76658985089
245   -9.5640290984082 -1.61064721706095
246  -9.70216065368958 -1.50688180166869
247  -9.83207031209307 -0.798394369504417
248  -10.3187612650098 -0.290589456466592
249  -10.6553873237383 0.331408571951799
250  -10.6673266671501  1.04021456842468
251   -10.359756290377   1.6786038908994
252  -9.42462581297251  2.25578608102791
253  -8.35151832228127  2.42319222060901
254  -7.28505198499586  2.44777551731708
255  -6.23382835751167  2.51043236779474
256  -5.19550030458807  2.66804919582031
257    -4.153435871725  2.83025256657602
258   -3.1072064367486  2.91472765328989
259  -2.06894632857457   2.8754275949484
260  -1.05320002116233  2.77581063796425
