// Id               X                Y
  1  -0.163621299371324  2.29508175144739
  2  0.773896376615539  2.26644057448223
  3   1.70608377891056  2.14215997869663
  4     2.628923821318  1.95223066777954
  5   3.56269935938596  1.88038387863959
  6   4.48763601440842  2.02021614490894
  7   5.36666213517657  2.33990189425649
  8   6.22408019878074  2.70289419633272
  9   7.13158649616145  2.88170739579391
 10   7.99125965381801  2.55626476358357
 11   8.25113938627166  1.68637662736692
 12   8.02131866504213  1.22294707264685
 13   7.60254913966239 0.908456442775175
 14   7.07978286551767 0.758103010691238
 15   6.47541058174789 0.749480507843997
 16   5.79680038884964 0.859456283615424
 17   5.71168848997901  0.87285021126398
 18   5.61344342517034 0.888448966713683
 19   5.51024911415279 0.905340583086293
 20   5.40404303588177 0.923425559294249
 21   5.29573976747461 0.942841345082561
 22   5.18589611323212 0.963638378344629
 23   5.07491502194156 0.985886713514114
 24   4.96309174186597   1.0095867558753
 25   4.85065008202534  1.03471501231728
 26   4.73775404748795  1.06120450170595
 27   4.62452378283004  1.08896871954293
 28    4.5110423552445  1.11789622702605
 29   4.39736498279544  1.14786307870185
 30    4.2835254463707  1.17873796262758
 31   4.16954008698902  1.21038199061902
 32   4.05541314285062  1.24265615998723
 33    3.9411399328059  1.27542287714641
 34   3.82670863120074  1.30854443379334
 35    3.7121038867895  1.34188928734264
 36   3.59730756525671  1.37532950477185
 37   3.48230001302644  1.40874103453577
 38   3.36706213841301  1.44200757745354
 39   3.25157498862634  1.47501654211518
 40   3.13582103030868  1.50766140135965
 41   3.01978483801281  1.53984255493605
 42    2.9034525445871  1.57146415105459
 43   2.78681296713258  1.60243722813924
 44   2.66985732759218  1.63267812986807
 45     2.552579096171  1.66210744750541
 46   2.43497461532566  1.69065224718801
 47    2.3170424907528   1.7182436349158
 48   2.19878376606101  1.74481748979755
 49   2.08020198383526   1.7703150048289
 50   1.96130271816547  1.79468090382483
 51   1.84209377258098  1.81786472770716
 52   1.72258492293879  1.83982013869259
 53   1.60278769946284  1.86050430243441
 54   1.48271542087882   1.8798787146065
 55   1.36238289834875  1.89790821524576
 56   1.24180634839559  1.91456114730285
 57   1.12100328353403  1.92980949215665
 58  0.999992300741073  1.94362822060452
 59  0.878793004545739   1.9559956195678
 60  0.757425853392219  1.96689304592499
 61   0.63591202121286  1.97630469839157
 62  0.514273295936626  1.98421778517609
 63  0.392531942709029  1.99062225774158
 64  0.270710593646743  1.99551080190402
 65  0.148832137009055  1.99887884311879
 66  0.0269196037252774  2.00072442248022
 67  -0.0950039379327498  2.00104820938942
 68  -0.216915488425405  1.99985348482465
 69  -0.338792221860904  1.99714613238038
 70  -0.46061158844411  1.99293459809318
 71  -0.582351420230549  1.98722998556375
 72  -0.703990034746422  1.98004603129801
 73  -0.825506334824972  1.97139907776907
 74  -0.946879928451509  1.96130831722847
 75  -1.06809121979309  1.94979560515677
 76  -1.18912152499067  1.93688564155209
 77   -1.3099532042991  1.92260621363938
 78  -1.43056972394149  1.90698783322328
 79   -1.5509558291694  1.89006434090629
 80  -1.67109763733145  1.87187278885198
 81   -1.7909826951926  1.85245320676228
 82  -1.91060022770943  1.83184957997622
 83  -2.02994109911071  1.81010903456594
 84  -2.14899797124425  1.78728234010804
 85  -2.26776552972429  1.76342467377904
 86  -2.38624027954862  1.73859427365583
 87  -2.50442092365852  1.71285412398884
 88  -2.62230831829056  1.68627154757431
 89  -2.73990525447826  1.65891728139936
 90  -2.85721698954488  1.63086793679454
 91  -2.97425068900398  1.60220386599745
 92  -3.09101547667528  1.57300992891357
 93  -3.20752271967568  1.54337729463244
 94  -3.32378497064413  1.51340019921045
 95  -3.43981638322245  1.48317888619417
 96  -3.55563216081215  1.45281908151737
 97  -3.67124728718671  1.42242926650883
 98  -3.78667688853494   1.3921247215389
 99   -3.9019344001017  1.36202390791086
100  -4.01703025865563  1.33224766429005
101  -4.13197126984262  1.30292204357087
102  -4.24675729320973  1.27417204844305
103  -4.36137942722686  1.24612260431501
104   -4.4758171891099  1.21889767415465
105  -4.59003338229416  1.19261214036368
106  -4.70397039227261  1.16737254557868
107  -4.81754384006354   1.1432708462869
108  -4.93063441754257  1.12037492828381
109   -5.0430797479054  1.09872728887677
110  -5.15466175178296  1.07833527841616
111  -5.26508968560413  1.05916415553825
112  -5.37397318590441  1.04114071073884
113  -5.48076085209775   1.0241580833976
114  -5.58456404003095  1.00810724286838
115  -5.68348514298874 0.992996935352951
116  -5.76983482490359 0.979722988391374
117  -6.44857269299652 0.863475544562978
118  -7.07227619646464 0.847575154235963
119  -7.60732573249743 0.960897769363478
120  -8.05792567880815  1.22904791339571
121  -8.34993632728647  1.65445917908424
122  -8.24315539532924  2.55558000855391
123   -7.4347470272742  2.98749446708962
124  -6.51978766297842  2.86014318608312
125  -5.66568800244234  2.49582962713354
126  -4.80338368615645  2.13873177108843
127  -3.89082739492451   1.9395199272918
128  -2.95650480841134  1.95258301098139
129  -2.03138894219512  2.11010554079627
130  -1.09671211935973  2.21171220676791
131  -0.153033224036637  2.89815018914655
132  0.788300803342286  2.87433455599982
133   1.72090864911021  2.74866598910085
134    2.6424507635055  2.56246314557587
135   3.57730470470831  2.49122301272137
136   4.50573843988521  2.63362792011891
137   5.40409504584979  2.95409675374118
138   6.38826942205535  3.29605408956924
139   7.44740336850549  3.39867350488974
140    8.4151421887327  2.96232473587964
141   8.78651119799823  1.96780439856232
142   8.66269246620144  1.29767647010317
143   8.24995744967131 0.757473569622299
144   7.65939627687584 0.436189188930075
145   7.01143058938449 0.295267978840521
146   6.61826722264544 -0.0446364674585702
147   6.27174389943801 -0.0973756405602825
148   6.00373389305299 -0.127697845038805
149   5.77205825632643 -0.142362025823277
150   5.56401376334402 -0.142928175260573
151   5.37377417137467 -0.132630730810652
152   5.19759702391197 -0.11466428441005
153   5.03264688806741 -0.0914766218395737
154   4.87669236770868 -0.0647501886276448
155   4.72798319197532 -0.0355899629480301
156   4.58515781923142 -0.00471540134876247
157   4.44716107858215 0.027396144905228
158   4.31317356843854 0.060414321288042
159   4.18255448671808 0.0940963928356223
160   4.05479721661169 0.128251567281357
161   3.92949574294625  0.16272020452535
162   3.80631967289488 0.197362055280291
163   3.68499583335689 0.232049828703077
164   3.56529478619764  0.26666580452226
165   3.44702096141274 0.301100114541991
166    3.3300054268835 0.335249900010454
167   3.21410057353376 0.369018885619727
168   3.09917618530758 0.402317124306815
169    2.9851165101174 0.435060794238357
170   2.87181805375945 0.467171986059444
171   2.75918789586281  0.49857846459654
172   2.64714238566849 0.529213404963563
173   2.53560611229259 0.559015105439392
174   2.42451107455366 0.587926691138946
175   2.31379599786175 0.615895815047495
176    2.2034057578772 0.642874362691068
177   2.09329088359021 0.668818169667116
178   1.98340711980459 0.693686752713024
179   1.87371503357516 0.717443058280215
180   1.76417965496705 0.740053231038307
181   1.65477014401947 0.761486400480769
182   1.54545947818727 0.781714487623609
183   1.43622415679753 0.800712030417348
184   1.32704391899155 0.818456026296026
185   1.21790147317823 0.834925792219872
186   1.10878223647283  0.85010283984072
187  0.999674082500057 0.863970765026633
188  0.890567096847457 0.876515151017606
189  0.781453339235894 0.887723483370028
190   0.67232661160254 0.897585076335475
191  0.563182231656848 0.906091009616288
192  0.454016811205212  0.91323407451161
193  0.344828038740053 0.919008729168207
194  0.235614465840732 0.923411062120444
195  0.126375296803632 0.926438763734276
196  0.0171101810525722 0.928091105319712
197  -0.0921809921539584 0.928368925545688
198  -0.201498297241035 0.927274624066409
199  -0.310841974533495 0.924812162329644
200  -0.420212631641714 0.920987071584288
201  -0.529611444538403 0.915806468158683
202  -0.63904035880811 0.909279076347989
203  -0.748502291515428  0.90141525911772
204  -0.858001334271602  0.89222705694279
205  -0.967542957948195 0.881728235529509
206  -1.07713421953804 0.869934342616747
207  -1.18678397186299 0.856862774687842
208  -1.29650307656604  0.84253285451791
209  -1.40630462118969 0.826965919697033
210  -1.51620414127441 0.810185423701463
211  -1.62621984820038 0.792217050005389
212  -1.73637286440154 0.773088839586397
213  -1.84668746750759 0.752831333813156
214  -1.95719134542438 0.731477731948848
215  -2.06791586592858 0.709064064201558
216  -2.17889636433309 0.685629381230788
217  -2.29017245503805 0.661215957426838
218  -2.40178837522068 0.635869508960428
219    -2.513793370465 0.609639423599506
220  -2.62624213792283 0.582578997240186
221  -2.73919534725301 0.554745675540649
222  -2.85272026683092 0.526201290518099
223  -2.96689153555058 0.497012284184693
224  -3.08179213269803 0.467249911373943
225  -3.19751462042205 0.436990405667385
226  -3.31416276330508 0.406315103092767
227  -3.43185366551037 0.375310520579612
228  -3.55072062354845 0.344068399539249
229  -3.67091696825698 0.312685769375977
230   -3.7926212722159 0.281265139851287
231  -3.91604444176274 0.249915052063431
232  -4.04143939895042 0.218751423178061
233  -4.16911431185427 0.187900437993962
234  -4.29945064299305 0.157504290659074
235  -4.43292764177991  0.12773193295192
236  -4.57015528753358 0.098798293414267
237  -4.71191793800533 0.0709974005808806
238  -4.85923079481466 0.0447574806096593
239  -5.01341044920157 0.0207288448948803
240  -5.17615934722671 -8.46014932031288e-05
241  -5.34966573380352 -0.0161516547231234
242  -5.53674534414699 -0.0252493121115641
243  -5.74117958937933 -0.0244976692495851
244  -5.96893076151231 -0.011040069786212
245  -6.23289288983834 0.0163584250797176
246  -6.57507660148963 0.0640785951603041
247  -6.97321363030276 0.395119708096773
248  -7.62897637723978 0.488634525674909
249  -8.24373810925842 0.758295530010012
250  -8.71116122188526  1.25330939199678
251  -8.92335413192951  1.90383487931897
252  -8.68415048861094  2.94219915306855
253  -7.76669513827224  3.47953723380581
254  -6.70060873415433  3.44771816412036
255  -5.70508304762453  3.11013273105706
256  -4.81032619198141  2.75293336527097
257  -3.89039535008547  2.55091005311039
258   -2.9521511824783  2.56350800185404
259  -2.02376454073415  2.71562315083272
260  -1.08803493437219  2.81960413362648
