// Id               X                Y
  1  -0.15515349326938  2.57411003865409
  2  0.789297915803333  2.54676078161933
  3   1.71900171043579  2.44010494596332
  4   2.65366335836103  2.30961084191114
  5   3.59165848499766   2.3070522900434
  6   4.51107710903732  2.47191082680342
  7   5.39486130267468   2.7558721656733
  8   6.27549992634842  3.03697486906463
  9   7.19338148144613  3.09385326276737
 10   7.99038714068431  2.64575857641022
 11   8.14415765760708  1.75347940701866
 12   7.88444457877519  1.30946184420623
 13   7.44891190959393  1.01227010666137
 14    6.9322899497477 0.889037342495528
 15   6.41205426946355 0.921576289078169
 16   5.71814551597582  1.17472787371934
 17   5.61564691668244  1.20721895494649
 18   5.51475336721137  1.23776050453796
 19   5.41350236341023  1.26704448579728
 20   5.31186035196615  1.29514911556563
 21   5.20945232934406  1.32244745685172
 22   5.10577993643116  1.34926786544058
 23     5.000658062962  1.37596940213994
 24   4.89414868972957  1.40273564577764
 25   4.78644824674678  1.42973837751488
 26   4.67775733469612  1.45704592264769
 27   4.56825785734009  1.48471507659763
 28   4.45808888910463  1.51274601118144
 29   4.34735692283397  1.54112104002223
 30   4.23613883112328  1.56979830628356
 31   4.12448986769234  1.59872341699251
 32   4.01244808628107  1.62782963502956
 33   3.90004024048885  1.65704717038074
 34   3.78728398170035  1.68630129602683
 35   3.67419087681941  1.71551612645842
 36   3.56076844480881  1.74461656530573
 37   3.44702122689294  1.77352799543967
 38   3.33295192892336  1.80217733769973
 39   3.21856225477746  1.83049374800024
 40   3.10385338143093  1.85840852233185
 41   2.98882638114885  1.88585524601597
 42   2.87348257774266  1.91277004020593
 43   2.75782382472429  1.93909178478524
 44   2.64185259066962  1.96476173080072
 45   2.52557218134504  1.98972388061194
 46   2.40898686172757   2.0139251132397
 47   2.29210182767214  2.03731471687867
 48   2.17492335348647  2.05984486510977
 49    2.0574587923846  2.08147051248901
 50   1.93971653045311  2.10214909481053
 51   1.82170605361366  2.12184092242029
 52    1.7034378829913  2.14050893918873
 53   1.58492353128028   2.1581186202844
 54   1.46617549761277  2.17463818939585
 55   1.34720718401322  2.19003837986261
 56   1.22803284634175  2.20429244477451
 57   1.10866754364945  2.21737622219433
 58  0.989127055841927  2.22926796973628
 59  0.869427823392587   2.2399484017923
 60  0.749586876602299  2.24940067439986
 61  0.629621757375636  2.25761029502448
 62  0.509550449700074  2.26456514771161
 63    0.3893913034408   2.2702554564208
 64  0.269162958308887  2.27467374361056
 65  0.148884270021041  2.27781484142969
 66  0.0285742341985846  2.27967586119857
 67  -0.091748088513357  2.28025617752457
 68  -0.212063646946469  2.27955743824382
 69  -0.332353473843534  2.27758354326797
 70  -0.452598759259284   2.2743406452934
 71  -0.572780924077605   2.2698371698683
 72  -0.692881691390664  2.26408379312923
 73  -0.812883157911324   2.2570934663825
 74  -0.932767865330518  2.24888144591681
 75  -1.05251886536777  2.23946525505377
 76  -1.17211978984608  2.22886475567874
 77  -1.29155491577891  2.21710216388572
 78  -1.41080921894939  2.20420199258213
 79  -1.52986844469127  2.19019120029249
 80  -1.64871915462255  2.17509913545773
 81  -1.76734876514394  2.15895749033921
 82  -1.88574561827222  2.14180053595639
 83  -2.00389898695942  2.12366491729773
 84  -2.12179910188296  2.10458969891325
 85  -2.23943720807462  2.08461662949844
 86   -2.3568055018334  2.06378974686941
 87  -2.47389715400833  2.04215561060852
 88  -2.59070631401452  2.01976346387988
 89  -2.70722796589534  1.99666472332897
 90  -2.82345793641323   1.9729133987858
 91  -2.93939279234909  1.94856603935045
 92  -3.05502962078721   1.9236812970006
 93   -3.1703659406826  1.89832031024671
 94  -3.28539944946345  1.87254652555061
 95    -3.400127678656  1.84642542018628
 96   -3.5145475970107  1.82002438201736
 97  -3.62865513713776  1.79341274498984
 98   -3.7424444296151  1.76666122589796
 99  -3.85590665825601  1.73984065683302
100   -3.9690290314839  1.71302240201598
101  -4.08179274807607  1.68627611709871
102  -4.19417019993096   1.6596664112225
103  -4.30612232770688  1.63325285582306
104  -4.41759371617649  1.60708378070015
105  -4.52850673858329  1.58118953963635
106  -4.63875624317826  1.55558051641686
107  -4.74820266830876  1.53023561281495
108  -4.85666985635386  1.50509214052032
109  -4.96395803671356  1.48004230950107
110  -5.06988692279123   1.4549177585165
111  -5.17439614546783   1.4294726047974
112  -5.27768493018777  1.40337552676072
113   -5.3802099276242  1.37623362073438
114   -5.4823140279644  1.34772280497083
115  -5.58400066430919  1.31769915720382
116  -5.68722245560965  1.28549706469901
117  -6.38059193082772  1.02855102548216
118  -6.90164690436068 0.983176176826701
119   -7.4256844542973  1.08172744617411
120  -7.88415912036338   1.3452898186803
121  -8.18839588310637  1.75851620845812
122  -8.15597534997737  2.66323674479837
123  -7.41501107582088  3.19370863467556
124   -6.4980994406534  3.18612961411032
125  -5.62065071994092  2.91119158681648
126  -4.75189541513583  2.60281399166362
127  -3.85041759324226  2.39342817942302
128  -2.92477803665596  2.34226026492331
129  -1.99959136463576  2.42363398968673
130  -1.07536519764641  2.49476427566506
131  -0.111439490861021  3.16158127158056
132  0.824426811588101   3.1391999257516
133   1.75466255744198   3.0363013841431
134   2.68254922044342  2.92259043399596
135   3.61527653245691  2.92192878759696
136   4.53809488376327  3.08772902055478
137   5.45451407697539  3.36788094297144
138   6.46302247922334  3.62227542731037
139   7.52086175043663   3.5977851138126
140   8.41962627484555  3.04934525659365
141   8.73616949540438  2.04691639152525
142   8.53253496897027  1.39988281794175
143    8.0750162067535 0.900496921624154
144   7.47818173037953 0.575919719238536
145   6.86219251402089 0.307497194072765
146   6.44367167559048 -0.0246579170902672
147   6.21780116730388 -0.159642010728655
148   6.00274661771868 -0.249731909398989
149   5.79500800749922 -0.304596833290622
150   5.59352859336968 -0.331594590991146
151   5.39871761850246 -0.337158923212321
152   5.21244428918214 -0.327354968443418
153   5.03591181757267 -0.307559902094438
154   4.86891594694968 -0.281796489504996
155   4.71038989451088 -0.252677796823553
156   4.55903284487241 -0.221765635349359
157   4.41364035327071 -0.189956946769125
158   4.27321097746026 -0.15776051044795
159   4.13694836015322 -0.125467601811347
160   4.00422792912419 -0.093250838462845
161   3.87455831600586 -0.0612198277198559
162   3.74754796140707 -0.0294518882576718
163   3.62287918914755 0.00199139559319352
164   3.50028909328734 0.0330556296004335
165   3.37955581684866 0.0636895207973193
166   3.26048882234674 0.0938432042534772
167   3.14292201292617 0.123467812375776
168   3.02670884449973 0.152515614963991
169   2.91171880974669 0.180940364121852
170   2.79783486065114 0.208697657089168
171    2.6849514716234 0.235745230523024
172   2.57297314142321 0.262043157920391
173   2.46181319914916 0.287553952850818
174   2.35139282520764  0.31224259380145
175   2.24164022811452 0.336076488176089
176   2.13248993810984 0.359025395473861
177   2.02388219170895 0.381061326015391
178   1.91576238888559 0.402158425498927
179   1.80808061009556 0.422292856284974
180   1.70079118367605 0.441442681322694
181   1.59385229577372 0.459587753205978
182   1.48722563673735 0.476709612362124
183   1.38087607877554 0.492791394577367
184   1.27477138022583 0.507817747579313
185   1.16888191266808 0.521774757607207
186   1.06318040746453 0.534649884530895
187  0.957641718737489 0.546431904925045
188  0.852242600334514 0.557110862937169
189   0.74696149455869 0.566678027623373
190  0.641778330779436 0.575125856401681
191  0.536674332347922 0.582447964198048
192  0.431631830398263 0.588639097476998
193  0.326634083326604 0.593695112995797
194  0.221665100897518 0.597612960914794
195  0.116709472017151 0.600390671875339
196  0.0117521953176557  0.60202734799287
197  -0.0932214882375578 0.602523157542244
198  -0.198226261487312 0.601879333210132
199  -0.303276896672049 0.600098173962001
200  -0.408388421224332 0.597183050437767
201  -0.51357628450062 0.593138413940832
202  -0.618856526229193 0.587969809207416
203  -0.724245947510179 0.581683890962857
204  -0.829762285298272  0.57428844457809
205  -0.935424391384442 0.565792411164679
206  -1.04125241704369 0.556205917199398
207  -1.14726800470985 0.545540309388607
208  -1.25349448819395 0.533808195180978
209  -1.35995710325117 0.521023489141653
210  -1.46668321061271  0.50720146639065
211  -1.57370253382037   0.4923588232244
212  -1.68104741468439 0.476513745210087
213  -1.78875308957794 0.459685983992396
214  -1.89685799009395 0.441896941627043
215  -2.00540407236477  0.42316976202962
216  -2.11443717985076 0.403529428824059
217   -2.2240074451789 0.383002864666031
218  -2.33416973825663 0.361619028063306
219  -2.44498416950085  0.33940900042085
220  -2.55651666027562 0.316406050196356
221  -2.66883959814345  0.29264566120966
222  -2.78203260229462 0.268165506153415
223  -2.89618343786259 0.243005342003574
224  -3.01138913837416 0.217206806936397
225   -3.1277574261269 0.190813101116061
226  -3.24540856662649 0.163868548253634
227   -3.3644778610723 0.136418068743968
228  -3.48511907785941 0.108506657151891
229  -3.60750925976447 0.0801790625363522
230  -3.73185552894594 0.0514800527591298
231  -3.85840474934944 0.0224559535079811
232  -3.98745717867246 -0.00684134934007693
233  -4.11938547795876 -0.0363459012434813
234  -4.25466041843275 -0.0659611444799447
235  -4.39388374778826 -0.0955292948829547
236   -4.5378255464038 -0.124776130474825
237  -4.68745491060976 -0.153213462687243
238  -4.84393304661274 -0.179972020449082
239   -5.0085000246337  -0.2035334742775
240    -5.182143278232 -0.221363845492598
241  -5.36499903236547 -0.229590092594053
242  -5.55590377442418 -0.223084033063732
243  -5.75323316576168 -0.196085643541513
244  -5.95691610118434 -0.142433182755656
245  -6.16829354678982 -0.0550161295842264
246  -6.39167118525655 0.0758568044698744
247  -6.81370137156938 0.401004658039639
248  -7.43600283066684  0.64591388738599
249   -8.0491183319604 0.933800144226976
250  -8.54397867292737   1.3947204616996
251  -8.80979719796813  2.02084845327807
252  -8.59754095448859  3.05392142855922
253  -7.75134346317358  3.68232458876988
254  -6.69563533054416  3.76694991422008
255  -5.67716719318659  3.52330015845799
256  -4.75855806477223  3.21909183422856
257  -3.84180460797403  3.00886322131469
258  -2.90906769389101  2.95568344930105
259  -1.97509383395521   3.0208388161321
260  -1.04249839924504  3.10350729988216
