// Id               X                Y
  1  -0.282780263054752  3.44973423253198
  2  0.784182612700423  3.43064398369325
  3   1.83264517121704  3.25908029428542
  4   2.86126278394196   2.9357996296379
  5   3.83836667232778  2.49743871256152
  6    4.7864764388813  2.02150622254172
  7   5.73306944203068  1.56340155885081
  8   6.64704473218843  1.11309971157414
  9   7.46534038174552 0.624607971386146
 10   8.13659301308967 -0.00972160368264074
 11   8.50035608146751 -0.858026064739447
 12   8.42624832002383 -1.36799578486123
 13   8.10499336796992 -1.79637614368021
 14   7.54179317508934 -1.96659237277194
 15   7.03933006879395 -1.74670163054397
 16   6.74730017179418 -1.14943043488896
 17   6.55131832972521 -0.448792809242314
 18   6.50971901604866 -0.368807621474909
 19   6.46888416978233 -0.297456378477588
 20    6.4271109155982 -0.229827454410677
 21   6.38106097755071 -0.160064331559084
 22   6.32814719265982 -0.0844565212563819
 23    6.2671519912763 -0.00180355350078421
 24   6.19796001592165 0.087699193496692
 25    6.1211340919357 0.183152133339731
 26   6.03756075690645 0.283419195033974
 27   5.94814361945521 0.387392996908639
 28   5.85363180639934  0.49411322567559
 29   5.75456693287631 0.602786179434602
 30   5.65130196605332 0.712761312235329
 31   5.54404732109091 0.823497565457032
 32   5.43291910222827 0.934533145904394
 33   5.31797919432749  1.04546213271284
 34   5.19926470586109  1.15591769041759
 35   5.07680752822402  1.26556080698446
 36   4.95064594071988  1.37407336734338
 37   4.82083045810741  1.48115440172828
 38   4.68742594643845  1.58651845477495
 39    4.5505116213965  1.68989521648019
 40   4.41018004269407  1.79102979700689
 41   4.26653575631069  1.88968325087133
 42   4.11969389070331  1.98563312339012
 43   3.96977880192323  2.07867389823547
 44   3.81692276291964  2.16861728437646
 45   3.66126466535125  2.25529231237171
 46   3.50294871177796  2.33854522802333
 47   3.34212309689996  2.41823918353669
 48   3.17893869486166  2.49425373565519
 49   3.01354778049922  2.56648416750411
 50   2.84610281575553  2.63484065609993
 51    2.6767553304098  2.69924731070808
 52   2.50565492118129  2.75964110873608
 53   2.33294838707091  2.81597075604654
 54   2.15877901267623  2.86819549788805
 55   1.98328600573015  2.91628390541169
 56   1.80660409044837  2.96021266118943
 57   1.62886325440218  2.99996536540735
 58   1.45018864346464  3.03553138253797
 59    1.2707005968041  3.06690474634105
 60   1.09051481183333  3.09408313903605
 61   0.90974262739446  3.11706695846755
 62  0.728491412211768  3.13585848508769
 63  0.546865044722452  3.15046115864463
 64  0.364964469746044  3.16087897262399
 65  0.182888317025005  3.16711599275984
 66  0.000733566411518213  3.16917600431995
 67  -0.18140375565553  3.16706229136811
 68  -0.363427863780786  3.16077754979712
 69  -0.545242500725404  3.15032393458126
 70  -0.726750239307869  3.13570324038395
 71  -0.907851814280925  3.11691721334061
 72   -1.0884454991994  3.09396799048429
 73  -1.26842654304144   3.0668586618655
 74  -1.44768668098282  3.03559394891655
 75  -1.62611373321037  3.00018099101694
 76  -1.80359130495101  2.96063023053135
 77  -1.97999859994011  2.91695638483327
 78  -2.15521035830802  2.86917949201866
 79  -2.32909692827624  2.81732601518961
 80   -2.5015244790714  2.76142998837796
 81  -2.67235536001757  2.70153418541352
 82   -2.8414486077721  2.63769129134267
 83  -3.00866060002438  2.56996505439908
 84  -3.17384584958372  2.49843139506985
 85  -3.33685792761589  2.42317944759884
 86  -3.49755049901542   2.3443125085271
 87  -3.65577844707069  2.26194886691072
 88  -3.81139905983076  2.17622249209178
 89  -3.96427324875423  2.08728355775661
 90  -4.11426677366737  1.99529878580787
 91  -4.26125145884142  1.90045160041795
 92  -4.40510640315906  1.80294209160096
 93  -4.54571920805748  1.70298679948535
 94   -4.6829872569483  1.60081834809519
 95  -4.81681905440931  1.49668498809987
 96  -4.94713553682821  1.39085016496991
 97   -5.0738710592347  1.28359233023769
 98  -5.19697342135612  1.17520537368657
 99  -5.31640183488006  1.06600026925743
100  -5.43212122711732 0.956308761263625
101  -5.54409084860123 0.846490111005967
102  -5.65224495204904 0.736942038469673
103  -5.75646352978954 0.628117046919112
104  -5.85653217999168 0.520545268468241
105  -5.95209331250561 0.414864245203796
106  -6.04259856341841 0.311852691610747
107  -6.12728730488722 0.212455379852984
108  -6.20523616048946 0.117766657685828
109  -6.27553084231961 0.0289176905485525
110  -6.33757281198038 -0.053189471661478
111  -6.39146198746418 -0.128338092066271
112  -6.43839579581348 -0.197719178056893
113  -6.48103479940391 -0.264999464548316
114  -6.52275507022837 -0.336043260209018
115  -6.56534221221333 -0.415738450917502
116  -6.76868585672297 -1.11477579586269
117  -7.06576236164549  -1.7092647958106
118  -7.56931813089948  -1.9264818256226
119  -8.13205500850449 -1.75597483556218
120  -8.45395714811206 -1.32930798517239
121  -8.52975993611508 -0.821209422226041
122  -8.16698956364074 0.025078487689323
123  -7.49594762057501 0.651025410593082
124   -6.6875446221812  1.11911730940209
125  -5.83318065259539  1.51967143924358
126  -4.97482736490156  1.92045202784118
127  -4.12429857962551  2.34765697439674
128  -3.25415610049382  2.78748201969944
129  -2.32539436564231  3.11730316603604
130  -1.30129320677589  3.31763475974562
131  0.0277529820460336   3.9569627382884
132   1.13054989496855  3.90605406187714
133   2.21337669139453  3.70523624011678
134   3.25675149389311  3.36609901137688
135   4.25504479287508  2.92419976790447
136   5.23291530497094  2.44184582781096
137   6.21030725421174  1.95232992716373
138   7.17643908913088  1.42704123138638
139   8.06702639905791 0.769771005872801
140   8.73957105685093 -0.123626126880932
141   8.87540820363807 -1.23711632752513
142   8.54079734645877 -1.88446175973635
143   7.93915589605216 -2.28937213436294
144   7.23023945914154 -2.40060340363245
145   6.52704910641018 -2.30158490343283
146   5.81376695843041 -2.08755332264454
147   5.70549171237905 -2.02432002541569
148   5.58288128188761 -1.93859669191568
149     5.467064809828 -1.84363531348269
150   5.35755277421443 -1.74156460693882
151   5.25369094080079 -1.63471810929668
152   5.15448437505006 -1.52517844331885
153   5.05873413038352 -1.41451756538459
154   4.96526920648875 -1.30382319823918
155   4.87307365486604 -1.19379435217709
156   4.78133146357006 -1.08485271760112
157   4.68942331229938 -0.977245762172248
158   4.59689773123227 -0.871124931291373
159   4.50343272285097 -0.766595456641403
160   4.40879881683375 -0.663744070734035
161    4.3128292015631 -0.562652889784334
162   4.21539832592499 -0.463405569811869
163   4.11640800365577 -0.366089330864831
164   4.01577921570247 -0.270794826788469
165   3.91344779565431 -0.177614979228653
166   3.80936249674291 -0.0866434332199074
167   3.70348432736852 0.00202699045546842
168   3.59578640599418 0.0883056583263326
169   3.48625388813385 0.172105234681138
170   3.37488374440742  0.25334253878965
171   3.26168431915778  0.33193917896941
172   3.14667468443645 0.407822002153968
173   3.02988384122719 0.480923395006084
174   2.91134982669788 0.551181465576786
175   2.79111877816131 0.618540126730801
176   2.66924399156732 0.682949095855252
177   2.54578500035442 0.744363820490242
178   2.42080669151643 0.802745336589367
179   2.29437846990446 0.858060064881587
180   2.16657347830941 0.910279550811017
181   2.03746787881244 0.959380154271771
182   1.90714019949717  1.00534269637786
183   1.77567074942683  1.04815207147399
184   1.64314110359004  1.08779683329547
185   1.50963365827188  1.12426876453488
186   1.37523125605241  1.15756243906765
187   1.24001687844276  1.18767478577686
188    1.1040734030968  1.21460466237269
189  0.967483421621596  1.23835244689816
190   0.83032911326573  1.25891965381563
191  0.692692169187124  1.27630858073075
192  0.554653761574151  1.29052199096931
193  0.416294551593666  1.30156283640273
194  0.277694729941578  1.30943402413523
195  0.138934083651888  1.31413822992617
196  9.20827565921024e-05   1.3156777605254
197  -0.138752019636923  1.31405446644352
198  -0.277519080286928  1.30926970605505
199  -0.416129958202205  1.30132436133024
200  -0.554505412877808  1.29021890489932
201  -0.692566014763644  1.27595351755837
202  -0.830232074311624  1.25852825471781
203  -0.967423595891459  1.23794325966105
204  -1.10406026277684  1.21419902081463
205   -1.2400614592659  1.18729666952632
206  -1.37534633579178  1.15723831410396
207  -1.50983392257825  1.12402740509005
208  -1.64344329697765  1.08766912594809
209  -1.77609380907217   1.0481708025393
210  -1.90770536940941  1.00554232400728
211  -2.03819880187348 0.959796567012568
212  -2.16749626367749 0.910949814731921
213  -2.29552173333633 0.859022161730021
214  -2.42220156629622 0.804037895795108
215  -2.54746511672377 0.746025848153511
216  -2.67124542283227 0.685019704138663
217  -2.79347995200295 0.621058267300367
218   -2.9141114006368 0.554185670892727
219  -3.03308854169006 0.484451531331535
220   -3.1503671094593 0.411911038100293
221  -3.26591070544793 0.336624973183803
222    -3.379691700272 0.258659649945699
223  -3.49169209461303  0.17808675617625
224  -3.60190428924954 0.0949830789660231
225  -3.71033170565396 0.00943008094900447
226  -3.81698920463603 -0.0784867097026442
227  -3.92190328605805 -0.168678535424039
228  -4.02511213594743 -0.261054501810815
229  -4.12666573574148 -0.355522924303447
230  -4.22662647312633 -0.45199285674792
231  -4.32507099578009 -0.55037560693314
232  -4.42209441576166 -0.650585854595405
233  -4.51781836752631 -0.752541705696185
234   -4.6124047495705 -0.856162562758664
235  -4.70607699148777 -0.961362851367001
236   -4.7991498756964 -1.06803805179901
237  -4.89206657863945 -1.17603697159123
238  -4.98543726707898 -1.28511192577124
239  -5.08006809465027 -1.39484023781913
240  -5.17696428401813 -1.50452023734041
241  -5.27728467812094 -1.61305878289464
242  -5.38221385034498 -1.71887564513297
243  -5.49272906833367 -1.81987889249399
244  -5.60946528095023 -1.91372707250939
245  -5.73289592247929 -1.99828557431447
246  -5.84186788458551  -2.0605497037102
247  -6.55732314209737 -2.26824003790638
248  -7.26112491582384  -2.3630094891343
249  -7.96964451543547 -2.24929790741539
250  -8.57073615360785 -1.84325712360073
251  -8.90505991046218 -1.19516612151271
252  -8.76948997534991 -0.0810714912330424
253   -8.0927999423798 0.811535283937275
254  -7.19577778559221  1.46653873197836
255  -6.22431919942571  1.99202704684482
256  -5.23390100337281  2.47497833086292
257  -4.23681667243607  2.94589061163006
258  -3.21672499337713  3.37160296429856
259  -2.15820566521649  3.68543569126775
260  -1.07172079597705  3.87760542610477
