// Id               X                Y
  1  -0.191318095838823  6.50869052183499
  2  0.816461461214811  6.46135405376383
  3   1.83124117638164   6.2673103398098
  4   2.85274596292054  5.89966818359108
  5   3.79669517507188  5.30706575903139
  6   4.70880042274572  4.69565574066802
  7   5.62048098532226   4.1025274006219
  8   6.52851570604343  3.52806280749155
  9   7.41100590624236  2.95401008812055
 10   8.18441097008876  2.39194185811317
 11   8.87728254136817  1.76578691693181
 12   9.19818744288427  1.33719748608654
 13   9.41381353304812 0.819904113244895
 14    9.3796037723052 0.187890466676449
 15     9.024874952614 -0.201757327856036
 16   8.50550644657938 -0.253993615405819
 17   8.23109923682435 -0.190147709115838
 18   8.06788921679022 -0.126291783293119
 19   7.94185128868246 -0.0639951394729571
 20   7.83535647273366 -0.00256046994218006
 21   7.74143546939992 0.0583494725484937
 22   7.65542205897169 0.119741619742319
 23   7.57375730707269 0.183098654365658
 24   7.49381522349933 0.250030679176368
 25   7.41379670052625 0.322046260617759
 26   7.33258972933458 0.400441837245267
 27   7.24961354442876 0.486262878901471
 28   7.16466565105792 0.580301788075283
 29   7.07778336569003 0.683113346234847
 30   6.98912530714548 0.795037579836031
 31   6.89887496696609 0.916224883198816
 32   6.80716758747758  1.04666158516935
 33    6.7140385450543  1.18619410609541
 34   6.61939184692027  1.33455136468283
 35   6.52298596474201  1.49136446929484
 36   6.42443445620266  1.65618308565359
 37   6.32321842002612  1.82848786197987
 38   6.21870778356102  2.00769878548007
 39   6.11018832284245  2.19317998643554
 40   5.99689137728087  2.38424217776636
 41   5.87802345066883  2.58014427189355
 42   5.75279335266822  2.78009554054021
 43   5.62043523770496  2.98325901118169
 44    5.4802267709926  3.18875594315535
 45   5.33150253329269  3.39567061221794
 46    5.1736634755838  3.60305451032247
 47   5.00618361904711  3.80992940404261
 48    4.8286152422185  4.01528924788262
 49   4.64059358030726   4.2181014490989
 50   4.44184170041324  4.41730826675244
 51   4.23217582371812  4.61182916922532
 52    4.0115110220359  4.80056482743481
 53   3.77986696416636  4.98240317065271
 54   3.53737323956883  5.15622765453868
 55   3.28427373515349  5.32092763909732
 56    3.0209295668927  5.47541057571912
 57   2.74782014887529  5.61861556654768
 58   2.46554209604576  5.74952778347608
 59   2.17480578371948  5.86719320903454
 60     1.876429511783  5.97073317557821
 61   1.57133133373058  6.05935822059153
 62     1.260518704383  6.13238083387526
 63  0.945076173239164  6.18922673814596
 64   0.62615140383992  6.22944441174357
 65  0.304939836063072  6.25271262659559
 66  -0.0173316684491233  6.25884583425653
 67  -0.339421843850038  6.24779728730211
 68  -0.660092339591447  6.21965983338784
 69  -0.978124978007822   6.1746643664533
 70  -1.29233858660369  6.11317596587605
 71  -1.60160504559441    6.035687802003
 72   -1.9048641999736  5.94281293740847
 73  -2.20113730136486  5.83527420896469
 74  -2.48953867152869  5.71389243700757
 75  -2.76928532048091  5.57957327384993
 76  -3.03970431138424  5.43329307214623
 77   -3.3002377442326  5.27608421943784
 78   -3.5504453311786  5.10902044143012
 79   -3.7900046551594   4.9332026135284
 80  -4.01870933303948  4.74974562611205
 81   -4.2364654328554  4.55976681083964
 82  -4.44328660523655  4.36437634004854
 83  -4.63928846095075  4.16466984908266
 84  -4.82468273650561  3.96172329973392
 85  -4.99977171470104  3.75658981403837
 86  -5.16494318861407  3.55029789705329
 87  -5.32066596949496  3.34385020210317
 88  -5.46748555784069  3.13822187071448
 89  -5.60601917363568  2.93435761040806
 90  -5.73694897099268  2.73316712006106
 91  -5.86101207577108   2.5355191715088
 92  -5.97898621488193  2.34223536101925
 93  -6.09167022005308  2.15408488231908
 94  -6.19985952429973  1.97178135448625
 95  -6.30431773306814  1.79598180189866
 96  -6.40574620972686   1.6272867456872
 97  -6.50475421198898  1.46623957823166
 98  -6.60183242804331  1.31332329293598
 99  -6.69733286248059  1.16895319256313
100  -6.79145797959368  1.03346506121841
101  -6.88426194896894 0.907099107480126
102   -6.9756667752136 0.789980502583983
103  -7.06549548313094 0.682097065902283
104  -7.15352746546071 0.583277263877137
105   -7.2395681662885 0.493159525729049
106  -7.32357171043452 0.411183410023967
107  -7.40572721191266 0.336511675484845
108  -7.48670422012128 0.268125990746004
109  -7.56759641924064 0.204675179231078
110  -7.65025817180783 0.144857542886686
111  -7.73720591764211 0.0871008398305622
112  -7.83213340666986 0.0301024482309396
113  -7.93983044803194 -0.0271060047847529
114   -8.0674493340674 -0.0846271240887431
115  -8.23288882122958 -0.142533289774386
116   -8.5104624431615 -0.196291828658299
117  -9.02752493313803 -0.124431168254562
118  -9.36839931726292 0.277444468903577
119  -9.38459335980042 0.906915957374504
120  -9.15968708872803  1.41416758330169
121  -8.83320793778295  1.83239359484885
122  -8.13199847470061  2.43954137876744
123  -7.36140470692083  2.97294274309441
124  -6.53846258157657  3.47390258472805
125  -5.67459804219479  3.98901588343247
126  -4.84863273378362  4.50831850831847
127  -4.06830827088029  5.04561712755324
128  -3.29369521908694  5.59294462648992
129  -2.35088065926637  6.09522983357085
130  -1.27146345411918  6.33261646528999
131  0.140421153195439  6.97601432714515
132   1.24270427771189  6.88970254247545
133   2.31497372907102  6.62486160187251
134   3.33512736694692  6.20719296542104
135   4.27014378792526  5.68527383507173
136   5.16691703303887  5.11345561074577
137   6.06797391431331  4.53200662186397
138   6.98055241630931   3.9531361213448
139   7.88797834217451  3.35058459606891
140   8.74203398253284  2.65977991225395
141   9.43941322193211   1.7999959055873
142   9.71471459220177  1.14194424208838
143   9.80399010316832 0.435584752503251
144   9.68424314239456 -0.259935416604371
145    9.3694195102942 -0.880501892612028
146   8.85770680605434 -1.41168827485942
147   8.61661820792671 -1.55920531517293
148   8.35024775341056 -1.67307848796939
149   8.07355627639085 -1.74625284498205
150   7.79396879194198 -1.77930620712032
151   7.51653842040381 -1.77461441253739
152   7.24542212201225 -1.73525121308032
153   6.98408489988305 -1.66481459707704
154   6.73519454269826  -1.5672884783765
155   6.50052244848789 -1.44682210437242
156   6.28095020552244 -1.30748152566022
157   6.07657748165965 -1.15304048665638
158   5.88688790629684 -0.986846177550992
159   5.71092792618862 -0.811762522252797
160   5.54746787633034 -0.630174470721976
161   5.39513060511594 -0.444030687506101
162   5.25248505984574 -0.254904283487664
163   5.11810909939752 -0.0640570490785458
164    4.9906283928662 0.127501311255094
165   4.86873823826089  0.31896272458383
166   4.75121391124971 0.509679794998296
167   4.63691365494895 0.699133387072105
168   4.52477713172504 0.886907016630032
169   4.41382124534645  1.07266606933101
170   4.30313468711677  1.25613992762005
171   4.19187224561461   1.4371054028236
172    4.0792497029169  1.61537043859442
173   3.96453991165495  1.79075779576967
174    3.8470703737895   1.9630891474685
175   3.72622236503675  2.13217047107615
176   3.60143143695209  2.29777969337233
177    3.4721890221743   2.4596572821455
178   3.33804485737342  2.61750006450879
179   3.19860998000793  2.77095817544229
180   3.05356010412153  2.91963480423852
181     2.902639209737  3.06308832226415
182   2.74566318297803  3.20083639708606
183   2.58252332651338  3.33236176686443
184   2.41318953391458  3.45711941945598
185   2.23771289811767  3.57454496834481
186    2.0562275113288  3.68406403541379
187   1.86895121576682   3.7851024423852
188   1.67618508327003  3.87709698702855
189   1.47831143668735  3.95950654626977
190   1.27579027547405  4.03182321437947
191   1.06915402951629  4.09358315729415
192  0.859000635468919  4.14437684869876
193  0.645985004790462   4.1838583531204
194  0.430809027721191   4.2117533378326
195  0.214210327940729  4.22786552886731
196  -0.00304995585732302  4.23208137585721
197  -0.220200036711701  4.22437275329125
198  -0.436470637273665  4.20479759843257
199  -0.651108067366814  4.17349846464794
200  -0.863386854579581  4.13069904839027
201   -1.0726215847603  4.07669882392072
202   -1.2781776499856  4.01186598772217
203  -1.47948065675534  3.93662897038861
204  -1.67602431323976  3.85146681480677
205  -1.86737668710389  3.75689874383386
206  -2.05318480012899  3.65347324791767
207  -2.23317759800714  3.54175701436787
208  -2.40716739904734  3.42232399773164
209  -2.57504998048672  3.29574489909509
210  -2.73680350272618  3.16257728697873
211  -2.89248649784854  3.02335656142864
212  -3.04223515789503  2.87858794541111
213  -3.18626015048346  2.72873969418202
214  -3.32484316641811  2.57423775296864
215  -3.45833337132417  2.41546216850288
216  -3.58714390084461  2.25274565834556
217   -3.7117485205962  2.08637482759612
218  -3.83267858301303  1.91659453236923
219  -3.95052046190188  1.74361574589117
220   -4.0659137217958  1.56762693433257
221  -4.17955034413451  1.38880843046285
222  -4.29217532383935  1.20734876969099
223  -4.40458881386575  1.02346168583003
224  -4.51764973025359 0.837402667527166
225   -4.6322804053429 0.649484657051914
226  -4.74947159056639 0.460093397509108
227   -4.8702869096416 0.269703777998887
228  -4.99586569379154 0.0788990722171054
229  -5.12742285433461 -0.111604820959221
230   -5.2662439013111 -0.300928095178613
231  -5.41367228434343 -0.487987044565776
232  -5.57108490984778 -0.671444574733739
233  -5.73985017474199 -0.849652225664198
234  -5.92126166819756 -1.02058788952588
235  -6.11644051189172 -1.18179801985328
236  -6.32620080842411 -1.33035862365729
237  -6.55087981374131 -1.46287657611648
238  -6.79015696775566 -1.57556059203972
239  -7.04291635793336 -1.66438075768966
240  -7.30718307609666 -1.72528721098971
241  -7.58009539557056 -1.75443574592936
242  -7.85795466577347  -1.7484080496363
243  -8.13637015355057 -1.70437967589704
244   -8.4101208967198 -1.62031019881229
245  -8.67172773132131 -1.49609911234693
246  -8.90649922486621 -1.33963105073204
247  -9.39783955756206 -0.78974537572002
248  -9.69076757722249 -0.159327901846437
249  -9.78883773438418 0.538412349618037
250  -9.68057632662172  1.24074367887737
251  -9.38999518183285  1.89056947990788
252   -8.6756979996653  2.73311810754721
253  -7.80865217479677  3.40374889569302
254   -6.8899063598204  3.98435787941604
255  -5.95915330736837  4.54003779162788
256  -5.02706200397679  5.10170231217564
257  -4.08151441926617  5.66208240698395
258  -3.09820103368228  6.17865961721195
259  -2.05677015359111  6.59864636768724
260  -0.973016812044775   6.8695585654823
