// Id               X                Y
  1  -0.0376359564507591  1.52709761575442
  2   0.91287983186648  1.51455405460357
  3     1.898711514002   1.4305327997996
  4   2.82535457240454  1.34825085462636
  5   3.77434048025379  1.28128826531979
  6   4.70662368935359  1.30456755401789
  7   5.61706176605114  1.50596165963451
  8   6.48483552452065  1.85179838599585
  9   7.34755971095868  2.20836189138376
 10   8.27175628441822  2.34497345264273
 11   9.10974691188646  1.93818390234093
 12   9.30753037396659  1.44989621052002
 13   9.21493113336803 0.931259694238479
 14   8.86586039511562 0.524491346844091
 15    8.3467964564148 0.306387062543416
 16   7.57232844984382 0.321009062122134
 17   7.00446003881598 0.378177835213754
 18   6.91945489233579 0.388626328058909
 19   6.85985180597706 0.396241821851494
 20   6.80422615844559 0.403578224851559
 21   6.74320537130411 0.411867474020194
 22   6.67364623524326 0.421648705535926
 23   6.59480763103448 0.433157525786915
 24   6.50663380377794 0.446569038862582
 25   6.40936614572022 0.462019558222102
 26   6.30350585122357 0.479600496433835
 27   6.18985313735587   0.4993288111818
 28   6.06954536452873 0.521117112657095
 29   5.94404675487211 0.544753917544394
 30   5.81504900222087 0.569909609099905
 31   5.68427516504756 0.596176301702461
 32   5.55324628411751 0.623131056313279
 33   5.42311576096893 0.650394470700654
 34   5.29464240721197 0.677659640451438
 35   5.16765236081329 0.704823909762668
 36   5.05004470191826  0.73006209371081
 37   4.79470658056636 0.784805854714697
 38   4.67957730175508  0.80891300134199
 39   4.41058644604662 0.863756805047261
 40   4.29574909222793  0.88609184462245
 41   4.01477405248905 0.938161036492696
 42   3.90016186337517 0.958020822016845
 43    3.6966613902678 0.991519462687502
 44   3.58205790160877  1.00931603869018
 45   3.39554640151019  1.03683799579349
 46   3.27882325361599   1.0530917471874
 47   3.10209578344431  1.07647881358672
 48   2.98082794177781  1.09159886674891
 49   2.61610906202932  1.13327105002181
 50   2.49529386974551  1.14492594405548
 51   2.37768892746665  1.15541660190224
 52   2.21271099749869  1.16888749190876
 53     2.087277789125  1.17815330386762
 54   1.70394966527795  1.20234905304801
 55   1.57916524593736  1.20795912094537
 56   1.40126433413132  1.21444959759038
 57   1.27780946870479  1.21794662544509
 58   1.11355517079266  1.22164418049292
 59  0.987529989526637  1.22376283440926
 60  0.831509714262358  1.22580000015395
 61  0.702448214135231  1.22698528627273
 62  0.552725028088578  1.22803153856584
 63   0.42032824660649  1.22861693919547
 64  0.275798512400122  1.22909193698355
 65  0.139767590906336   1.2292994679141
 66  -0.000277614916106725   1.2294327802132
 67  -0.140296493912612  1.22936257395378
 68  -0.276345229859858  1.22922427834165
 69  -0.420819034655581  1.22883985429812
 70  -0.553231857638319  1.22836024879422
 71  -0.702826590887703  1.22746894439175
 72  -0.831897188386691  1.22645310212756
 73  -0.987631545134766  1.22467703972224
 74  -1.11363946571814  1.22281541258817
 75  -1.27725531057968  1.21953825274611
 76  -1.40061618608901  1.21640862531781
 77   -1.5769181509487  1.21059648134501
 78  -1.70166143084047  1.20549557442879
 79  -2.08627831532146  1.18310569601488
 80   -2.2119212995823  1.17458089516245
 81  -2.37518884723281  1.16234576448003
 82  -2.49270542490546  1.15272791583855
 83  -2.61376243580341   1.1420011267307
 84  -2.98233960610725  1.10309732008343
 85  -3.10435637526439  1.08909692416609
 86   -3.2781347497686  1.06797108182315
 87  -3.39539299039984  1.05299070184429
 88  -3.57764559405935   1.0283278010054
 89  -3.69249148497717  1.01196753116217
 90   -3.8835486592309 0.983120930346071
 91  -3.99817525483102 0.964855176539353
 92  -4.27862273396976 0.916723877506335
 93  -4.39332457317195 0.895933233972784
 94  -4.66500685534664  0.84392021565116
 95  -4.78021690804514 0.821099476971275
 96  -5.04475916363263 0.766983017609244
 97  -5.16152048753052 0.742896301819768
 98  -5.29418407792635 0.715469439846631
 99  -5.42355493278234 0.688792169425729
100  -5.55454880316311 0.661974079116893
101  -5.68615461835295 0.635355057897306
102  -5.81762943868303 0.609214682649978
103  -5.94782649852922  0.58389620262413
104  -6.07524591528494 0.559776236570262
105  -6.19822162315497  0.53720879471478
106  -6.31516178365272 0.516469121547717
107  -6.42473233517773 0.497723097841174
108  -6.52593641418506 0.481028111976719
109  -6.61811121436505 0.466354427571264
110  -6.70089636294822 0.453611297389206
111  -6.77426390974927 0.442660377646021
112  -6.83888817318172 0.433276664612211
113   -6.8978941445164 0.424918366023012
114  -6.96090464809632 0.416208912724325
115   -7.0498692521493 0.404287616313452
116  -7.61701598618711 0.338739231370171
117  -8.39119383567538 0.309505116240332
118  -8.91918711331244 0.518205252141956
119  -9.27676743833412  0.91930776133316
120  -9.37737908127495  1.43751808581222
121   -9.1839199994817  1.92889830593174
122  -8.34522640124106  2.33910066216687
123  -7.41835831894062  2.20314128130262
124   -6.5521945529191  1.84687906043504
125  -5.68017510137199  1.50123091900414
126  -4.76576254957627   1.3002433763322
127  -3.83047326478585  1.27838860975664
128  -2.82296991248626  1.35726517948967
129  -1.90737447773593  1.42392391977955
130  -0.970681758292754  1.46840453579526
131  -0.0418942739761421  2.12620847381757
132  0.902074376538333  2.12113569876606
133   1.84099014401994  2.03610225940846
134   2.78190722277173  1.95609999797913
135   3.72150360981027   1.8881036971353
136   4.66295917834186  1.91326684232837
137   5.58491442671939  2.11769189782468
138   6.47779994616269  2.46548500416844
139   7.45258935883659  2.81138181907141
140   8.49823953758046  2.89518719056412
141   9.41364341101333   2.3797449031718
142   9.77628465616624  1.80978032797791
143   9.81831751082209  1.13463240704439
144   9.53129785760177 0.521017832162414
145   9.07750525902993 0.0367289132837733
146   9.76730265992887   -0.320284490474
147   10.0207451118369 -0.541823120306134
148   9.93669508593025 -0.782292528450563
149   9.81266893796746 -1.00440432796928
150   9.65915656515977 -1.20683661463724
151   9.48450793804506 -1.39024851442754
152   9.29344947577091 -1.55484952948975
153   9.08909667097796 -1.70062035463607
154   8.87406500570116 -1.82783025461962
155   8.65068126474135 -1.93715518677517
156   8.42099219995161 -2.02966768507833
157   8.18674589638616  -2.1067980294897
158   7.94937868935911 -2.17028367788257
159   7.71001272055238 -2.22209069797604
160    7.4694677993046 -2.26427933961002
161   7.22829304706301 -2.29880602430765
162   6.98681946916627 -2.32730911582837
163   6.74522473976735 -2.35097211052559
164   6.50359649727526 -2.37054440071863
165   6.26188109854293 -2.38490279923513
166   6.02221012421221 -2.41794775045219
167   5.84050163846097 -2.26027611591842
168   5.61708974565581 -2.35293417867928
169   5.44893140640539 -2.18124787974372
170   5.22809751365598 -2.27964944947445
171    5.0709064117854 -2.09825428779288
172   4.85119723032681 -2.19887988018185
173   4.63896624124322  -2.0866754500877
174   4.41691890108344 -2.18116157482779
175   4.19988798426509 -2.07922887398623
176   3.97723860873469 -2.17119205548243
177   3.75941775219521 -2.07168244429618
178   3.54186546576942 -2.17427381097866
179   3.51951064236989 -1.93763021821394
180   3.30321555230481 -2.04316503619846
181   3.06420571899581 -2.06757449485962
182   2.83971860081673 -1.98483058748019
183   2.62568779434981 -2.09364593359926
184   2.63893019636808 -1.85684198375662
185   2.43371340855215 -1.98213062378021
186   2.21098141452459 -1.89562312339097
187   1.99688626465677 -2.00425949519568
188   1.77152169789853 -1.92479376055935
189    1.5553714359056 -2.02856861334724
190   1.32980694711007 -1.94978727989925
191   1.11191591041651 -2.04922589166865
192  0.886929454593851 -1.96884614453171
193   0.66735598003269 -2.06397662112424
194  0.443389106471942 -1.98072083574351
195  0.222202170144466 -2.07160278892655
196  -0.000455033419865381 -1.98470996909168
197  -0.22313882493194 -2.07153526307352
198  -0.444289890272305 -1.98057019509868
199  -0.668289585784684 -2.06373576236249
200  -0.887807794460459 -1.96848568721299
201  -1.11285633246887  -2.0486896600008
202  -1.33066931728852 -1.94909142902334
203  -1.55636441269643 -2.02750240346382
204  -1.77242465080199 -1.92355369300191
205  -1.99807679799073 -2.00222658458256
206  -2.21212807740736 -1.89351637191057
207  -2.43559821283907 -1.97820114117695
208  -2.64047028079349 -1.85234916827459
209  -2.62459780249516 -2.08892878863871
210  -2.83827735203956  -1.9794733023859
211  -3.06357346461395 -2.06004312751556
212  -3.30250805560574  -2.0351022849423
213  -3.51804123329133 -1.92807570371787
214  -3.53287795726201 -2.16516703807156
215  -3.74983454258944 -2.06149727742743
216  -3.96899482777678 -2.15796250338865
217  -4.19128954283824 -2.06537885492188
218  -4.41043640957469 -2.16261252990346
219  -4.63261449910297  -2.0686896284984
220  -4.85153947745738 -2.16751153572235
221  -5.07032290898587 -2.06494858746662
222  -5.22935225799289 -2.24451144939971
223  -5.44841327831989 -2.14223296602494
224  -5.61515722635811 -2.31510767215419
225  -5.83687122861369 -2.21855028600896
226  -6.01122188667445 -2.38409678670461
227  -6.24967881749449 -2.34388492222149
228   -6.4914750218067  -2.3383965704816
229  -6.73284652427655 -2.31835314133333
230  -6.97429944067695 -2.29524066512625
231  -7.21565790336908 -2.26729671410423
232  -7.45678611525956  -2.2337134187484
233  -7.69742468786442  -2.1931878542599
234  -7.93712357553916 -2.14397025696134
235  -8.17517501091408 -2.08403137216148
236  -8.41056466728871 -2.01129175648127
237  -8.64194744017021 -1.92382106594286
238  -8.86764422008041 -1.81997027185636
239  -9.08565329808414 -1.69845077749582
240  -9.29366841951548 -1.55838311854351
241  -9.48907076231939 -1.39930821860315
242  -9.66873003571909 -1.22107058383935
243  -9.82795399202148 -1.02330529069591
244  -9.95844593562869 -0.805123324986439
245  -10.0498244318292 -0.567591599007783
246  -9.79994275007058 -0.342205318452863
247  -9.11699775499557 0.0273256405140233
248  -9.58389128953113 0.499458562144305
249  -9.88395589932524   1.1067188276528
250  -9.85318366803941  1.78237866962485
251  -9.49900483006501   2.3579134122799
252  -8.58729405547282  2.88273039892591
253   -7.5386260368549  2.80368081637617
254  -6.55874738403513  2.46088605161257
255  -5.66389183579004  2.11389284815386
256  -4.74150507536997  1.91019869798062
257  -3.79993198017879  1.88492134425846
258  -2.86345536924298  1.96290367607243
259  -1.92275766787798  2.03247194787676
260  -0.980228701637687  2.07160858769533
