// Id               X                Y
  1  0.0522519193727206  1.97651632124606
  2   1.01552430513294  1.99011322348235
  3   1.96908832909132  2.02588987544977
  4   2.92944779661814  2.10629680815799
  5   3.87091496388221  2.34853635099937
  6     4.716009048016   2.8285247471651
  7   5.42692860164293  3.48406224436256
  8   6.07286931682656  4.17970271354639
  9   6.81718033450869  4.74644316752882
 10     7.738843969355  4.87500036212704
 11   8.39814559811108  4.23770590946734
 12   8.39534014512255  3.71101709943329
 13   8.13334816287218  3.25294849150181
 14   7.70407567657159  2.92699965454867
 15   7.11001581927272  2.70818115054791
 16   6.40900017017132  2.57357148363136
 17   6.29020196603967  2.54586055955515
 18    6.1843442531227  2.51981652975493
 19   6.07902109425125  2.49275942423626
 20   5.97194156163514  2.46426651490234
 21   5.86247995135644  2.43434320487657
 22   5.75084935920685  2.40324271623248
 23   5.63732594371902  2.37125470213939
 24   5.52213192682586  2.33865983612291
 25   5.40543593422987  2.30571961047573
 26   5.28736624846748  2.27267331883676
 27   5.16802246354287  2.23973727666972
 28   5.04748426073347  2.20710510384055
 29   4.92581778224451  2.17494859508194
 30   4.80308016990362  2.14341890342811
 31   4.67932273505998  2.11264786559393
 32   4.55459313056766  2.08274936650698
 33   4.42893680292859  2.05382068078707
 34   4.30239792711477  2.02594375378286
 35   4.17501997558057   1.9991864016513
 36   4.04684603411799  1.97360341995178
 37   3.91791894528415  1.94923759542526
 38   3.78828133716367  1.92612061870328
 39   3.65797557940617   1.9042738975394
 40   3.52704369643377  1.88370927095838
 41   3.39552725871633  1.86442962494866
 42   3.26346726468463  1.84642941001404
 43   3.13090403451833  1.82969506230431
 44   2.99787704804238  1.81420531983709
 45   2.86442514366723  1.79993147504285
 46   2.73058502939904   1.7868373776509
 47   2.59639724145109  1.77487990296652
 48   2.46188267825709  1.76400741902229
 49   2.32712363072003  1.75416359253085
 50   2.19199158852444  1.74527680709136
 51    2.0568707316099  1.73727509262203
 52   1.91954938070081  1.73000832382419
 53   1.78317313914654  1.72338332909367
 54   1.64529373086202  1.71746587814764
 55    1.5084354875967  1.71207345962085
 56    1.3702739345363  1.70732935074331
 57   1.23300465439009  1.70300252423642
 58   1.09464471177458   1.6992733107324
 59  0.957023355895595  1.69587243953435
 60  0.818540821549749  1.69302797765198
 61  0.680623889660597  1.69044227678018
 62  0.542088607083309  1.68838185289953
 63  0.403931536374021  1.68653031956382
 64  0.265408567353202  1.68518350778958
 65  0.127066882923585  1.68401564797217
 66  -0.0113825080877023  1.68334289195585
 67  -0.14985220853395  1.68283920095046
 68  -0.288169675923296  1.68283209983652
 69  -0.42670883785929  1.68300426378213
 70  -0.564838106105634  1.68368555417116
 71  -0.703385365274312  1.68457635164273
 72  -0.841271337939775  1.68599959046782
 73  -0.97976162573719  1.68768248608597
 74  -1.11734938467849  1.68993145210644
 75  -1.25571291508212  1.69250988697631
 76  -1.39294654690693  1.69569773033001
 77  -1.53110760187129  1.69930412575551
 78  -1.66792877283564  1.70357230406712
 79  -1.80580364953583  1.70836678529099
 80  -1.94214230006201  1.71388348846461
 81  -2.07945492949703  1.72004438462708
 82  -2.21456984136727  1.72696168510543
 83  -2.34969153100371   1.7347709315765
 84  -2.48445335981403  1.74354643890787
 85   -2.6189691877753  1.75335916798879
 86  -2.75316216097329  1.76426672636687
 87  -2.88700920180258  1.77632137160904
 88   -3.0204702923023  1.78956716447058
 89  -3.15350825688023  1.80404114820698
 90  -3.28608391798363  1.81977299995814
 91  -3.41815727518964  1.83678499867985
 92  -3.54968737112003  1.85509178623729
 93  -3.68063242916452  1.87470005489698
 94   -3.8109499517723  1.89560813321484
 95  -3.94059682576395   1.9178054759078
 96  -4.06952941685776  1.94127205774961
 97  -4.19770364054263  1.96597766902565
 98  -4.32507498716926   1.9918811185833
 99  -4.45159847421603  2.01892932910154
100  -4.57722847542326  2.04705636407046
101  -4.70191838921947  2.07618229574981
102  -4.82562001456067  2.10621214501575
103  -4.94828264652822  2.13703437567423
104  -5.06985144002192  2.16852018396141
105  -5.19026553656976   2.2005208700278
106  -5.30945410086949  2.23286940483653
107  -5.42733334739657  2.26537334694942
108  -5.54379680706336    2.297826097712
109  -5.65871303518101   2.3299831711284
110  -5.77190179515692  2.36160653633266
111   -5.8831421744075    2.392391332151
112  -5.99213842231778  2.42210039781146
113  -6.09869330450645  2.45042508757895
114  -6.20344564161277  2.47745231247912
115  -6.30872868545125  2.50355224907993
116   -6.4272565419267  2.53159620954723
117  -7.12677691247536  2.67168378413232
118  -7.70795195922689  2.89985882491899
119  -8.12600830200059  3.23875151555115
120   -8.3680978025003  3.70751180879565
121  -8.34393277542308  4.23383296878839
122  -7.65027578769238  4.83475029319704
123  -6.73304517662741  4.67409753847449
124  -5.99618886881197  4.09667201826915
125  -5.34817800572292  3.40183047224278
126  -4.62895770386355  2.75669980068678
127  -3.77792096566359  2.29538957158008
128  -2.83543801528075  2.07185548591858
129  -1.86882449706582  2.00478639282242
130  -0.905992397922114  1.95526046134354
131  0.0499985915653761  2.58080224688135
132   0.98113677311767  2.59728983133689
133   1.91187569388497   2.6301504151562
134    2.8396738206325  2.70698574315346
135   3.74005894238867      2.9442304821
136   4.54604960394976  3.41839950759793
137   5.23923080172195  4.07083292212912
138   5.99914900791326  4.79182144573665
139   6.91665630888072  5.34608704139119
140   7.98604673391683  5.40672188646044
141   8.74137007200217  4.64967470401292
142   8.94679589532437   3.9959481917096
143   8.78280694297743  3.33176888673195
144   8.36091408116247  2.79909163555848
145   7.78727239225579  2.46259452281016
146   8.42725199995308  2.15007076062009
147   8.50702954968151  1.87805663362588
148   8.39837069801146  1.67601520307467
149   8.25151702878789  1.50233730890637
150   8.08796218329026  1.34934964662316
151   7.91836438834382  1.21019597615738
152   7.74570476167749  1.08161593784561
153   7.57105800487892   0.9617660635926
154   7.39496181558504 0.849403919792211
155   7.21773798328452 0.743621929251662
156   7.03959400015182 0.643735982722654
157   6.86066922044973 0.549222067163524
158   6.68106104082805 0.459673313189607
159   6.50084104580184 0.374769002946889
160   6.32006517045171 0.294251832402785
161   6.13878007779083 0.217911166843395
162   5.95702710295496 0.145570683848819
163   5.77484462702472 0.0770792356380451
164   5.59226943836273 0.0123040798715808
165   5.40933744595216 -0.0488741474240869
166    5.2260839832731 -0.106565176573216
167    5.0425438586673 -0.160871902010505
168   4.85875125441574 -0.211892480238975
169   4.67473954133215 -0.259721912333831
170   4.49054105161964 -0.304453247802012
171    4.3061868392676 -0.346178522228118
172   4.12170642558406 -0.384989427255731
173   3.93712767028648 -0.420978374898041
174   3.75247597093942 -0.454236059723289
175   3.56777710055607 -0.484868386143165
176   3.38304304629417 -0.512914682691763
177   3.19832969626827 -0.538717786464032
178   3.01352074901313 -0.561411886387774
179   2.82906892027641 -0.584535355979479
180   2.64376565754898 -0.59645184743425
181   2.46134860707026 -0.629483162208091
182   2.28519989438208 -0.568409765497095
183   2.12366473420035 -0.659863298270217
184   1.95198078961851 -0.587709337035249
185   1.79104325789873 -0.679638312610845
186   1.62161477313723 -0.603260772693895
187   1.46099380203266 -0.695270691555474
188   1.29353898942771 -0.615415360644117
189   1.13308308520215 -0.707356350988478
190  0.967314811197612 -0.624661962201382
191  0.806854073712305 -0.71635233233942
192   0.64248343867699 -0.631378884825859
193  0.481826207197314 -0.722597178288999
194  0.318570645582525 -0.635834154490739
195   0.15750227569162 -0.726313521000252
196  -0.0049081287974299 -0.638186366631882
197  -0.166624948660978 -0.727609703438791
198  -0.328442816603941 -0.638485260505978
199  -0.491066276540196 -0.726480532807531
200  -0.652523859405657 -0.636671903837779
201  -0.816329745126835 -0.722807186642884
202  -0.97763736498584 -0.632578461573856
203  -1.14291421156059 -0.716356266921758
204  -1.30426020841587 -0.625927594086617
205  -1.47130278960551 -0.706777969865048
206  -1.63285507650468 -0.616331627042594
207  -1.80195610914005 -0.693603252966798
208  -1.96386597340068 -0.603292385519129
209  -2.13531231635758 -0.676223383760399
210  -2.29785802081003 -0.586446885384143
211  -2.47388585802774 -0.648154324926918
212  -2.65674540226468 -0.617113775273046
213  -2.84218361613306 -0.60576811134513
214  -3.02692412065352 -0.584107787703568
215  -3.21198427146286 -0.562527692486367
216  -3.39698929504538 -0.537933622489753
217  -3.58202938306285 -0.51103621215674
218  -3.76705682204022 -0.481535922481246
219  -3.95205719125772 -0.449378865678021
220  -4.13700500076988 -0.414459427091403
221  -4.32187428186676 -0.376683527542069
222  -4.50663658287803 -0.335955863759093
223  -4.69126157018323 -0.292181482690474
224  -4.87571716792875 -0.245264836582313
225  -5.05996978009893 -0.195109057208191
226  -5.24398449875553 -0.141614981604274
227  -5.42772529249499 -0.0846799006028405
228  -5.61115514496718 -0.0241959196136991
229  -5.79423609810402 0.0399522075834874
230  -5.97692912981094 0.107889958930173
231  -6.15919375895925 0.179756888068936
232  -6.34098721524789  0.25571177007353
233  -6.52226292561878 0.335939511151051
234  -6.70296794059405 0.420660450802722
235  -6.88303872185624 0.510142906338263
236  -7.06239440895636 0.604720122086526
237  -7.24092616491417 0.704813217298632
238  -7.41848037725451 0.810962382508294
239  -7.59483152330145 0.923869996997066
240   -7.7696346635538  1.04446415974558
241  -7.94232128923584  1.17401012262332
242  -8.11177235404188  1.31437549064648
243  -8.27492930070181  1.46883319487181
244  -8.42100374844498  1.64414162778853
245  -8.52888382358118  1.84754844829281
246  -8.44705085620671  2.12011761100384
247  -7.80608563033974   2.4313844171933
248  -8.36716787940609  2.78932745748514
249    -8.771106629207  3.33579695921078
250  -8.90745404776523  4.00567508459667
251  -8.67462054498413  4.64954463297934
252  -7.88694530699956  5.37162367286234
253  -6.82064695603761  5.27679809384191
254  -5.91405242495102  4.70775569747213
255  -5.15872851772332  3.98785697239317
256  -4.45888189774643  3.34620358365988
257  -3.64316986001485  2.88997089476029
258  -2.73794066236605  2.67147701242718
259  -1.80901009481466  2.60760253919514
260  -0.878821977614821  2.56062998417371
