// Id               X                Y
  1  0.249211949713894  4.75538508768985
  2   1.28331742359468  4.61923539030058
  3   2.22026356776519  4.32671264815499
  4   3.08192018909219  3.87504136339597
  5   3.81806476023585  3.29750462756678
  6   4.43872128574103  2.61808461613247
  7   4.99062812007337  1.88164669548073
  8   5.50017087911352  1.11193669649244
  9   5.93695234678959 0.293034556383364
 10   6.20192013236924 -0.599389017178344
 11   6.08992523765158  -1.5488188452342
 12   5.73634576707138 -1.94895937572232
 13   5.20205477337128 -2.09752536529447
 14   4.66906015148558 -1.83116918141794
 15   4.48439270389621 -1.29325785948819
 16   4.70878407477482 -0.690781281584128
 17   4.93266996427314 -0.21151828923783
 18   4.95942530794114 -0.104410769086624
 19   4.97859197086737 0.000171404421599364
 20   4.99153004923231 0.104774202195407
 21    4.9988968468908 0.213985505628734
 22   5.00056858616868 0.329576487569861
 23    4.9960452478017 0.451493759926776
 24   4.98499066841478 0.579009114640929
 25   4.96716393653841 0.711209029993486
 26   4.94246627573467 0.847179506551113
 27   4.91088046711246 0.986067220923933
 28   4.87245131696083  1.12709731374962
 29   4.82726021493004  1.26957081012901
 30    4.7754117953147  1.41285636473194
 31   4.71702513484285  1.55638045403264
 32   4.65222946865969  1.69961857227496
 33   4.58116244101747  1.84208801343776
 34   4.50396989778523  1.98334235169835
 35   4.42080639736005  2.12296741791611
 36   4.33183591924584  2.26057849724918
 37   4.23723243788504  2.39581845993755
 38   4.13718017595056  2.52835656153764
 39   4.03187345383211  2.65788768437411
 40   3.92151612340429  2.78413183131862
 41   3.80632062123144  2.90683372187647
 42   3.68650670509701   3.0257623770359
 43   3.56229995269119  3.14071061230587
 44   3.43393010609182  3.25149438719809
 45   3.30162934325452  3.35795198376644
 46   3.16563055043666  3.45994300660303
 47   3.02616565919412  3.55734721201857
 48   2.88346409979517  3.65006318529655
 49   2.73775141073325  3.73800689234437
 50   2.58924803232962  3.82111013630066
 51   2.43816830177189  3.89931895127834
 52   2.28471965768666  3.97259196500664
 53   2.12910205466105  4.04089876023391
 54   1.97150758203684   4.1042182618579
 55   1.81212027672651  4.16253717328271
 56   1.65111611659658  4.21584848180374
 57   1.48866317894666  4.26415004915909
 58   1.32492194757656  4.30744329995031
 59   1.16004575167569  4.34573201755667
 60  0.994181320094008  4.37902125452275
 61  0.827469435285808  4.40731636222201
 62  0.660045672203559  4.43062214289279
 63   0.49204120852724  4.44894212588422
 64  0.323583693737063   4.4622779691008
 65  0.154798165586745   4.4706289861454
 66  -0.0141919965589718   4.4739917994755
 67  -0.183264091348167  4.47236011994614
 68  -0.352295097377783  4.46572465335307
 69  -0.52116066658178  4.45407313494679
 70  -0.689734118282447  4.43739049329859
 71  -0.857885443477298  4.41565914529544
 72  -1.02548032958441   4.3888594243558
 73  -1.19237921679681  4.35697014412073
 74  -1.35843639837794  4.31996929981344
 75  -1.52349917862675  4.27783490910099
 76  -1.68740710379755  4.23054599355898
 77  -1.84999128289913  4.17808370066267
 78  -2.01107381691861  4.12043256453795
 79  -2.17046735648854  4.05758190144879
 80  -2.32797480917865  3.98952733313847
 81  -2.48338921825335  3.91627242767318
 82  -2.63649383466559  3.83783044339529
 83  -2.78706240300494  3.75422615706951
 84  -2.93485967981117  3.66549775246167
 85  -3.07964219883343  3.57169874067524
 86  -3.22115929220888  3.47289987893251
 87  -3.35915436895936  3.36919105058197
 88  -3.49336644255934  3.26068306650552
 89  -3.62353188765748  3.14750934745387
 90  -3.74938639257863  3.02982744889941
 91  -3.87066705949092  2.90782039554687
 92  -3.98711458890664  2.78169780245703
 93  -4.09847547067508  2.65169677451454
 94  -4.20450409142028  2.51808259625791
 95  -4.30496466054539  2.38114925022476
 96  -4.39963285608127  2.24121983402544
 97  -4.48829710105946  2.09864698412183
 98  -4.57075940479418  1.95381345719858
 99  -4.64683574652969  1.80713306706964
100  -4.71635604781573  1.65905222456317
101  -4.77916388308809  1.51005237647712
102   -4.8351162265538  1.36065368040003
103  -4.88408374171987  1.21142026786113
104   -4.9259524048423  1.06296739878451
105  -4.96062762474882 0.915970601726051
106  -4.98804246464762  0.77117632205022
107  -5.00817196974215 0.629412224014568
108   -5.0210556094302  0.49159218099551
109  -5.02682844408556 0.358703972836385
110  -5.02575619306507 0.231750926330501
111  -5.01825204333381 0.111574246019904
112  -5.00479917924227 -0.00163742524415291
113  -4.98556096385922 -0.109541532778875
114  -4.95953043017048 -0.21678653846222
115  -4.92521585581622 -0.325918484488926
116  -4.67021116839932 -0.791042333293252
117     -4.40107062131 -1.37850318145695
118  -4.53980902725669 -1.92982819497086
119  -5.03969239362901 -2.24331452320677
120  -5.58410530889265 -2.14984203167149
121   -5.9744710840239 -1.78535133471636
122  -6.16756754395687 -0.842166593961202
123  -5.96678787728164 0.0829115546903658
124  -5.56249936055192 0.973440151224345
125  -5.03578883219893  1.86229976430772
126   -4.4324180988973  2.71316003010346
127  -3.71114267779844  3.46701656200512
128  -2.83990341941795  4.05834017295586
129  -1.85993287159882  4.47791893010399
130  -0.810112439271234  4.69080385928029
131  -0.143676801619888  5.19052060323387
132  0.987060302277198  5.15142282640278
133     2.089677357011  4.90420656998134
134   3.12808627073407  4.45948688328172
135   4.06464141625588  3.82619577784068
136   4.86105399145903  3.02252190103804
137   5.53181458158107  2.11163809775317
138   6.09788537168006  1.13269380368162
139   6.50987756520368 0.0785354577811322
140   6.61140840613461 -1.05167657833619
141   6.09619138514677 -2.06514226400152
142   5.42824152717438 -2.39180982273305
143   4.69806074895024  -2.2645254855272
144   4.14348615476492 -1.78044185571258
145   3.73661958977498 -1.17683412094769
146   3.00248964844015 -0.927924753998768
147   2.91593155809699 -0.874320758292378
148   2.90249424430838 -0.765472168861317
149   2.90031905922066 -0.655974357715165
150   2.90352452139653 -0.546673745233151
151   2.90826864166616 -0.438274518831549
152    2.9117069754074 -0.331054701649642
153   2.91222347800445 -0.225092186787952
154   2.90894250008467 -0.12043080021464
155   2.90140646554546 -0.0171257267356757
156   2.88940766135069 0.0847526140886133
157   2.87289328798065 0.185124905576914
158   2.85190547037844 0.283909179004872
159   2.82654158744074 0.381024579616761
160   2.79692830651026 0.476392843908518
161   2.76320531186602 0.569938372319188
162   2.72551576836738 0.661587693988019
163   2.68400128232294 0.751268850289046
164   2.63879971617483  0.83891097070911
165   2.59004469894357 0.924444138258091
166   2.53786604791295  1.00779953693297
167   2.48239059168637  1.08890982143781
168   2.42374307997033  1.16770963051018
169    2.3620470004932  1.24413616585857
170   2.29742521432998  1.31812976953995
171   2.23000037990589    1.389634447731
172   2.15989517229867  1.45859830474926
173   2.08723232495493  1.52497386587136
174   2.01213453058421  1.58871827996136
175   1.93472424047351  1.64979340276968
176    1.8551233994582  1.70816576898308
177   1.77345314922379  1.76380646592044
178   1.68983352685703  1.81669092452542
179   1.60438317953458  1.86679864440487
180   1.51721911052167  1.91411286950434
181   1.42845646659314  1.95862022997147
182   1.33820837274544  2.00031036415665
183   1.24658581668058  2.03917553280254
184   1.15369758296823  2.07521023548306
185   1.05965023494098  2.10841083741464
186  0.964548141139431  2.13877521297752
187  0.868493542379339  2.16630241070921
188  0.771586655151652  2.19099234319371
189  0.673925806987136  2.21284550417237
190  0.575607599534591  2.23186271433519
191  0.476727095345648  2.24804489659339
192  0.377378024673823  2.26139288116106
193  0.277653008938124  2.27190724045795
194  0.177643797840054  2.27958815366081
195  0.0774415174338919  2.28443530065238
196  -0.0228630732828032  2.28644778512342
197  -0.123179319480212  2.28562408665263
198  -0.223416403382727    2.281962041707
199  -0.323483074926063  2.27545885365204
200  -0.423287382173968  2.26611113202573
201  -0.52273640355206  2.25391496149529
202  -0.621735984100593  2.23886600106858
203  -0.720190478167223  2.22095961425558
204   -0.8180025012526  2.20019103095198
205  -0.915072694079828  2.17655554182555
206  -1.01129950237349  2.15004872590282
207  -1.10657897628826  2.12066671184986
208  -1.20080459389615   2.0884064730859
209  -1.29386711358854  2.05326615632706
210  -1.38565446062367  2.01524544239352
211  -1.47605165328405  1.97434593709251
212   -1.5649407741132  1.93057158868275
213  -1.65220099136767  1.88392912681584
214  -1.73770863501733  1.83442851594024
215  -1.82133733020583  1.78208341397661
216   -1.9029581888865   1.7269116247062
217  -1.98244005722377  1.66893552988685
218  -2.05964981217503   1.6081824848251
219   -2.1344526953834  1.54468515926353
220  -2.20671266617144  1.47848180434967
221   -2.2762927482563  1.40961642657343
222  -2.34305533728519  1.33813885138721
223   -2.4068624292435  1.26410466327617
224  -2.46757572450824  1.18757501580485
225  -2.52505656071221  1.10861631498763
226  -2.57916563235693  1.02729979231829
227  -2.62976247002697 0.943700999617731
228   -2.6767046822894  0.85789927548386
229   -2.7198470160134 0.769977250406941
230   -2.7590403756863 0.680020470653713
231  -2.79413107279026 0.588117223206373
232  -2.82496077078024 0.494358624583257
233  -2.85136787380138 0.398838978433832
234  -2.87319150721319 0.301656285889822
235  -2.89027978523802  0.20291257797684
236  -2.90250478024127 0.102713405871973
237  -2.90978753692938 0.00116539226982197
238  -2.91213782497332 -0.101629627844484
239  -2.90971615178043 -0.205585205495577
240  -2.90293370386618 -0.310645231124491
241   -2.8926291580244 -0.416796983187288
242   -2.8804069132935 -0.524057073504949
243  -2.86917020962343 -0.632350269695212
244   -2.8630072259275 -0.741254165988189
245  -2.86806653955934 -0.850387074777918
246  -2.95017804846371 -0.909830360795662
247  -3.66430463424436 -1.20819454189033
248  -4.01783964493861 -1.84269538719474
249  -4.52558768765471 -2.37324253063868
250  -5.23980479228768 -2.56526212032145
251  -5.93401528522607 -2.30332855033275
252  -6.53006231193613 -1.33719023872684
253  -6.51053578011004 -0.205954513188356
254  -6.16524957766544 0.865241866514431
255  -5.64409353740113  1.85925698450684
256  -5.01845381027591  2.79043960401088
257  -4.27374588674609  3.63116699937346
258  -3.37351500278154  4.30738824746986
259  -2.35822959663899  4.79820864203506
260  -1.26500906227703  5.07888872375196
