// Id               X                Y
  1  -0.0819499558662551 0.785910443921238
  2  0.887954738591535   0.8041868054091
  3   1.87816356072106 0.857523870690033
  4   2.89793514101133 0.926258364129811
  5   3.83050550211155  0.95463353777824
  6   4.76799003923791  1.04197051765287
  7   5.68055825467719  1.27573661018894
  8   6.55529977312893  1.62949658789884
  9   7.42366041477218  1.98109699655903
 10   8.33466129882561   2.1333577828452
 11   9.19891141619892  1.81018741692728
 12   9.45643680436916  1.36664648802231
 13   9.44523401458029 0.854251033587355
 14   9.16550944002629 0.422953959293981
 15   8.71734036276941    0.179237219518
 16   8.19835829857466 0.127003641543352
 17   7.87140333272855 0.147185201592252
 18   7.74630425870146 0.161066735155433
 19   7.67866329161015 0.169777636235636
 20   7.62510244053363 0.177233270660242
 21   7.56900452189801 0.185523614790495
 22   7.50215951647905 0.196017384883512
 23   7.41975410378832 0.209779769420342
 24   7.31792481538458 0.227898203638902
 25   7.19140607307305 0.251828521758414
 26   7.04169820994668 0.281671078759475
 27     6.881633121259  0.31473701093725
 28   6.71491154741324 0.349735344229529
 29   6.54308328105277 0.385693258860947
 30   6.36704515602128  0.42174753102247
 31   6.18741576772475 0.457116449742027
 32     6.004702861915 0.491097183432101
 33   5.81938297576794 0.523072722871634
 34   5.63193559581926 0.552522063474494
 35   5.44285212238016 0.579029554151723
 36   5.25263074470709 0.602290763021775
 37   5.06176396167577 0.622113429176313
 38   4.87072322658283 0.638413126504201
 39   4.67994385183605 0.651204120224133
 40   4.48981232483361 0.660586500904449
 41   4.30065733581929 0.666731005832624
 42   4.11274504945378 0.669862991739105
 43   3.92627849272579  0.67024685373363
 44   3.74140043589066 0.668171869882219
 45   3.55819885115974 0.663940076989859
 46   3.37671395091113 0.657856429169468
 47   3.19694589637298 0.650221209787887
 48   3.01886246296591 0.641324481304379
 49   2.84240617873047 0.631442261537006
 50    2.6675006631164 0.620834088397733
 51   2.49405605639609 0.609741653180131
 52   2.32197353924875 0.598388223482357
 53   2.15114900530964 0.586978625640825
 54   1.98147597916702  0.57569960418956
 55   1.81284788036544 0.564720418012844
 56   1.64515972962155 0.554193568066755
 57   1.47830938295925  0.54425557990417
 58    1.3121983669296 0.535027786550925
 59   1.14673237616354 0.526617074564633
 60  0.981821484956904 0.519116569322247
 61   0.81738011799664 0.512606245481168
 62  0.653326820588086 0.507153455667339
 63  0.489583863788539 0.502813375210909
 64  0.326076713573357 0.499629363704987
 65  0.162733387216022 0.497633245895176
 66  -0.000516282245723831 0.496845515313726
 67  -0.163741449802805 0.497275464198358
 68  -0.327011101329577 0.498921242475459
 69  -0.490394902022569 0.501769847036525
 70  -0.653964017035489 0.505797040622483
 71  -0.817791875461504 0.510967197946586
 72  -0.981954854702283 0.517233075676854
 73  -1.14653286539197 0.524535502668041
 74  -1.31160981511768 0.532802987263144
 75  -1.47727392374413 0.541951239590872
 76  -1.64361785759456 0.551882608927849
 77    -1.810738645768  0.56248543992528
 78  -1.97873733825912  0.57363335729814
 79  -2.14771836005099 0.585184496810565
 80  -2.31778850675567 0.596980711496653
 81  -2.48905551611475 0.608846796687794
 82  -2.66162613705458 0.620589796452698
 83  -2.83560360606129 0.631998478501496
 84  -3.01108443249255 0.642843095413379
 85   -3.1881543948519 0.652875587773498
 86  -3.36688366632555 0.661830429003983
 87  -3.54732103032636 0.669426359886874
 88  -3.72948722752337 0.675369307026869
 89   -3.9133676054877 0.679356812588957
 90  -4.09890442310003 0.681084305013353
 91  -4.28598937937942 0.680253489113918
 92  -4.47445715128159 0.676583005519373
 93  -4.66408087572661 0.669821289055257
 94  -4.85457052815972 0.659761248768717
 95  -5.04557497837171 0.646256032914071
 96  -5.23668812155507 0.629234793545068
 97  -5.42745890073833 0.608717110428955
 98  -5.61740428628264 0.584824659157988
 99  -5.80602337552782 0.557788884897443
100  -5.99280967204918  0.52795391322694
101  -6.17725710092926 0.495774700970381
102  -6.35885291920835 0.461811484058777
103  -6.53704631039739 0.426722891871965
104  -6.71117268494771 0.391261706048101
105  -6.88029355361231 0.356279704666839
106   -7.0428456560758 0.322756613770707
107  -7.19545097478101 0.291963255757814
108  -7.32578485965831 0.266656958013551
109  -7.43013935102794 0.247344346261878
110  -7.51447710554098 0.232509422154211
111  -7.58282589135074 0.221077375955312
112  -7.63995202999666 0.211974163677154
113  -7.69396311251667 0.203778034995978
114  -7.76164974823975 0.194113641048294
115  -7.89596521214149  0.17713071387113
116  -8.22236763365626 0.150572715645079
117  -8.74248664009614 0.186852032079924
118  -9.20077086075435 0.409191994259559
119  -9.50569689976485 0.822520920787741
120  -9.55142634291061  1.33288466181735
121  -9.32304509673002  1.79241958367908
122  -8.47655765667924  2.15676025251396
123  -7.56462471368529  2.02431743498732
124  -6.70014223575317  1.67501695137654
125  -5.83537587088583   1.3127587681925
126    -4.933207068936  1.06490444375528
127  -4.00377003400431 0.965600469776244
128  -3.07042700312278 0.936915296260377
129  -2.04419777234429 0.866757734034666
130  -1.05127167013317 0.787993992830329
131  -0.0737595642348713  1.38129118151361
132  0.884294311925698  1.40972848607229
133   1.84090849062311  1.45225297107988
134   2.79525843993263  1.52200870709304
135   3.75827585736056   1.5587486639958
136   4.71636204995398  1.64956981731622
137   5.65924323463309  1.88756126437479
138   6.64019294769576  2.23971511381915
139   7.66530547180098  2.54914997923197
140   8.75332977113443  2.57743760567194
141   9.66882645848315  1.98254652572674
142   9.99105934931874  1.35819527000236
143   9.94252140274351 0.659533081698681
144   9.57421173002124 0.0640729302118969
145   9.07783427340363 -0.426076280986957
146   9.18833864352825 -1.13412171013223
147   9.10357318064998 -1.35353487428098
148   8.89363451240652 -1.54259914802831
149   8.63384596693474 -1.70536945372448
150   8.34719554180571 -1.82247034424216
151    8.0525947759888 -1.89487733600031
152   7.76391793834624 -1.92926364895903
153   7.49034214196101 -1.93411724833719
154   7.23801032451142 -1.91835137186403
155    7.0127436748286 -1.89078889404096
156   6.81257020494666 -1.85844773390341
157   6.62399211377716 -1.82377011080759
158    6.4428270623994 -1.78821040203706
159   6.26714637719562 -1.75277615383624
160   6.09574545802328 -1.71821219643934
161   5.92776094520375 -1.68510017802053
162    5.7625029867569 -1.65390253261479
163   5.59937654819672 -1.62498378306323
164    5.4378461610047 -1.59862330259537
165   5.27742252849036 -1.57502492905943
166   5.11765989801056 -1.55432521535554
167   4.95815823839432 -1.53660074631378
168   4.79856687295679 -1.52187456706515
169   4.63858761965032 -1.51012177260908
170   4.47797632943125 -1.50127442771907
171   4.31654230086516 -1.49522608508105
172   4.15414550848706 -1.49183619064855
173   3.99069194281499 -1.49093460374778
174   3.82612760666666 -1.49232634367286
175    3.6604318255039 -1.49579654643026
176   3.49361050866193 -1.50111551286475
177   3.32568987272828 -1.50804367419838
178   3.15671095859488 -1.51633629498559
179   2.98672509243227 -1.52574776406957
180   2.81579029523115 -1.53603537322509
181   2.64396855077145 -1.54696253486488
182   2.47132379512338 -1.55830143439353
183    2.2979204799912 -1.56983514533339
184   2.12382257358728 -1.58135925613537
185   1.94909288490506  -1.5926830686216
186   1.77379262258579 -1.60363043189723
187   1.59798112359208 -1.61404027474807
188   1.42171570727976 -1.62376689594916
189   1.24505162607695 -1.63268006692185
190   1.06804209435295 -1.64066499564414
191  0.890738382587874 -1.64762219502856
192   0.71318996650971 -1.65346729323012
193  0.535444723060583 -1.65813081761762
194  0.357549168422709 -1.66155797869629
195  0.179548736506402 -1.66370847542799
196  0.00148809616858478 -1.66455633916469
197  -0.176588499336264 -1.66408982934529
198  -0.354636844145489 -1.66231138965317
199  -0.532612411387265 -1.65923766830909
200  -0.710470003231563 -1.65489960089146
201  -0.888163433001192 -1.64934254907858
202  -1.06564524593354 -1.64262648432635
203  -1.24286648034195 -1.63482620156088
204   -1.4197764706286 -1.62603154392329
205  -1.59632269640062  -1.6163476149969
206  -1.77245068460514 -1.60589494977394
207  -1.94810397265553 -1.59480961019437
208  -2.12322414153428 -1.58324316565276
209  -2.29775093153776 -1.57136251343341
210  -2.47162246151908 -1.55934948858313
211  -2.64477558559257 -1.54740020749111
212  -2.81714643905858 -1.53572408503263
213  -2.98867124711473 -1.52454246262553
214  -3.15928749427499 -1.51408678554272
215  -3.32893557634593 -1.50459627443989
216  -3.49756107473062 -1.49631505079422
217  -3.66511779564404 -1.48948870121749
218  -3.83157169233354 -1.48436030265031
219  -3.99690572357833 -1.48116597766341
220  -4.16112558825278 -1.48013010005224
221  -4.32426611814322 -1.48146031318412
222  -4.48639793394146 -1.48534254014655
223  -4.64763381636991 -1.49193613941573
224  -4.80813416795315 -1.50136928538734
225  -4.96811098349575 -1.51373453918574
226  -5.12782992848099 -1.52908444950134
227  -5.28761044325131 -1.54742692484958
228  -5.44782424470597 -1.56872008289657
229  -5.60889321738511 -1.59286632093596
230    -5.771288588556  -1.6197054285999
231  -5.93553475259963 -1.64900656381772
232  -6.10222374990842 -1.68045857487116
233  -6.27205142500029  -1.7136569093081
234  -6.44589628339957 -1.74808194685358
235  -6.62498426431068 -1.78305525223238
236   -6.8112520373485 -1.81764190960669
237  -7.00857081950841 -1.85045451708939
238  -7.22997280661614 -1.87928635910216
239  -7.47977669146298 -1.89748861156374
240  -7.75166396029917 -1.89604467199195
241    -8.039559755766 -1.86592941877643
242  -8.33455373748102 -1.79849245118504
243  -8.62302297032006 -1.68682987050108
244   -8.8858490888272 -1.52958562029161
245   -9.0947038245803 -1.35027419245313
246  -9.18474469137827 -1.13426529367171
247  -9.09387175722753 -0.423696077490277
248   -9.6085415144745 0.0479903361284403
249  -10.0025968264962 0.627134360765212
250  -10.0848980093902  1.32239433738606
251  -9.78648959636633  1.95786102616715
252  -8.89992928443248  2.59363502284809
253  -7.81152587115689  2.58973046643534
254  -6.78365598846714  2.28543845869848
255   -5.8035733185903  1.92419081479659
256  -4.86162029396028  1.67064251520427
257  -3.90340980443662  1.56628674452164
258  -2.93838329162143  1.52740153438649
259  -1.98316917532435  1.45943556939435
260  -1.02747761343763  1.38322064478637
