// Id               X                Y
  1  -0.107348393920935  3.08027614678805
  2  0.844010816835394  3.03595298832405
  3   1.88911616558986  2.87131693685701
  4     2.870174525039  2.68859239340072
  5   3.81579994846464  2.56335888765583
  6    4.7526380496409  2.47436569812795
  7   5.68258880872375  2.40438853299061
  8   6.60387734823228  2.31458151802285
  9   7.50727972187998  2.13886673817673
 10   8.35001493344939  1.78057730639477
 11   9.02643384478915  1.15605074731488
 12   9.21124490182474  0.67217647298298
 13   9.18357249911695 0.159976275225906
 14   8.91359402424506 -0.259857731292053
 15   8.46128354960667 -0.455535055072615
 16   7.72775620294923 -0.212092849259473
 17   7.55190842960841 -0.140866609880865
 18    7.4341321323569 -0.0929819417263543
 19     7.323942630062 -0.048086903852207
 20   7.21499194854662 -0.00346545550692887
 21    7.1038720613882 0.042543242677148
 22   6.98664281189448  0.09201794496135
 23   6.86275215518045 0.145830518091078
 24   6.73334968282851   0.2041974148864
 25   6.59990652501643 0.267087354703336
 26   6.46369697511158 0.334330128583276
 27   6.32566549680137 0.405641563339038
 28   6.18643875557079 0.480644807994451
 29   6.04638420109559 0.558899483946225
 30   5.90567605973461 0.639932397926725
 31   5.76435430188274 0.723263560144507
 32   5.62237227966211 0.808424860187457
 33   5.47963278735101 0.894971498508381
 34   5.33601386244017 0.982487574649716
 35    5.1913861746932  1.07058754963941
 36   5.04562392605357   1.1589151234674
 37   4.89861104107814  1.24714071849336
 38   4.75024417022449  1.33495840073391
 39   4.60043371738695  1.42208277047664
 40   4.44910378407555  1.50824612766057
 41   4.29619163027815  1.59319605991845
 42   4.14164701048241  1.67669349808158
 43   3.98543156579492  1.75851121983555
 44   3.82751833800615  1.83843274600795
 45   3.66789140390012  1.91625155937458
 46   3.50654559456122  1.99177057616904
 47   3.34348625742763  2.06480180633899
 48   3.17872902621676   2.1351661491831
 49   3.01229957065055  2.20269328290079
 50   2.84423330876513  2.26722162006521
 51   2.67457507548069  2.32859830467029
 52   2.50337874741047  2.38667924132039
 53   2.33070682262498  2.44132914148477
 54   2.15662996607275  2.49242159033477
 55   1.98122652060636  2.53983911511872
 56   1.80458199292721  2.58347327503303
 57   1.62678851382052  2.62322473738667
 58   1.44794428448948  2.65900338162654
 59    1.2681529972666  2.69072837120382
 60   1.08752325199506  2.71832826460521
 61  0.906167949247427  2.74174106970973
 62  0.724203681479501   2.7609143540964
 63    0.5417501098291  2.77580527101013
 64  0.358929342446184  2.78638066003348
 65  0.175865303055988  2.79261703967613
 66  -0.00731689133978098  2.79450069117609
 67  -0.190491560623529  2.79202761889821
 68  -0.373533086113513  2.78520361192739
 69  -0.556316534143707  2.77404417750872
 70  -0.738718287000675  2.75857457457525
 71  -0.920616665058581  2.73882972584308
 72  -1.10189255633388  2.71485421848292
 73  -1.28243003762463  2.68670220014853
 74   -1.4621169933483  2.65443734659338
 75   -1.6408457204185  2.61813274950173
 76   -1.8185135312556  2.57787085677751
 77   -1.9950233303497  2.53374336141543
 78  -2.17028418874395  2.48585112657315
 79   -2.3442118928995  2.43430408235484
 80  -2.51672947610004  2.37922115004687
 81  -2.68776772871292  2.32073015455429
 82  -2.85726568053198  2.25896775861747
 83  -3.02517104676991  2.19407940166349
 84  -3.19144064348398  2.12621925788983
 85  -3.35604075408583  2.05555021384924
 86  -3.51894744959276  1.98224387882686
 87  -3.68014686804307  1.90648063493039
 88  -3.83963545112056  1.82844975334347
 89  -3.99742015691332  1.74834960387241
 90   -4.1535186828171  1.66638799591592
 91  -4.30795972878402  1.58278270741005
 92  -4.46078334611714   1.4977622675611
 93  -4.61204141879337   1.4115670634151
 94  -4.76179828590599  1.32445084731867
 95  -4.91013145004458  1.23668271159672
 96  -5.05713221115542  1.14854956122413
 97  -5.20290588774914  1.06035905681641
 98  -5.34757104105705 0.972442903825855
 99  -5.49125682126393 0.885160208357707
100  -5.63409722563734 0.798900391667932
101  -5.77622072759131 0.714084844457392
102  -5.91773345023034 0.631166114164601
103  -6.05869387335837 0.550623007495721
104  -6.19907706657646 0.472949706534942
105  -6.33872683194427 0.398637149939718
106  -6.47729542670677 0.328146042580432
107  -6.61417404607955 0.261873528703724
108  -6.74842643045497 0.200119626316594
109   -6.8787615664447 0.143061299159796
110  -7.00364119131328 0.0907279212628316
111  -7.12176748313613 0.0429075520476106
112  -7.23347790141435 -0.00123142009556079
113  -7.34269448684454 -0.0437323275332508
114  -7.45319473069235 -0.0863552105277516
115    -7.571075432736 -0.131589606224846
116  -7.74782897456536 -0.198951850085239
117  -8.48586725653223 -0.423749453482484
118  -8.93153212518374 -0.214916816457166
119  -9.18761028514918 0.212956646065165
120  -9.19922180059816 0.725865235510284
121  -9.00047383764334  1.20455968994232
122  -8.30936270505667  1.81311146961504
123  -7.46031490153893   2.1563012897888
124  -6.55561715347305  2.31864870904635
125  -5.63658446193394  2.39617694962064
126  -4.71389060390991  2.45523751415348
127  -3.79272217032484  2.53490767842651
128  -2.88015426495551  2.65575640286643
129  -1.97840295990075  2.83328261307728
130  -1.04036358479158  2.95763219462051
131  0.246550115226756  3.54065628614405
132   1.19392574368411  3.50461373146829
133   2.11595920110584  3.41071990999587
134   3.02809522421722  3.28740044810313
135   3.94481917357785  3.17206985330212
136   4.87134004808614  3.08424805501195
137   5.80870788978056  3.01224905430984
138   6.75940392635217  2.91428754237878
139   7.75890082779785  2.70495496862945
140   8.71366949220683  2.26767214434042
141   9.44198691103262  1.51612361775232
142   9.68137686968974 0.888484423637847
143   9.69188171362393 0.208546452652145
144   9.46560428832348 -0.441778438112805
145    9.0535721033062 -0.987799835050931
146   8.59831365697443 -1.36052068179983
147   8.36151269967356 -1.48518581342584
148   8.06188396274007   -1.589935094042
149   7.75769396298043 -1.64729349897328
150   7.45713198044873   -1.663041265452
151   7.16580750079594   -1.644273852568
152   6.89079051376215 -1.59912914316707
153   6.63516738083204 -1.53570291248853
154   6.39854094489331 -1.46040742449271
155   6.17870643912899 -1.37762853019324
156   5.97291073170486 -1.29012374535329
157    5.7785531985991 -1.19958342562335
158   5.59345982735414 -1.10708121715371
159   5.41591720521598 -1.01336026129437
160   5.24460609223319 -0.918991182459832
161   5.07851059520448 -0.824450422316967
162   4.91683529620892 -0.730155093265403
163   4.75894010595305 -0.636476474850377
164    4.6042930190676 -0.543744394025851
165   4.45243773093554 -0.452248767019553
166   4.30297251217124 -0.362241199379739
167   4.15553711125692 -0.273937667970803
168    4.0098050661716 -0.187522335398296
169   3.86547942599023 -0.103152096519768
170   3.72229042631814 -0.0209613446414649
171   3.57999413672783 0.0589334975171042
172   3.43837147244321 0.136429964363686
173   3.29722726846609 0.211436227125858
174   3.15638922259382 0.283868421738631
175   3.01570674985836 0.353648740716008
176   2.87504961710707 0.420703851701459
177   2.73430673958283 0.484964188605656
178   2.59338457860902 0.546362781601729
179   2.45220622266695 0.604835807680725
180   2.31070944433904 0.660320771536565
181   2.16884658179825 0.712759131658666
182    2.0265817623956 0.762091999990773
183   1.88389228371753 0.808267005786673
184   1.74076419306883 0.851228218229066
185   1.59719604459367 0.890931324919242
186   1.45319183256125 0.927322508819789
187   1.30876801941926 0.960368093968812
188   1.16394306746486 0.990015301650948
189   1.01874806631406  1.01624385289623
190  0.873213076282222  1.03900107669047
191   0.72738043899993  1.05828225841183
192  0.581289550057333  1.07403475206277
193   0.43499049670168  1.08627015329062
194  0.288530080489568  1.09493727507839
195  0.141962492032341  1.10006283555873
196  -0.00466015892219941  1.10160020968282
197  -0.151283225272456  1.09958820249542
198  -0.29785199695859  1.09398890855434
199  -0.444314652610482  1.08484909509546
200  -0.590617237651326  1.07214361886953
201  -0.736713354608132  1.05592319958048
202  -0.882553454522317  1.03617822422537
203  -1.02809860384925  1.01296057115435
204  -1.17330726212416 0.986277010936346
205  -1.31814992448239 0.956179472302508
206  -1.46259653151054 0.922690084141145
207  -1.60662934619896 0.885861130614962
208  -1.75023315186975 0.845727782174026
209  -1.89340492121204 0.802343688258218
210  -2.03614754024529 0.755754298718598
211  -2.17847623240792 0.706015671301287
212  -2.32041532340462 0.653181059148608
213  -2.46200228064563  0.59730970924345
214  -2.60328662268511  0.53846092175198
215  -2.74433248874373 0.476697753712166
216  -2.88521894365628 0.412084804423874
217  -3.02604180608263 0.344689818356727
218  -3.16691465706001  0.27458331744612
219  -3.30797043818808 0.201839710372544
220  -3.44936267076291 0.126538114615473
221  -3.59126680961274 0.0487639809753478
222   -3.7338814010474 -0.0313889026293784
223  -3.87742907276152 -0.113815612824215
224  -4.02215733439787 -0.198396583316872
225  -4.16833937359401 -0.284993364673132
226  -4.31627508617117 -0.373443789767043
227  -4.46629289301288 -0.463556820697527
228  -4.61875331059116 -0.55510755329913
229  -4.77405570525653 -0.647832926120815
230  -4.93265020012703 -0.741428586877282
231  -5.09505736242798 -0.835546952589748
232  -5.26189896769472 -0.929795588110147
233  -5.43394363294059 -1.02373322932445
234  -5.61217080218542 -1.11685754824575
235  -5.79785387629528 -1.20857301717425
236  -5.99265457116397 -1.29811756481672
237  -6.19869907486984 -1.38441243539277
238  -6.41856293425857 -1.46578544893531
239  -6.65502342575639 -1.53952526955977
240  -6.91037811484727 -1.60130648221307
241  -7.18516797961795 -1.64474753669406
242   -7.4764086580324 -1.66169676404621
243  -7.77683927929909 -1.64388636820815
244  -8.08033072809065 -1.58416983044821
245  -8.37889911302365 -1.47664861666502
246  -8.61633721587204 -1.34805682060217
247  -9.09326636618934 -0.937290129668324
248  -9.48753945242181 -0.377017333798755
249   -9.6923684224628  0.28146168690912
250  -9.65979153305575 0.961390336204444
251  -9.40134504285002  1.58191904508683
252  -8.65255060465324  2.31481737539696
253  -7.68820050899395   2.7322741864532
254   -6.6756037406516  2.92633158565431
255  -5.71233044665433  3.01211546833322
256  -4.76075967722935  3.07476051977828
257  -3.81258585652867  3.15654585417303
258  -2.85013010137201  3.27051719287047
259  -1.81696421442487  3.40135244691412
260  -0.776254140884017  3.50111372562259
