// Id               X                Y
  1  -0.0960439525059397  5.04384954404086
  2  0.993323992305117  5.05196173535922
  3   2.07870029972531  4.96826262392586
  4   3.14004641779109  4.80742852075747
  5   4.19078561085702  4.52942919899168
  6   5.13399359167846   4.0941959462031
  7   5.98761726462132  3.49046887375869
  8   6.79145695051303  2.97122606011973
  9   7.63554746874495  2.53977136378159
 10   8.49766491410765  2.14538806890918
 11   9.29770716725947  1.64786671673574
 12   9.63193093051612  1.23693731063571
 13   9.79321525232126 0.731734086893854
 14   9.68596035779892 0.217051689959425
 15   9.31071925859115 -0.133974293624853
 16   8.82616680269934 -0.203850732532552
 17   8.61576186813119 -0.169256923774081
 18   8.54808101940218 -0.15062211282978
 19   8.48439656900787 -0.129665201913256
 20   8.41146008668754 -0.101422685516473
 21   8.32842418172418 -0.0636552566888289
 22   8.23736952915033 -0.0150709867675865
 23   8.14062987124504 0.0451425457513952
 24   8.04029827972547 0.117476647167034
 25   7.93810267611879 0.202147828486855
 26   7.83538072361513 0.299158723417028
 27   7.73308060906911 0.408352213796183
 28   7.63177165818878 0.529457925762089
 29   7.53165665250687  0.66212726200042
 30   7.43258348848992 0.805955816231909
 31   7.33405650240357  0.96049235820718
 32   7.23524948701283  1.12523366618822
 33   7.13502361377317  1.29960466799845
 34   7.03195450386675  1.48292399818386
 35   6.92437361824577  1.67435640228026
 36   6.81042973876292  1.87285558354585
 37   6.68817605745997  2.07710421192479
 38   6.55568639544172  2.28546187837624
 39   6.41119915704496  2.49593630495408
 40   6.25327882530955  2.70619650735056
 41   6.08097289877845  2.91364534073626
 42   5.89393191665407  3.11555827457211
 43   5.69246014266572  3.30927422872861
 44   5.47748015241172   3.4924015047092
 45   5.25042013941003  3.66299262163945
 46   5.01305371134616  3.81965351715941
 47   4.76732831027515  3.96157642908494
 48   4.51521136270765  4.08850720522793
 49   4.25857032893781  4.20066871049735
 50   3.99909086014477  4.29866281810102
 51   3.73822956900957  4.38336858209077
 52   3.47719450739053  4.45584784054316
 53   3.21694586852338  4.51726408936201
 54   2.95821023193187  4.56881669893766
 55   2.70150293374912  4.61169024147196
 56   2.44715444008812  4.64701743942743
 57   2.19533775851724  4.67585366679976
 58   1.94609488994249  4.69916077462651
 59   1.69936109320252   4.7177980989085
 60   1.45498632012951  4.73251873062285
 61   1.21275360262307  4.74396940982365
 62  0.972394463445074  4.75269270117477
 63  0.733601608245731  4.75913038753211
 64  0.496039265348808  4.76362726581468
 65  0.259351596042894  4.76643473938407
 66  0.0231696210738983  4.76771377400216
 67  -0.212882886331289  4.76753692481663
 68  -0.449184093515756  4.76588925687637
 69  -0.686108943576945  4.76266807991395
 70  -0.924023688857156  4.75768150875612
 71  -1.16327967470924   4.7506459532393
 72  -1.40420591881356  4.74118274545362
 73   -1.6471000269732  4.72881423679184
 74  -1.89221699257962   4.7129598511849
 75  -2.13975545611312  4.69293277105774
 76  -2.38984107000357  4.66793816307574
 77  -2.64250674472298  4.63707412099995
 78  -2.89766977058728  4.59933680475542
 79  -3.15510614647153  4.55363156892478
 80  -3.41442293300554  4.49879216547237
 81   -3.6750301136674  4.43361031783143
 82  -3.93611431686335  4.35687800810413
 83  -4.19661783887639   4.2674445589544
 84  -4.45522770070672   4.1642898125646
 85  -4.71038089671731  4.04661308229181
 86  -4.96029330538647  3.91393462606883
 87  -5.20302030902346  3.76620171713724
 88  -5.43655576711123  3.60388498308837
 89  -5.65897083568226  3.42804389304058
 90  -5.86858392905453   3.2403365857263
 91  -6.06413903973689  3.04295384797554
 92  -6.24495696299559  2.83847386885561
 93  -6.41102135985246  2.62966049859219
 94  -6.56297566328788   2.4192500199882
 95  -6.70203378519161  2.20977422301471
 96  -6.82983225115735  2.00344877406557
 97   -6.9482603846805  1.80213003433687
 98  -7.05929855851002  1.60732577476661
 99  -7.16488154687997  1.42023944678055
100  -7.26679253958669  1.24182956215766
101  -7.36658618009998  1.07287042007511
102  -7.46553558757129  0.91400519654979
103  -7.56459735888603 0.765786321228986
104  -7.66438884712692 0.628700930459014
105  -7.76517281694605 0.503181069406511
106  -7.86684552564127 0.389599341352254
107  -7.96892538533461 0.288251037205894
108  -8.07054100687371 0.199323721835463
109  -8.17042036337373 0.122855378233077
110  -8.26688823002726 0.0586833176139409
111  -8.35789037134602 0.00638838300462914
112  -8.44110107253288 -0.0347648479153977
113  -8.51440023072806 -0.0659543379125671
114  -8.57854621732748 -0.0894853889193083
115  -8.64688648400664 -0.110795277997454
116  -8.85687138111629 -0.152990491062852
117  -9.34417470022598 -0.10248854113739
118  -9.73434628814044 0.231990154181921
119  -9.86249336804016 0.741529536825912
120  -9.71819177053346  1.25134302029365
121   -9.3938064329777  1.66937494688419
122  -8.59758672371251  2.17363457721573
123  -7.72502710086122   2.5626073314611
124  -6.86393346938524  2.97997456044785
125  -6.04918878404044  3.48349844913338
126  -5.21987318112738  4.06572797759173
127  -4.37966745172625   4.5051267821759
128  -3.34099188732841  4.78966650523228
129  -2.29204887329681  4.95155178451037
130  -1.19402931661168  4.98574993418893
131  -0.0460993809218973   5.6279192818281
132   1.04753897685018  5.63365417748865
133   2.13781089382182  5.55000149445975
134   3.21965069759708  5.38632014314909
135   4.27840197780866  5.10642356531806
136   5.28140084502128  4.65913984473181
137   6.19569341124823  4.04690245133083
138   7.13172578159473  3.47062520541074
139   8.09528971116763  2.94307271339858
140   9.05596859520952  2.40352098291448
141   9.89181766736438  1.67532595867807
142   10.1830809510719  1.02191528809199
143     10.17557323486 0.306494825294462
144   9.84780472550644 -0.328489167281934
145   9.36286789587235 -0.848718058775663
146   9.20049853979721 -1.56735704140003
147   8.99787404166895  -1.7517908087801
148   8.71463018682193 -1.80936741751671
149   8.42688136183791 -1.80473381728432
150   8.14796954354212 -1.75831132091454
151   7.88185166133877 -1.68112981035508
152   7.62978260842842 -1.57918921518129
153   7.39222206739278  -1.4565945066513
154   7.16931105829169 -1.31652618283147
155    6.9610047300142 -1.16165821597939
156   6.76708771758513  -0.9943796213343
157   6.58715173436173 -0.816909229553808
158   6.42056990388642 -0.631346980719323
159   6.26648179461428 -0.439690009306103
160   6.12379343168035 -0.243831988904713
161   5.99119244663674 -0.0455571058898906
162   5.86717703976875 0.153464974702818
163   5.75009697814557 0.351680394009295
164   5.63820459913591 0.547648676170471
165   5.52971325500931 0.740038944580335
166    5.4228595299495 0.927628884840968
167   5.31596383492378  1.10931127547213
168   5.20748208429173  1.28411163484702
169   5.09604038224525  1.45121624661399
170   4.98044712784289  1.61000254413574
171   4.85968425601395  1.76005652669346
172   4.73288940387497  1.90116114159345
173   4.59934632602067  2.03325097951118
174    4.4584948250285  2.15634775731134
175   4.30995653497995  2.27050297824355
176   4.15356090061756  2.37576867108406
177   3.98935499909065  2.47220022452088
178   3.81758941334288  2.55988064233018
179   3.63868276116057  2.63895049562763
180   3.45317396820222  2.70963112633558
181   3.26167249830395   2.7722352167164
182   3.06481423510942  2.82716454245368
183   2.86322705126298  2.87489791986946
184   2.65750700003362  2.91597326989878
185   2.44820411356119  2.95096727517927
186   2.23581589477064  2.98047513998663
187   2.02078640839828  3.00509198213414
188   1.80350908450019  3.02539660851802
189   1.58433171502115  3.04193789560676
190   1.36356251572178  3.05522367832585
191   1.14147647615839  3.06571188841031
192  0.918321505641121  3.07380362279805
193   0.69432410158166  3.07983782275479
194  0.469694426743275  3.08408727689909
195  0.244630795051108  3.08675570850074
196  0.0193236428905887  3.08797575937331
197  -0.206040886499825  3.08780773445552
198  -0.431277586812293  3.08623902099567
199  -0.656198885552247   3.0831841441584
200  -0.880611414724143   3.0784854678618
201  -1.10431228332314  3.07191459710948
202  -1.32708489985982  3.06317458733672
203  -1.54869422981429   3.0519031181352
204  -1.76888143183195  3.03767684275129
205  -1.98735790588248  3.02001717831859
206  -2.20379891715565   2.9983978483988
207  -2.41783714357121  2.97225451643033
208  -2.62905674463782  2.94099683430418
209  -2.83698887246813  2.90402314019329
210   -3.0411099357962  2.86073782497584
211  -3.24084434903617  2.81057098588661
212  -3.43557386060449  2.75299933988104
213  -3.62465568121167  2.68756645713301
214  -3.80745123385673  2.61389929145814
215  -3.98336603863715  2.53171705841247
216  -4.15189869307233  2.44082843049506
217  -4.31269319576359  2.34111480072699
218     -4.46558504352  2.23250189516035
219  -4.61062993190001  2.11492893219983
220  -4.74810726555181  1.98833093161933
221  -4.87849991531662  1.85265025107471
222  -5.00246324513465  1.70788320125057
223  -5.12080252174776  1.55414876827564
224  -5.23447142140831  1.39175156946384
225  -5.34458803656868  1.22121402258689
226  -5.45245148240022   1.0432717911213
227  -5.55954189199551 0.858845260737483
228  -5.66749627111982 0.669005626188173
229  -5.77806292710102 0.474948734542788
230  -5.89304249133345 0.277981167353014
231  -6.01422412582971 0.0795166582811336
232  -6.14332376063444 -0.11892185159494
233  -6.28192911982549 -0.315699260825349
234  -6.43145475897122 -0.509067664780979
235  -6.59310949739779 -0.697168888583372
236  -6.76787823636612 -0.878038133387826
237  -6.95651971514417 -1.04960291842627
238  -7.15958041250933 -1.20966633160074
239  -7.37742095734153 -1.35585628025758
240  -7.61024218593566 -1.48551225328728
241  -7.85807861012995 -1.59546521001921
242  -8.12068696386001 -1.68161693356743
243  -8.39712365797216  -1.7379470537144
244  -8.68393530052716 -1.75329975232486
245  -8.96856438491848 -1.70670921699187
246  -9.17762137771903 -1.53051257772515
247  -9.36735172385574 -0.818751510452886
248  -9.87334120557072 -0.319369635718549
249  -10.2271767806651 0.301198767492027
250  -10.2622499021245  1.01557410114276
251     -9.99186530084  1.67765261710932
252  -9.16428741050188  2.41506517010566
253  -8.20146616181844  2.94832782436588
254  -7.23279038854172  3.46130464297248
255  -6.29251246115953  4.02554989597776
256  -5.37668870398117  4.63207918059214
257  -4.37685129501948  5.09092148583678
258  -3.31711028934722  5.37487161883977
259  -2.23284354285018  5.53280506896832
260  -1.13997446705402  5.57195912349289
