// Id               X                Y
  1  -0.13081629049961  2.90299197170853
  2  0.934806798341251  2.87869185503346
  3    2.0084865545245  2.67231813729349
  4   3.01056314631743  2.40878099774746
  5   3.95634029526009  2.21182029195095
  6   4.89416722655127  2.05698613536987
  7   5.82802877690984  1.93861999552186
  8   6.75477849253478    1.833520773075
  9   7.66934412576665  1.69628714024552
 10   8.54767446817984  1.44442520525437
 11   9.34413072496023 0.995196761914608
 12   9.67870085100339 0.606173954939297
 13    9.8651621666327 0.113076147952859
 14   9.79164975201587 -0.427586264358618
 15    9.4203245068748 -0.796154609478253
 16   8.67578899609313 -0.754823080595152
 17   8.34208424431568 -0.673216031025533
 18   8.25982495178757 -0.651163407409329
 19    8.1959727317588 -0.633498925026585
 20   8.13700268524356 -0.61669453597678
 21   8.07339689995318 -0.598041641974323
 22   8.00131778075589 -0.576121446184296
 23   7.91833496545503 -0.54977412792716
 24   7.82259037610493 -0.517707887111943
 25   7.71330122006279 -0.478680626895281
 26    7.5914225749616 -0.431817633491007
 27   7.45933237585139 -0.376799694276404
 28   7.31977437507786 -0.313785157791432
 29   7.17506701368808 -0.243252495145604
 30   7.02685690934159 -0.165870105909625
 31   6.87616843179477 -0.0823944754371307
 32   6.72354285609705 0.00640637292992371
 33   6.56918293739277 0.099800056646497
 34   6.41307584735592 0.197109473752202
 35   6.25508750082341 0.297712941322632
 36   6.09502877077543 0.401034372360917
 37   5.93269740184965 0.506531088705489
 38    5.7679010609707 0.613683659323849
 39    5.6004674338812 0.721989272608617
 40   5.43024672100007 0.830958347184174
 41   5.25711062753812 0.940113370011478
 42   5.08095046210709   1.0489889461277
 43   4.90167566477967  1.15713233744075
 44   4.71921318295619  1.26410408833396
 45   4.53350761175407  1.36947857073657
 46   4.34452181834306  1.47284441669103
 47    4.1522377550794  1.57380486757085
 48   3.95665723442717  1.67197808630885
 49   3.75780252541397  1.76699747492202
 50   3.55571670471738  1.85851202774714
 51   3.35046374520662  1.94618673787164
 52   3.14212835248269  2.02970306302944
 53   2.93081557185894  2.10875944853208
 54   2.71665019083336  2.18307189859968
 55   2.49977596041944  2.25237458344453
 56   2.28035465579647  2.31642046727078
 57   2.05856499410059  2.37498194160673
 58   1.83460142527105  2.42785144871505
 59    1.6086728106364  2.47484208089052
 60   1.38100100313949  2.51578814296361
 61   1.15181934252943  2.55054566704847
 62  0.921371078342914  2.57899287033693
 63  0.689907732984682  2.60103054843659
 64  0.457687416688853  2.61658239832041
 65  0.224973105621029  2.62559526637333
 66  -0.0079691060971822  2.62803931829004
 67  -0.240871770058686  2.62390812871682
 68  -0.473467852844543  2.61321868956794
 69  -0.705492500971051  2.59601133692088
 70  -0.936684791604934  2.57234959734376
 71  -1.16678945902858  2.54231995547296
 72  -1.39555858659827    2.506031545678
 73  -1.62275325359391  2.46361577175887
 74  -1.84814512593892  2.41522585984379
 75  -2.07151797930837   2.3610363510101
 76  -2.29266914267725  2.30124254163352
 77   -2.5114108499072  2.23605988105329
 78   -2.7275714865123  2.16572333775716
 79   -2.9409967182052  2.09048674682618
 80  -3.15155048704497  2.01062215266201
 81  -3.35911585976085   1.9264191618154
 82  -3.56359571089461  1.83818432075195
 83   -3.7649132207774   1.7462405322983
 84  -3.96301216558357  1.65092652195419
 85  -4.15785697538989  1.55259636087768
 86   -4.3494325395149  1.45161904582659
 87  -4.53774375149106  1.34837812744515
 88  -4.72281481526708  1.24327136713854
 89  -4.90468838541866  1.13671039040274
 90  -5.08342468795823  1.02912029397456
 91  -5.25910085307501 0.920939162681037
 92  -5.43181075286339 0.812617473198437
 93  -5.60166561005216 0.704617428529537
 94  -5.76879542786944 0.597412407664427
 95  -5.93335076859471 0.491486950696496
 96  -6.09550349200943 0.387338008769679
 97  -6.25544378006917 0.285478448145512
 98  -6.41336933811866 0.186443733286784
 99  -6.56946148700573 0.0908019240066804
100  -6.72384240489764 -0.00083473176759422
101  -6.87650833079967 -0.0878011787873384
102  -7.02723522155073 -0.169381539741497
103  -7.17545672912139 -0.244831025828922
104   -7.3201220630012 -0.313425303977237
105  -7.45956223824915 -0.374538495540267
106  -7.59145230261967 -0.427745159775715
107  -7.71307851570634 -0.472947690716508
108  -7.82214220429718 -0.51052215509495
109  -7.91778412681104 -0.54137276512968
110  -8.00084025313138 -0.566734207624235
111  -8.07316230809204 -0.587851506825095
112  -8.13709617104755 -0.605846169371708
113  -8.19640457048512 -0.622028836827674
114  -8.26081183969717 -0.63909568175202
115  -8.34450534518009 -0.660544427598776
116  -8.67964542469228 -0.738686894929316
117  -9.42496937695072 -0.773273553436899
118  -9.79296049433622 -0.405091419876852
119   -9.8670956710872 0.129897282330829
120  -9.68416434768653 0.621720854362517
121  -9.35205316477524  1.01071988632799
122  -8.55586746667514  1.45655106194243
123  -7.67790603592173  1.69805210894073
124  -6.76725123193039  1.81849271281251
125  -5.84803827576656  1.90045622218104
126  -4.92841154912148  1.99373341020161
127   -4.0174286108132  2.12933423511444
128  -3.12755901130581  2.33697599392504
129  -2.25152362037406  2.60103212010725
130  -1.18102051080482  2.75409615450521
131  0.255662910519114  3.33619069800311
132   1.33237746178533  3.30111828121189
133   2.29325481834455  3.17491016554649
134   3.20238368661168  2.99670754549313
135    4.1134933360657  2.81420347094737
136   5.03584216053459  2.66213410325053
137   5.97210075355084  2.54282166639544
138   6.93025571276333  2.42783465139655
139   7.96018017276653   2.2447609658997
140   8.97209548016976  1.88848514450226
141   9.83417517956361  1.23867353738879
142   10.2001865986323  0.65237835419929
143   10.3579127469541 -0.0149834824652315
144    10.289371309255 -0.683057932464735
145   10.0237500963159 -1.29137417019196
146   9.58129329993585 -1.82541275341109
147   9.40944019482679 -1.95580062802582
148   9.17473337406738 -2.09046470062583
149   8.92285621117759 -2.19194811256332
150   8.66055204716022 -2.25949370756874
151   8.39499991660596 -2.29436847508831
152    8.1315645095376 -2.29976918454463
153   7.87423260695515 -2.27983521969314
154   7.62580834254645 -2.23908065095374
155   7.38786501848544 -2.18191236415229
156    7.1606778364024 -2.11215730131863
157   6.94347967147312 -2.03277659528639
158   6.73499499024781 -1.94589997116081
159   6.53389181381393 -1.85305001689605
160   6.33900105415931 -1.75537351102288
161   6.14936940131166 -1.65380537971436
162   5.96423522394476 -1.54916405307688
163   5.78298065355108 -1.44219782396633
164   5.60508448590145 -1.33360176452998
165   5.43008504731507 -1.22401966720744
166   5.25755494897602 -1.11404052667028
167   5.08708661890176 -1.00419523100577
168   4.91828627822916 -0.89495618564188
169   4.75077364587822 -0.786740438147109
170   4.58418481434642 -0.679915551122547
171   4.41817626679802 -0.574806943752351
172   4.25242869374949 -0.47170548109187
173   4.08664991829178 -0.370874446940991
174   3.92057672887925 -0.272555447954363
175   3.75397571454341 -0.176973123849428
176   3.58664332762998 -0.0843387385154964
177   3.41840541799695 0.00514718407337846
178   3.24911644283622 0.091292998882949
179   3.07865849672531 0.173914693560811
180   2.90694025002659 0.252835127942934
181   2.73389584036111 0.327883659470059
182   2.55948373340968  0.39889607675462
183   2.38368555337342 0.465714778585857
184   2.20650487634125 0.528189145502289
185   2.02796597807425 0.586176057741569
186    1.8481125287268 0.639540518427829
187   1.66700622914673 0.688156345175927
188   1.48472538576353 0.731906897296328
189   1.30136342331143 0.770685809607009
190   1.11702733663662     0.80439770751
191  0.931836084601785  0.83295888144873
192  0.745918930652734 0.856297902115721
193  0.559413735963353 0.874356160832343
194  0.372465212229593 0.887088322389832
195  0.185223142132714 0.894462680346293
196  -0.00215942376905613 0.896461407342766
197  -0.18952798443659 0.893080695458262
198  -0.376728410438302 0.884330783995239
199  -0.563608761033772 0.870235874400854
200  -0.750021086659417 0.850833934313744
201  -0.935823207530121 0.826176395010018
202  -1.12088045957859 0.796327748834009
203  -1.30506739965994 0.761365055566781
204  -1.48826946284688 0.721377369135385
205   -1.6703845657213 0.676465098624712
206   -1.8513246508165 0.626739320247761
207  -2.03101716877019 0.572321059782908
208  -2.20940649630645 0.513340568016007
209  -2.38645528988527  0.44993661493568
210  -2.56214577675842 0.382255831810819
211  -2.73648098723848 0.310452133813198
212  -2.90948593409568 0.234686259555392
213  -3.08120874674219 0.155125467946914
214  -3.25172176833809 0.071943437570561
215  -3.42112262148407 -0.014679579734452
216  -3.58953524014356 -0.104556289712149
217  -3.75711084842476 -0.197491494756565
218  -3.92402883730459 -0.29328074344974
219  -4.09049744626464 -0.391708365005306
220  -4.25675410048631 -0.492544734420328
221  -4.42306519645807 -0.595542598630437
222   -4.5897250931687 -0.700432316801516
223  -4.75705409178036 -0.806915964266803
224  -4.92539532615413 -0.914660454442291
225  -5.09511079198738 -1.02329015718083
226  -5.26657723820893 -1.13237988596359
227  -5.44018329157675   -1.241449445999
228  -5.61632985718292 -1.34996094113318
229  -5.79543633695994 -1.45731945842784
230  -5.97795533446563  -1.5628764003548
231  -6.16439809814394 -1.66593259298648
232  -6.35537167848683 -1.76573540554412
233   -6.5516256134748 -1.86146034707336
234  -6.75409846589432 -1.95216279793657
235  -6.96393860754667 -2.03668079410832
236  -7.18244470798106 -2.11347060153788
237  -7.41083668696275 -2.18037955095438
238  -7.64979923898727 -2.23443528629639
239   -7.8989626942343 -2.27183155077226
240  -8.15667297286253 -2.28822383933077
241  -8.42007402538453 -2.27919374988968
242  -8.68516681393688 -2.24071434581436
243  -8.94660358243856 -2.16970546493564
244  -9.19719145781469 -2.06504708181423
245   -9.4301707143253 -1.92767249481369
246   -9.6004491851834 -1.79549046689091
247  -10.0376420588026 -1.25758714513187
248  -10.2999845786739 -0.644168966566422
249  -10.3637943207427 0.026588177972818
250  -10.2007227643511 0.692961936295241
251  -9.82982837458144  1.27576344443602
252  -8.96198553116485  1.91621073955352
253  -7.94521269413182  2.25796271132703
254  -6.90839961848984  2.42176319788978
255   -5.9273169809844  2.51639192860709
256  -4.97181532843459  2.61441278793427
257   -4.0087581629315  2.74964491069506
258   -2.9712282310034  2.93136261837613
259  -1.91206276680617  3.11464423469417
260  -0.833577100900232  3.26068571147457
