// Id               X                Y
  1  -0.30707033280024  3.70813792289456
  2  0.768177071460231  3.70713305791799
  3   1.85891340190824   3.6679395651277
  4   2.95005918060053  3.58667618706861
  5   4.01261285175238  3.34659176386305
  6   5.00432944100385  2.97587194200612
  7   5.93663315876528  2.58779149964357
  8   6.89726545344376  2.30432541195273
  9   7.87922931176557  2.12468216534721
 10   8.81252781519295  1.93465812992364
 11   9.65587925698626  1.53422950948502
 12   9.98005042517218  1.12880313431542
 13   10.0938612655943 0.622292088262389
 14   9.91986668027396 0.134368401022402
 15   9.50204063150526 -0.162156643671028
 16   9.00310644073352 -0.190508988640852
 17   8.71239783664964 -0.124429218338685
 18   8.64249089489396 -0.101494841854914
 19   8.57879737677776 -0.0781805220430059
 20   8.50846843683534 -0.0497004269378113
 21   8.42911033311096 -0.0141452101482781
 22    8.3414860902541 0.0293636777513792
 23   8.24682297008829 0.0813625070866031
 24   8.14632809107749 0.142207743839448
 25   8.04106307673699 0.212077973578665
 26   7.93189889849974 0.290985759490731
 27   7.81948505146753 0.378793173930154
 28    7.7042236834879 0.475239483359444
 29   7.58623607329399 0.579986326460818
 30   7.46528682583581 0.692711756602556
 31   7.34048607614982 0.813431566113857
 32   7.20141078837644 0.951462895677603
 33   7.05599784483361  1.09746904763753
 34   6.90544592013716  1.24809025597923
 35   6.74913339435531  1.40166024830361
 36   6.58627435654969  1.55667712822441
 37   6.41614849922427  1.71165014434958
 38   6.23819769362424  1.86507711826827
 39   6.05208062661849  2.01546300492202
 40   5.85770306621118  2.16135755232503
 41   5.65522798809404   2.3014018094035
 42   5.44506722255067  2.43437620051888
 43   5.22785653822894  2.55924419969975
 44   5.00441709502295  2.67518686964413
 45   4.77570721214287  2.78162499487274
 46   4.54276905748824    2.878227186664
 47   4.30667500002686  2.96490400422638
 48   4.06847793511988  3.04178962327046
 49   3.82916896990079  3.10921370630251
 50   3.58964461900088  3.16766676568059
 51   3.35068434094452  3.21776243170419
 52   3.11293806279806  3.26019971305241
 53   2.87692245027147  3.29572770593016
 54   2.64302414726998  3.32511443688704
 55   2.41150801512821  3.34912076014317
 56   2.18252847594441  3.36847957661151
 57   1.95614231524633  3.38388015062157
 58   1.73232164254566  3.39595698027807
 59   1.51096608252438  3.40528250830632
 60   1.29191363911353  3.41236290778934
 61    1.0749500241891  3.41763620382318
 62  0.859816563142919  3.42147206379359
 63  0.646217060802283  3.42417267872188
 64   0.43382418832686  3.42597424769752
 65   0.22228597556153  3.42704865830051
 66  0.0112328332617205  3.42750502931482
 67  -0.199714766994673  3.42739085622272
 68  -0.410938139965616  3.42669258426793
 69  -0.622812152521425  3.42533553164233
 70  -0.835697338328562   3.4231831909106
 71  -1.04993265588766  3.42003603894055
 72   -1.2658289119595  3.41563007517862
 73  -1.48366255865799  3.40963538394144
 74  -1.70366934365958  3.40165508539908
 75  -1.92603723277618   3.3912251115227
 76  -2.15089813391421  3.37781532252803
 77  -2.37831817921734  3.36083256282141
 78  -2.60828661335854  3.33962633027397
 79  -2.84070365884134  3.31349777731989
 80  -3.07536807123144  3.28171274825052
 81  -3.31196544868085  3.24351945080705
 82  -3.55005869848927  3.19817112837847
 83   -3.7890823445412  3.14495371642969
 84  -4.02834251616148  3.08321792750701
 85  -4.26702440975037  3.01241454057691
 86  -4.50420868267885  2.93213094344237
 87  -4.73889758006695  2.84212630728257
 88  -4.97005062690869  2.74236230612724
 89  -5.19662853865014  2.63302617626143
 90  -5.41764278565965  2.51454324339485
 91  -5.63220720367746   2.3875768526346
 92  -5.83958737053186  2.25301484965437
 93  -6.03924329733894  2.11194323647268
 94  -6.23086133685934  1.96560917748607
 95   -6.4143720086582  1.81537697871166
 96   -6.5899514734348  1.66268187469992
 97  -6.75800525649807  1.50898745193598
 98  -6.91913264989834  1.35575377507416
 99  -7.07406655997191  1.20442672705974
100  -7.22356661491932  1.05647351474232
101  -7.36814578023877 0.913577166494995
102  -7.50050546310748 0.784823824102106
103  -7.62425349872334   0.6678148450947
104   -7.7441627566635 0.558827381013454
105  -7.86090989098467 0.457898662394987
106  -7.97458323282018 0.365325774653797
107  -8.08492389467724 0.281405331226247
108  -8.19139607657822 0.206348249993541
109  -8.29322320849342 0.140237668140153
110  -8.38942053198817 0.0830048236319009
111  -8.47884117658743 0.0344150605446779
112  -8.56028652009373 -0.00595430264362959
113  -8.63298620421461 -0.0388589949142654
114  -8.69927123647198 -0.0662963831823803
115  -8.77202658176098 -0.0936102225863878
116  -9.06301486789322 -0.174326286705207
117  -9.56347475855052 -0.175425716069045
118  -10.0012438133532 0.0892060369444497
119   -10.212483450322 0.559944182722572
120  -10.1366460517601  1.07002591064791
121  -9.83897480777686    1.490277760382
122  -9.01294388588879  1.91168569842212
123  -8.09929871676075  2.09898597015754
124  -7.17739778359383  2.25439629633712
125  -6.27827166135718  2.49727752625488
126  -5.41052614434574  2.84337782060416
127  -4.47403130127917  3.23060929383291
128   -3.4826397942428  3.49049747229945
129  -2.45457790725005  3.65097813642262
130  -1.37980428616407  3.66987517693762
131  -0.0560176440646354  4.24348044107625
132   1.02829983828836  4.23888157155785
133   2.11056284687546  4.20117044725309
134   3.18804546036955  4.12155129825599
135   4.23719729462464  3.88705460409885
136   5.24211452438366  3.51320015417006
137   6.23244100780953  3.10478594836679
138   7.25874382036171  2.79776404388102
139   8.31077413143181  2.56460323063086
140   9.35119593155629  2.23620042521302
141   10.2399347576255  1.58321698560211
142   10.5147351212872 0.927521075903602
143   10.4705033563125 0.217879949839598
144   10.1017958591211 -0.387772799213251
145   9.58965941415235 -0.871600069306373
146   9.47532186023555 -1.59412320581555
147   9.31984361053869 -1.79342144914044
148   9.06379826435313 -1.86664273021529
149    8.7985597198082 -1.88973203660223
150   8.53445707810191  -1.8763732276713
151   8.27576726220576 -1.83498988363639
152   8.02456040503831 -1.77033035572574
153    7.7820263571676 -1.68592272314928
154   7.54883453277203 -1.58470412265847
155    7.3252964697632  -1.4692279178704
156   7.11145642006642 -1.34178059466204
157   6.90714678590628 -1.20446622710132
158   6.71203136088755 -1.05927287189107
159   6.52566114024683 -0.908132050336935
160   6.34760180219947 -0.752986059606764
161   6.17790967555676 -0.595927995312485
162   6.02636922549357 -0.447861321879762
163   5.88180931798021 -0.302936097226477
164   5.74034704057322 -0.16020517734934
165   5.60024948180543 -0.0201836826320589
166   5.46017445222607 0.116462950130732
167   5.31899281571931 0.249042441851033
168   5.17575714509115 0.376872972261296
169   5.02970113403988 0.499304090360615
170   4.88024304488387  0.61573535398424
171   4.72698427679055 0.725635666412104
172   4.56969984908862 0.828562553867714
173   4.40832042901505 0.924179235989961
174    4.2429073570909  1.01226715162725
175   4.07362325966707  1.09273218016841
176   3.90070130622831   1.1656038036707
177   3.72441601629057  1.23102755265504
178    3.5450578962162  1.28925198396518
179   3.36291331184274  1.34061197663991
180   3.17825010753557  1.38551025895016
181   2.99130874170887  1.42439886731265
182   2.80229821375009  1.45776181862254
183   2.61139581629355  1.48609979124157
184   2.41874971239747  1.50991716361979
185   2.22448343786736  1.52971141314251
186   2.02870159464977  1.54596464839182
187   1.83149617673249  1.55913692435711
188   1.63295311807435  1.56966094790866
189   1.43315875041192  1.57793779406986
190   1.23220589594487  1.58433330106285
191   1.03019929460527  1.58917487969103
192  0.827259991773465  1.59274855307314
193  0.623528228759638  1.59529613306365
194  0.419164353921827  1.59701253677226
195  0.214347387566044  1.59804334165601
196  0.009271169951144  1.59848275273848
197  -0.195861553279428  1.59837218690932
198  -0.400846337101094  1.59769964966219
199  -0.605484494441513  1.59639999208902
200  -0.809589716520863  1.59435601805152
201  -1.01299294805182  1.59140030465809
202  -1.21554497197451  1.58731753955297
203  -1.41711659318989  1.58184718095125
204  -1.61759667341958  1.57468630176472
205  -1.81688846554125  1.56549256509992
206  -2.01490472740468  1.55388737317057
207  -2.21156203018558  1.53945932209546
208  -2.40677459144206  1.52176817587279
209  -2.60044791002363  1.50034964172081
210  -2.79247248226019  1.47472128167457
211  -2.98271794060188   1.4443899224088
212  -3.17102806995853   1.4088609109056
213  -3.35721730724613  1.36764948651935
214  -3.54106948871882   1.3202943773289
215   -3.7223397356183  1.26637346377383
216  -3.90076040461515  1.20552098693587
217  -4.07605191045221  1.13744534558034
218  -4.24793889801828   1.0619460993117
219  -4.41617167843241  0.97892848669658
220  -4.58055208903805 0.888413703494567
221  -4.74096210745761 0.790543466379988
222  -4.89739282775629 0.685578034351919
223  -5.04997100027539 0.573887784468332
224  -5.19898042037676 0.455939439165798
225  -5.34487611694898 0.332278843333034
226  -5.48829054888365 0.203512496976227
227  -5.63003291563965 0.0702895761563813
228  -5.77108576392444 -0.0667154801494693
229  -5.91261008236503 -0.206823685312873
230  -6.05599459739859 -0.349390545484866
231  -6.20311906795934 -0.49393701902712
232  -6.36463446545842 -0.646527421421398
233   -6.5384576761728 -0.80208924771997
234  -6.72065205414889 -0.955095309078707
235  -6.91134258360567 -1.10342991152627
236  -7.11097771434183 -1.24512475491933
237  -7.31998990328779 -1.37818864106412
238  -7.53868959288264 -1.50052408004334
239  -7.76720688849537 -1.60985165406297
240  -8.00543299038213 -1.70362161331654
241  -8.25293427379483 -1.77889429140695
242  -8.50880565513758 -1.83212609960842
243  -8.77135463017039 -1.85851918203844
244  -9.03691083182377 -1.84949333457995
245  -9.29604890412581 -1.79068069908243
246  -9.46166926804177 -1.60114734696039
247  -9.61750802624789 -0.887154657329224
248  -10.1600831277906 -0.437295403793847
249  -10.5673865645293  0.14364450455508
250  -10.6528100139524 0.850483117382688
251   -10.407583529485  1.51945760536323
252  -9.54943310634469  2.21426688190496
253  -8.50942323950585  2.55739381447263
254  -7.45133565275963   2.7991553346999
255  -6.40909904789177  3.08949894594658
256  -5.38778144559445  3.45200001625229
257  -4.36553235094282  3.82179291759492
258  -3.30619487677565  4.06818510564572
259  -2.22550640258481  4.19512984033819
260  -1.13966224452377  4.21120276099562
