// Id               X                Y
  1   -0.1128648165334  2.23655117750749
  2  0.875814972436198  2.19992805584387
  3   1.94273731001893  2.06556527623313
  4   2.99930286599133  1.97119139333768
  5   4.03594881001504  1.92621539745501
  6   5.01757913981521  1.90388226017136
  7   5.97076190180929  1.86941921859329
  8   6.90090651177832  1.77055001914486
  9   7.78673082469244  1.53097443456969
 10   8.56109237499261  1.07513874085975
 11   9.13044952961567 0.379907873413883
 12    9.2682624540643 -0.0997664238998745
 13   9.22024995178599 -0.620391628419082
 14    8.9096175078724 -1.07273126566896
 15   8.41805595835629  -1.2361811155828
 16   7.95027324786363 -1.06873513733579
 17   7.67596649900205 -0.884421885654097
 18   7.45932296588668 -0.708817702226097
 19   7.28061104224568 -0.556559202271256
 20   7.12814042621751 -0.428321576311772
 21   6.99372545623067 -0.319681434748212
 22   6.87125346696977 -0.225542473762491
 23   6.75614983058905 -0.141680259559869
 24   6.64501955200644 -0.064966634800454
 25   6.53536253131717 0.00680934382011897
 26   6.42535781617433 0.075176333753076
 27   6.31370696179866 0.141177721391858
 28   6.19952031506665 0.205519589502936
 29   6.08223086207221 0.268678359972398
 30   5.96152434353418 0.330978151823091
 31   5.83727897843425 0.392645330393285
 32   5.70951202691756 0.453845427597508
 33   5.57833297267477 0.514706316776308
 34   5.44390422316906 0.575330942487312
 35   5.30641018304317  0.63580260160017
 36   5.16603484442724  0.69618545027873
 37   5.02294720474551 0.756522453355843
 38   4.87729321869656 0.816832438460562
 39   4.72919271495398  0.87710737181051
 40   4.57873974755706 0.937310501216634
 41   4.42600510044444 0.997375648460897
 42   4.27103996930197  1.05720769172134
 43   4.11388014330148  1.11668413060592
 44   3.95455026546624  1.17565754333604
 45   3.79306792044082  1.23395871715713
 46   3.62944741192974  1.29140023253001
 47   3.46370316591474  1.34778029653732
 48   3.29585272630739  1.40288665023453
 49   3.12591932421421  1.45650040686392
 50   2.95393401938583  1.50839970710485
 51   2.77993740762528  1.55836311096092
 52   2.60398090245702  1.60617267012057
 53   2.42612760179481  1.65161664858304
 54   2.24645276568902  1.69449187691889
 55   2.06504392942332  1.73460574271909
 56   1.88200070228143  1.77177782844044
 57   1.69743428512669  1.80584122166653
 58   1.51146677037758  1.83664352566363
 59   1.32423026009623    1.864047607409
 60   1.13586586537016   1.8879321205958
 61  0.946522613947872  1.90819184533843
 62  0.756356319748622  1.92473788469295
 63  0.565528425561605  1.93749775725092
 64   0.37420485520585  1.94641542240546
 65  0.182554872496783  1.95145126855022
 66  -0.00925003781425093  1.95258209186793
 67  -0.201037277466067  1.94980108224495
 68  -0.392634233651167   1.9431178304976
 69  -0.583869378449433   1.9325583573526
 70  -0.774573382514591  1.91816516221693
 71  -0.964580240769537  1.89999727633343
 72  -1.15372842400468  1.87813030211391
 73  -1.34186203603648  1.85265641013727
 74  -1.52883198104455  1.82368426195134
 75  -1.71449710014756  1.79133882162321
 76  -1.89872526694019  1.75576101544968
 77  -2.08139438426618  1.71710719971131
 78  -2.26239325553594  1.67554839401416
 79  -2.44162226532755   1.6312692430778
 80  -2.61899383255414  1.58446667016859
 81  -2.79443257300501  1.53534819526298
 82  -2.96787513811878  1.48412989443372
 83  -3.13926968015659  1.43103399187717
 84   -3.3085749226733  1.37628608477924
 85  -3.47575881188276  1.32011202019457
 86  -3.64079674136627  1.26273446154706
 87  -3.80366934846617  1.20436920651801
 88   -3.9643598923001  1.14522134437014
 89  -4.12285122353229  1.08548137338997
 90  -4.27912237672505  1.02532142718095
 91  -4.43314482993303 0.964891790276092
 92  -4.58487851536481 0.904317907564524
 93  -4.73426774373561 0.843698100931567
 94  -4.88123731764784 0.783102199846953
 95  -5.02568928554944 0.722571251834332
 96  -5.16750103593166 0.662118384730625
 97   -5.3065257054523 0.601730736576375
 98  -5.44259615024026 0.541372120582145
 99  -5.57553392422849 0.480985737307565
100  -5.70516468260849 0.420495804657037
101  -5.83134111288392 0.359806480532684
102  -5.95397389272456 0.298795972596041
103  -6.07307041030811 0.237303354908517
104  -6.18878043005687 0.175105350775628
105  -6.30144804632161 0.111880060779208
106  -6.41167056106637 0.0471540256562319
107  -6.52036756503896 -0.0197722772863249
108  -6.62886737743429 -0.0899275919360114
109  -6.73902253161447 -0.164811008293366
110  -6.85336991794601 -0.246578377970047
111  -6.97535180246641 -0.33826057961137
112  -7.10960697137156 -0.443917539660211
113  -7.26233334818474 -0.568383807793312
114  -7.44181067163747 -0.715714046570535
115  -7.65974988589288 -0.884816518377189
116  -7.93553182164715 -1.06067639269898
117  -8.40715919340772 -1.21523614536551
118   -8.8934339041052 -1.03593479872652
119  -9.18792629701336 -0.570693123817553
120  -9.21568948713667 -0.0474350051098923
121  -9.06001011676761 0.427535954889897
122  -8.46884797651428  1.10510345153388
123  -7.68349517393934  1.54311118307668
124  -6.79335846660903  1.76808173329398
125  -5.86253649757148  1.85615619897235
126  -4.91224374278036  1.88274189946749
127  -3.94926230303252  1.89887021899688
128  -2.99100444639751  1.93583188755313
129  -2.04994479809275  2.01545418483018
130  -1.07667187212387  2.10826889090311
131  0.270080638439758  2.67134051635431
132   1.24810178097988  2.65856801637039
133   2.19250685038095  2.62143396360708
134   3.13300041012089  2.57795782326004
135    4.0943134892947  2.54465554059414
136    5.1202011108744  2.51570046018565
137   6.17393602057342  2.45529932149991
138   7.23667600627457  2.29258386063263
139   8.26616259152161  1.92771388083392
140   9.14782913751782  1.25590968659847
141   9.64442449427369 0.262610642200985
142   9.64275996691433 -0.457064553607015
143   9.37611137053364  -1.1195874938352
144   8.90117377233156  -1.6426930795639
145   8.29728233236841 -2.00083461592503
146   7.57609990640305 -2.21944182110584
147   7.40679743633957 -2.24364135662857
148    7.2357149987217 -2.25862840727236
149   7.06373856741155 -2.26460472682709
150   6.89147814404653  -2.2619124192128
151   6.71949027484294 -2.25098547769485
152   6.54834846318057 -2.23234989529691
153   6.37859445106571 -2.20661915564077
154    6.2106835044971 -2.17447091333007
155   6.04495488837828 -2.13661764360749
156   5.88162493621092 -2.09377585970923
157   5.72079405487744  -2.0466407118845
158   5.56246103168996 -1.99586820873586
159   5.40654146912688 -1.94206258186329
160   5.25288700935975 -1.88577122805086
161   5.10130409050128 -1.82748453110367
162   4.95157140716242 -1.76763843131715
163   4.80345442595208 -1.70662055216975
164   4.65671720911829 -1.64477669832532
165   4.51113140788505 -1.58241695388952
166   4.36648201193897 -1.51982220484811
167    4.2225710153162  -1.4572490301882
168    4.0792192922418 -1.39493344507039
169   3.93626679144267 -1.33309451379725
170   3.79357210208586 -1.27193663730366
171    3.6510115907589 -1.21165101811895
172   3.50847788141434 -1.15241758951468
173   3.36587863793678 -1.09440571503503
174   3.22313516591774 -1.03777510045699
175   3.08018118151543 -0.982676299487432
176   2.93696137689225 -0.929251913384267
177   2.79343088203574 -0.877635634454558
178   2.64955357515839 -0.827954623647033
179   2.50530215195252 -0.780327296862399
180   2.36065629354829 -0.734866848519047
181   2.21560352794224 -0.691676873239112
182   2.07013665879183 -0.650858183880368
183    1.9242559739731 -0.61249981611008
184   1.77796554187184 -0.576691167773497
185   1.63127681242065 -0.543506778114581
186   1.48420366426909 -0.513025748460381
187   1.33676748487781 -0.485307458710453
188   1.18899078376974 -0.460421665151078
189   1.04090357779641 -0.438412085289829
190  0.892535990135961 -0.419339329447434
191  0.743925123764985 -0.403231083309726
192  0.595107556091788 -0.390138684694477
193  0.446125619054359 -0.380073591048178
194   0.29702093523244 -0.373077070052727
195  0.147838863361998 -0.369144936687188
196  -0.00137568270537475 -0.368306923737972
197  -0.150576686573879 -0.370544351683849
198  -0.299718060680144 -0.375873830532818
199  -0.448755457903875 -0.384263650828616
200  -0.597643965974301 -0.395715820918732
201  -0.746342996877649 -0.410187220080345
202  -0.894811198047456 -0.427664105691222
203  -1.04301347367664 -0.448093350406808
204  -1.19091423155648 -0.471444954149192
205  -1.33848527290341 -0.49765649838737
206  -1.48569862266567 -0.526681915344331
207  -1.63253413832904 -0.558449621416804
208   -1.7789730101789 -0.592897827304045
209  -1.92500420066308 -0.629945488691888
210  -2.07061936478573 -0.669515654550622
211  -2.21581779488916 -0.711516792866656
212  -2.36060286265583 -0.755857366649561
213  -2.50498566487479 -0.802434274285906
214  -2.64898291758847 -0.851141259791147
215  -2.79261943373103 -0.901862568561028
216  -2.93592733613634 -0.954476976913023
217  -3.07894785567555 -1.00885441818267
218  -3.22173128077769 -1.06485805323929
219  -3.36433858977402  -1.1223420134229
220  -3.50684204060815 -1.18115210006862
221  -3.64932651167779 -1.24112469388708
222  -3.79189069818953  -1.3020861300142
223  -3.93464846692088 -1.36385161557493
224  -4.07772993874237 -1.42622447413125
225  -4.22128284593012 -1.48899409702815
226  -4.36547324698035 -1.55193415805278
227  -4.51048564457049   -1.614800224596
228  -4.65652245444549 -1.67732591586071
229  -4.80380178090266 -1.73921881074103
230  -4.95255325698395 -1.80015549856958
231  -5.10301185041968 -1.85977496004185
232  -5.25540850127285   -1.917672422547
233  -5.40995791097456 -1.97339328417374
234  -5.56684384306276 -2.02642743154738
235   -5.7262016207131 -2.07620732519186
236  -5.88809938846706 -2.12210924847871
237  -6.05251913150622 -2.16345926922062
238  -6.21933858152585 -2.19954694816249
239  -6.38831736765521 -2.22964419583499
240  -6.55909066220948 -2.25303128542798
241  -6.73117669072572 -2.26902810436135
242  -6.90400631937233 -2.27702320356866
243  -7.07697634902864 -2.27649618504134
244  -7.24949495041787 -2.26702187745037
245  -7.42091142289487  -2.2482728610063
246  -7.59030754568602 -2.22007285385116
247  -8.30585790714097 -1.98245491067197
248  -8.89918868405305 -1.60568010647002
249  -9.35689683282413 -1.06647128853212
250  -9.60063455059385 -0.394628430775501
251  -9.57782121745364 0.325017698380089
252  -9.05037448529485  1.30281379611003
253  -8.15219902617556   1.9524803353358
254  -7.11611311738275  2.29819124778474
255  -6.05093807430155  2.44687167090801
256  -4.99483470126414  2.49752719700941
257  -3.95631497070768  2.51976126850067
258  -2.91868523828301  2.55088608231155
259  -1.86184841328255  2.59826488384332
260  -0.794780312628747  2.64540070089865
