// Id               X                Y
  1  -0.0855231143658335    2.997189860493
  2   1.01036715899571  2.93544385099044
  3   2.09595201244695  2.76703486002228
  4   3.12512866025634  2.49154691311506
  5   4.08844365727422  2.17803598675448
  6   5.04594930446796  1.93271085364716
  7   6.00414740421063  1.76198392109197
  8    6.9529117859101  1.64166435449415
  9   7.88121327907593    1.500667133286
 10   8.75879852190926  1.22915068210491
 11   9.51205174365632 0.705359690474255
 12   9.76569959885243 0.258847350520338
 13   9.81196479988517 -0.267686817465893
 14   9.56085528178145 -0.754652154925176
 15   9.08211646968866 -0.973428521009676
 16   8.43641909553749 -0.76679811963252
 17   7.95123133383986 -0.477696039678636
 18    7.8790811934537 -0.436752838976667
 19   7.81622121669419 -0.401473613061356
 20   7.75653894581411 -0.368209836030453
 21     7.693150880091 -0.333092523212599
 22   7.62265366732247 -0.294114162675059
 23   7.54335635841363 -0.250233276285612
 24   7.45444019692269 -0.200746107784492
 25   7.35576762070159 -0.145226172579306
 26   7.24787333405863 -0.083529161800234
 27   7.13181240512602 -0.0157990693255255
 28   7.00887205244104 0.0575917789152996
 29   6.88028419602221 0.136128391545024
 30   6.74705015570153 0.219228651144478
 31   6.60988660484074 0.306294990235895
 32   6.46924858875173 0.396744748218705
 33   6.32538531643209 0.490024843377165
 34   6.17840157701646  0.58561558234025
 35   6.02831186921171 0.683027763858448
 36   5.87508252531559 0.781796759248762
 37   5.71866133639475 0.881476425710222
 38    5.5589963270095 0.981634548416705
 39   5.39604627504159  1.08185037924956
 40   5.22978569882134  1.18171405840766
 41   5.06020661680963  1.28082735189247
 42   4.88731871676073  1.37880510868907
 43    4.7111489041299  1.47527697392828
 44   4.53174068439856  1.56988906107768
 45   4.34915351424248  1.66230542240603
 46   4.16346210371136  1.75220924609356
 47   3.97475560948181  1.83930375805838
 48   3.78313667385553  1.92331283082131
 49   3.58872029734818  2.00398131237242
 50   3.39163256349053  2.08107509254494
 51    3.1920092548277  2.15438092674244
 52   2.98999440858117   2.2237060386687
 53   2.78573886173533  2.28887752552818
 54    2.5793988316396  2.34974159109143
 55   2.37113457208721  2.40616263397544
 56   2.16110913778609  2.45802222033221
 57   1.94948728294809  2.50521797169606
 58   1.73643451269379  2.54766239983711
 59   1.52211629919822  2.58528172095618
 60   1.30669746803103  2.61801468133161
 61   1.09034175402588  2.64581142554939
 62  0.873211520326085  2.66863243672724
 63  0.655467629085032   2.6864475757392
 64  0.437269447734694  2.69923524344799
 65   0.21877497084113  2.70698168646124
 66  0.000141034389666628  2.70968046305007
 67  -0.218476403087356   2.7073320817056
 68   -0.4369219397978  2.69994382045394
 69  -0.655040398557589  2.68752973058591
 70  -0.872676511553555  2.67011082396052
 71  -1.08967464971059  2.64771543858274
 72  -1.30587862302155  2.62037977280754
 73  -1.52113157611274  2.58814857435653
 74  -1.73527600051556  2.55107596643208
 75  -1.94815388162203  2.50922638966013
 76  -2.15960699416261  2.46267563547907
 77  -2.36947735531217   2.4115119440053
 78  -2.57760783927386   2.3558371374243
 79  -2.78384295147845  2.29576775863169
 80  -2.98802975442291  2.23143618419683
 81  -3.19001893068879  2.16299168070575
 82   -3.3896659618435   2.0906013740746
 83  -3.58683239480603  2.01445110237807
 84  -3.78138716011846  1.93474612395626
 85  -3.97320790012556  1.85171165389927
 86  -4.16218226080407  1.76559320333839
 87  -4.34820910134988  1.67665669723909
 88  -4.53119958382895  1.58518834769375
 89  -4.71107812406548  1.49149426158433
 90  -4.88778321438554  1.39589976550875
 91  -5.06126816156246  1.29874844074797
 92  -5.23150179935349   1.2004008840143
 93  -5.39846919715774  1.10123325730617
 94  -5.56217224073402  1.00163577644367
 95  -5.72262964942455 0.902011421423798
 96  -5.87987548390574 0.802775318703419
 97  -6.03395452537133 0.704355384983268
 98  -6.18491221584893 0.607194809783904
 99  -6.33277639224691 0.511756625460398
100  -6.47752812461592 0.418529852902687
101  -6.61905987188428 0.328035584354635
102  -6.75712127430769 0.240830177054728
103  -6.89125708863602 0.157501863305306
104  -7.02074993001945 0.0786565820110073
105  -7.14459481618678 0.00488815684180246
106  -7.26155024492853 -0.0632730051564123
107  -7.37031189705375 -0.125435786498406
108  -7.46980262440665 -0.181436375025503
109   -7.5594690111959 -0.231400765183584
110  -7.63943762594114   -0.275747446951
111  -7.71053225726054 -0.315163928529158
112  -7.77443025927239 -0.35070883027047
113  -7.83456840445044 -0.384364768759042
114  -7.89783398693454 -0.420074575488323
115  -7.97030687350756 -0.461456008566213
116  -8.45524656464321 -0.753259521704034
117  -9.10006513863264 -0.963744117252175
118  -9.58028133629303 -0.747914494669441
119  -9.83409599332994 -0.261948453337373
120  -9.78964864295877 0.264905073509843
121  -9.53664220644379 0.711903414260842
122  -8.78182788766745  1.23491464704407
123  -7.90273238060478  1.50293466057493
124  -6.97280166980238  1.63734381755631
125   -6.0212695303634   1.7482380866071
126  -5.05796842046419  1.91027805746721
127  -4.10612865147794  2.15292667412243
128  -3.17958296060489  2.46281010997321
129  -2.17949591128006  2.76201562775524
130  -1.13650319716429  2.89854221454998
131  0.115870538934609  3.54491241351745
132   1.17196121346256  3.49696367533136
133    2.2040038233079  3.33540554398852
134   3.21465345032416   3.0726517773762
135   4.21331467237447  2.78038027148119
136   5.19220084616583  2.53356619892648
137   6.20371840504504  2.34642016860421
138   7.24615290122547  2.18591943768024
139   8.29795233679032  1.95970842438067
140   9.30098953791027  1.51902707749136
141   10.0547135217151 0.715091264632682
142   10.2447965294855 0.0302178042374384
143   10.1420489216884 -0.669327202863569
144   9.77959645299328  -1.2664892647161
145   9.24626355806097 -1.70991138978775
146   8.59105570344222 -2.01348454728597
147    8.4344170954034 -2.04758806079026
148   8.22389090473665 -2.07289145361266
149   8.01161748350419 -2.07647606190129
150    7.8002240352579 -2.05975767942952
151   7.59248952721056 -2.02495930242004
152   7.39014221035774  -1.9747785852071
153   7.19404604430336 -1.91199104553256
154   7.00445275361939 -1.83921408066822
155   6.82116493262518 -1.75875282540533
156    6.6436651558063 -1.67250854384394
157   6.47124367461166 -1.58196010547932
158    6.3031220322876 -1.48821501614338
159   6.13854907092526 -1.39209931061692
160   5.97685388785223 -1.29424912380485
161   5.81746050706418 -1.19518208725703
162   5.65987974147821 -1.09534428495019
163   5.50369242046354 -0.995137482979461
164   5.34853243888617 -0.894933149745638
165   5.19407324237692 -0.795078667567668
166   5.04001857931178 -0.695899525091705
167   4.88609706226966 -0.59769990212073
168   4.73205960013207 -0.500762998813366
169   4.57767868217278 -0.405351697645952
170    4.4227486239583 -0.311709662080506
171    4.2670861131902 -0.220062734501039
172   4.11053064218144 -0.13062043087713
173   3.95294462628105 -0.0435773628128867
174   3.79421315684475 0.0408855149368581
175   3.63424342199149 0.122599870147833
176    3.4729638628945 0.201409166690253
177   3.31032313694624 0.277168016631963
178   3.14628894835217 0.349741672201082
179    2.9808467924948 0.419005618367549
180   2.81399864829276 0.484845230621104
181   2.64576164443343 0.547155468125328
182   2.47616672035518 0.605840578529421
183   2.30525730001114  0.66081379676182
184   2.13308799459764 0.711997025865754
185   1.95972334876892 0.759320493220211
186   1.78523664296149 0.802722380204197
187   1.60970876218998  0.84214842741058
188   1.43322713909582 0.877551520832226
189   1.25588477625296 0.908891266997064
190    1.0777793498948 0.936133566825505
191  0.899012394445577 0.959250199057427
192   0.71968856461172 0.978218424502344
193  0.539914969386161 0.993020622175342
194  0.359800570190837  1.00364396767116
195  0.179455633564602  1.01008016298152
196  -0.00100877268278595  1.01232522545905
197  -0.181481252071627  1.01037934185603
198  -0.361850533819341  1.00424679139539
199  -0.542005922420642 0.993935939740617
200  -0.721837755969516  0.97945930359196
201  -0.901237886480691 0.960833683520593
202  -1.08010019484741 0.938080360630145
203  -1.25832115210617 0.911225350779379
204  -1.43580043737459  0.88029970848449
205  -1.61244162119773 0.845339871321917
206  -1.78815292109888 0.806388034751591
207  -1.96284803391213 0.763492546855857
208  -2.13644704701741 0.716708312618937
209  -2.30887742796644 0.666097198128063
210  -2.48007508926373 0.611728426522289
211  -2.64998552236195 0.553678959693123
212  -2.81856499237215 0.492033862672479
213  -2.98578178269442 0.426886651316912
214  -3.15161747679502 0.358339628267912
215  -3.31606826258004 0.286504217162407
216  -3.47914624284905 0.211501310590634
217  -3.64088073238243 0.133461653226277
218  -3.80131951718732 0.052526287666764
219  -3.96053004310999 -0.031152903693544
220  -4.11860048891405 -0.117412523179027
221  -4.27564066452773 -0.206076810900554
222  -4.43178266373838 -0.296956596529586
223   -4.5871812028165 -0.389848042037849
224  -4.74201360878955 -0.484531209385174
225  -4.89647950283318 -0.580768548608886
226  -5.05080037088681 -0.678303469377439
227  -5.20521942524559 -0.776859196271007
228  -5.36000241155086 -0.876138051928289
229   -5.5154402496907 -0.97582108385112
230  -5.67185453459933 -1.07556747967948
231  -5.82960685541746 -1.17501246124066
232  -5.98911242882057 -1.27376128895529
233  -6.15085728656279 -1.37137561948268
234  -6.31541551547832 -1.46734681036204
235   -6.4834582189685 -1.56104954575458
236  -6.65574003381566 -1.65167074585835
237  -6.83304742053637 -1.73811746236784
238  -7.01610337486743 -1.81892514540077
239  -7.20544368404328  -1.8922037587338
240  -7.40128869973423 -1.95565356420454
241  -7.60341426752801 -2.00665504566386
242  -7.81098882690054 -2.04242177766909
243  -8.02231569920382 -2.06023409747866
244  -8.23464248048839 -2.05783534286086
245  -8.44537191857724 -2.03377056550073
246   -8.6024659428052 -2.00056271992532
247  -9.25985110043364 -1.70103262903235
248  -9.79647547277875 -1.26031196902178
249  -10.1623234048346 -0.66416563073821
250   -10.267396730319 0.0362076096948207
251  -10.0776179084825 0.722831133361778
252  -9.32168869457655   1.5279214541822
253  -8.31363685680593  1.96687206514949
254  -7.25277568249989   2.1882128368931
255  -6.19290450126909  2.34111884138571
256  -5.14410303188882  2.52185445610973
257  -4.10354940575575  2.76878565556143
258  -3.06109735628791  3.05670828298408
259  -2.00677810409331  3.31542864256364
260  -0.950930885700521  3.47791716374983
