// Id               X                Y
  1  -0.352550080230767  5.37519090298014
  2  0.694003122252068   5.3391516846551
  3    1.7185431845515   5.1529514978728
  4   2.69387121681593  4.82556881219414
  5   3.61424732801449  4.37032795284759
  6   4.52334650904378  3.78217826292615
  7   5.44019377287081  3.21977586668535
  8   6.36847902020897  2.70090090224609
  9   7.27570692178768  2.20231797722334
 10   8.07438907296703  1.68921533681446
 11   8.74627676530763  1.04084160534296
 12   8.98750808832617 0.567849108264522
 13   9.04660884395076 0.017309769426562
 14     8.763981961803 -0.547563606538752
 15   8.24422299389334 -0.731276858646412
 16    7.6509620419144 -0.39405928284882
 17   7.35475572241707 -0.0710581558058386
 18   7.23934565259857 0.0706779182829435
 19   7.16365680715582 0.167144795687988
 20   7.10241185021925 0.246755212167996
 21   7.04976124605068 0.316099223104894
 22    7.0010822258373 0.380770272792199
 23   6.95278332542451  0.44546911557471
 24   6.90235901051466 0.513411695693847
 25   6.84828760803978 0.586742569164571
 26   6.78961038382044 0.666747559058159
 27   6.72582532201751 0.754168030069491
 28   6.65668891743669 0.849332816979112
 29   6.58214232434065 0.952282246446562
 30   6.50223325634774  1.06283173049801
 31   6.41706479467762  1.18062648912733
 32   6.32675125465062  1.30518403425167
 33   6.23138575725369  1.43593039471858
 34   6.13101851209029  1.57222947310351
 35   6.02564586720191  1.71340597880621
 36   5.91520869904975  1.85876242766404
 37   5.79959809506735  2.00759115463125
 38   5.67866598861436  2.15918244634559
 39   5.55223852645916  2.31282989047044
 40   5.42013029573813   2.4678339041783
 41   5.28215798212347  2.62350421163988
 42   5.13815248203263  2.77916182859897
 43   4.98796889935332  2.93414090725036
 44   4.83149419747145  3.08779061678004
 45   4.66865254075357  3.23947709931866
 46   4.49940854416136  3.38858545541189
 47   4.32376875912416  3.53452167560494
 48   4.14178176728303  3.67671443508108
 49   3.95353724508824  3.81461669152257
 50   3.75916431821496  3.94770705753006
 51   3.55882946229693  4.07549094675895
 52   3.35273414009834  4.19750151137968
 53   3.14111230536086  4.31330039639482
 54   2.92422785596392  4.42247833591445
 55   2.70237208542631  4.52465561131771
 56   2.47586116092554  4.61948238486165
 57   2.24503364504683  4.70663891733257
 58   2.01024807399962  4.78583567610677
 59   1.77188060392491  4.85681334069566
 60   1.53032273672263  4.91934271589083
 61   1.28597913596487  4.97322456696263
 62    1.0392655411359   5.0182893958696
 63  0.790606784507687  5.05439718110462
 64  0.540434909727809  5.08143710590158
 65  0.289187385235537  5.09932729963654
 66  0.0373053996087072  5.10801461526758
 67  -0.214767779461924  5.10747446172629
 68  -0.466588405112832  5.09771070466305
 69  -0.717713835368992  5.07875564236878
 70  -0.967704127398603  5.05067005664273
 71  -1.21612366706904  5.01354333147523
 72  -1.46254285627853  4.96749362627044
 73  -1.70653987657519  4.91266808547273
 74  -1.94770254277133  4.84924306327628
 75  -2.18563025520049  4.77742434079365
 76  -2.41993605454887   4.6974473135938
 77  -2.65024877932408  4.60957712956669
 78    -2.876215323257  4.51410876001517
 79  -3.09750298809607  4.41136698985496
 80  -3.31380192557485  4.30170631484519
 81  -3.52482765929672  4.18551073399801
 82   -3.7303236705952  4.06319342325597
 83  -3.93006401917989  3.93519627246309
 84  -4.12385594645929  3.80198926292769
 85  -4.31154237428526  3.66406965997743
 86   -4.4930041635437  3.52196099720044
 87  -4.66816193737581  3.37621183995539
 88  -4.83697720856037  3.22739433727363
 89   -4.9994524897355   3.0761026024843
 90  -5.15563002255586  2.92295099829371
 91  -5.30558875376632  2.76857243123352
 92  -5.44943922885121  2.61361676917517
 93  -5.58731618170939  2.45874946878098
 94  -5.71936878274952  2.30465042451778
 95  -5.84574877538129  2.15201291930324
 96  -5.96659708552143  2.00154236641432
 97   -6.0820299263449  1.85395428463141
 98  -6.19212591961734  1.70997065074579
 99  -6.29691625839314  1.57031344703121
100  -6.39638032811927  1.43569392244976
101   -6.4904493000551  1.30679592825254
102  -6.57901979816276  1.18425182989216
103    -6.661978702532  1.06861003932529
104  -6.73923870725881 0.960293978585534
105  -6.81078315530365 0.859552535084169
106  -6.87671927272298 0.766400435500861
107  -6.93734265566288 0.680541711647314
108  -6.99322364867731 0.601259372334923
109  -7.04533723661533 0.527240723471274
110  -7.09526480336463  0.45630038804675
111  -7.14546973345408  0.38500649461315
112  -7.19950003133338 0.308439449603043
113  -7.26169035723541  0.22074332019515
114  -7.33745410758857  0.11506345271414
115  -7.45028829066324 -0.0383228269903338
116  -7.73036015689361 -0.383540776048947
117  -8.29901215257744 -0.768021312084256
118  -8.83202609242061 -0.632819365847866
119  -9.16437022609281 -0.104495049963951
120  -9.15454190350265 0.442143209531476
121  -8.95042832473768 0.925758453381935
122  -8.31082280124362   1.5985313563719
123  -7.53612571176918  2.11615793195143
124  -6.70004343278448  2.57065181051072
125  -5.85263412330794  3.03405071539604
126  -5.01800858468782  3.54199961606909
127  -4.18436268741998  4.09582413883304
128  -3.33128695536895  4.60119633760571
129  -2.39262645416432  4.99620170389934
130  -1.37268194760733  5.22656663012336
131  -0.0813008887408141  5.89548166334909
132   1.01366719599779  5.83352206376265
133   2.08497974606707  5.61077733806204
134   3.10899170593297  5.23583013881295
135   4.07144406810681   4.7374838531377
136   4.99083674713892  4.17771186270522
137   5.91089617407426  3.61833977981544
138   6.85358908091508  3.08322494469045
139   7.79773914272832  2.53163046932677
140   8.66880599065328  1.85529508994527
141   9.29531667307629 0.937180301321422
142   9.41757570206249 0.229371418887479
143   9.26204974488835 -0.470391170393823
144   8.86062753800328  -1.0555470317124
145   8.30767753926414 -1.47650251721295
146   7.64549606492187 -1.77279063760032
147   7.44513537182559 -1.81206535845897
148   7.21566563612652 -1.83057353382377
149   6.98213320858815 -1.82153600847365
150   6.75167758105318 -1.78557643098765
151   6.52693152980275  -1.7244623498003
152   6.31051912736241 -1.64066067302643
153   6.10468000814789 -1.53733484215726
154   5.91078525349296 -1.41799291698946
155   5.72930358683784 -1.28612484604859
156   5.55995655300885 -1.14494118833679
157   5.40193177609581 -0.997228867663741
158   5.25408798549316 -0.845302424972835
159   5.11511869174896 -0.691015044564647
160   4.98367067353337 -0.535803842312882
161   4.85842326199765 -0.380752379388312
162   4.73813648311506 -0.226658381933291
163   4.62167618030068 -0.0740986291987159
164   4.50802329109505 0.076513769703833
165   4.39627303991828 0.224881925802272
166   4.28562833067403 0.370787889640617
167   4.17539030984908 0.514064678438388
168   4.06494802494303 0.654576123676108
169   3.95376833903985 0.792202860785318
170   3.84138674328413 0.926832873322185
171   3.72739937657297  1.05835524744908
172   3.61145635668518   1.1866560955953
173   3.49325640097635  1.31161590982013
174   3.37254263455471   1.4331078685931
175   3.24909943085047  1.55099682564817
176   3.12275009571662  1.66513884976285
177   2.99335518957612  1.77538126383867
178   2.86081128229695  1.88156316222299
179   2.72504995112508  1.98351638251949
180    2.5860368599671  2.08106688813442
181   2.44377079396872  2.17403649372242
182   2.29828256164271   2.2622448464456
183   2.14963371332013  2.34551156598637
184   1.99791505623116  2.42365844636953
185   1.84324497129693  2.49651163130936
186   1.68576755422697  2.56390368934166
187   1.52565061419768  2.62567553259254
188   1.36308356822114  2.68167814122159
189    1.1982752695314  2.73177407253699
190   1.03145180516159   2.7758387483492
191  0.862854292492557  2.81376152570378
192  0.692736697871989  2.84544656453202
193  0.521363693196741  2.87081351108392
194  0.349008559208948  2.88979801853843
195  0.175951137624506  2.90235212629112
196  0.00247582842099421  2.90844451750775
197  -0.171130376096685  2.90806067102606
198  -0.344579832287274   2.9012029190029
199  -0.517586175133957   2.8878904162516
200  -0.689866251722277    2.868159021397
201  -0.861142071943942  2.84206108419611
202  -1.03114278783827  2.80966512803361
203  -1.19960670928755  2.77105541211761
204  -1.36628335880263  2.72633135469377
205  -1.53093556205449  2.67560679709932
206   -1.6933415639008  2.61900908912075
207   -1.8532971523236  2.55667797930215
208  -2.01061776549065  2.48876429989312
209   -2.1651405508329  2.41542844519017
210  -2.31672634056196  2.33683865400292
211  -2.46526150661901  2.25316912135721
212  -2.61065966098723  2.16459798027736
213  -2.75286317597602  2.07130520988471
214  -2.89184451465506  1.97347053881098
215  -3.02760738471577  1.87127142037119
216  -3.16018775940132  1.76488115553879
217  -3.28965484526181  1.65446723000589
218  -3.41611211541681  1.54018991318177
219   -3.5396985645332  1.42220114399473
220  -3.66059037295584  1.30064370925128
221  -3.77900318775072  1.17565071790422
222  -3.89519523451294  1.04734540501036
223   -4.0094714641112 0.915841379515755
224  -4.12218891262653 0.781243575185406
225  -4.23376340893232 0.643650383134064
226  -4.34467769602088 0.503157736979602
227  -4.45549092321875 0.359866272190544
228  -4.56684928745434   0.2138930511915
229  -4.67949730848777 0.0653896618157175
230  -4.79428875886081 -0.0854313608667273
231  -4.91219557348193 -0.238260035251322
232  -5.03431208651963 -0.392641315430137
233  -5.16185066963596 -0.547916668188264
234  -5.29612332912087 -0.703157147433156
235  -5.43850223007958 -0.85709275824084
236  -5.59035081064499 -1.00804578444528
237  -5.75291680079548 -1.15387921583171
238  -5.92718036847702 -1.29197608467683
239  -6.11365761131254 -1.41927217099941
240  -6.31217864128277 -1.53237281957748
241  -6.52170741879774 -1.62778902438359
242   -6.7403734339869 -1.70230336035155
243  -6.96596088079711 -1.75334459743741
244  -7.19626186402761 -1.77898804228791
245  -7.42440846623301 -1.77803239330232
246  -7.62495265603535 -1.75512658393291
247  -8.30921253751126 -1.51646289969812
248  -8.89749902978272 -1.14650433720071
249  -9.34830621475543 -0.599451944567936
250  -9.55951757307679 0.0859751417804857
251  -9.48550422263318  0.80207232108972
252  -8.90623217241193  1.75289051898718
253  -8.05136460592237  2.45750698848075
254  -7.11193361799063  3.02817171065978
255  -6.15838566359473  3.56763304453521
256  -5.21352969515454  4.12394529256843
257  -4.26581284179435  4.68420720702066
258  -3.28269916261535  5.18555036707392
259   -2.2485504554925  5.56538755133395
260  -1.17530497299209  5.80046917610491
