// Id               X                Y
  1  -0.0462466432817565  1.16537043740819
  2  0.967910328303322  1.14978387191377
  3   1.92579704630989  1.12045512123213
  4   2.87724784724044  1.17017412061037
  5   3.78792612257229  1.43612760550091
  6   4.60644760673559   1.9186880679509
  7   5.34433403832873  2.50933516832192
  8   6.11223237518247  3.03874003646362
  9   7.01368266284329  3.24749503095857
 10   7.80248137468348  2.78388116608708
 11    7.8110496807011  1.87131211376829
 12   7.49661969735587  1.46139706314362
 13   7.04748267343257  1.19030961690491
 14   6.53033042094561  1.04019989881335
 15   5.95282230075651 0.965253130586355
 16   5.39215087778101 0.918940163693949
 17   5.30601406461616 0.910010533018287
 18   5.21578090320062 0.900279298930938
 19   5.12246195981404 0.890032209578264
 20   5.02668262105497 0.879453195868353
 21   4.92887124337162 0.868803183412792
 22   4.82935630618123 0.858255928603927
 23   4.72839083616281 0.848015246410376
 24     4.626182227862 0.838227510428386
 25   4.52289960451303  0.82903255561221
 26     4.418685413367 0.820532498824689
 27   4.31365972030371  0.81281001082676
 28   4.20792524367164 0.805920945382146
 29   4.10157008007038 0.799901402994608
 30   3.99467021100979 0.794767927880169
 31   3.88729123698272 0.790521257906573
 32   3.77948984880145 0.787148294808156
 33   3.67131499874004 0.784624708871082
 34   3.56280890322313 0.782916954307996
 35   3.45400790196421 0.781984225891219
 36   3.34494321348818 0.781780100146533
 37   3.23564160445814 0.782253985081564
 38   3.12612598724246 0.783352346393832
 39   3.01641595462087 0.785019748651837
 40   2.90652825822366 0.787199726070228
 41   2.79647723575757 0.789835507397585
 42   2.68627519114684 0.792870612360616
 43   2.57593273134707 0.796249340368943
 44    2.4654590632642 0.799917166839727
 45   2.35486225403759 0.803821062093837
 46   2.24414945782611 0.807909745952825
 47   2.13332711209933 0.812133888631809
 48   2.02240110630423 0.816446267557926
 49   1.91137692560122 0.820801888113005
 50   1.80025977219573 0.825158074901873
 51   1.68905466663123 0.829474539279551
 52   1.57776653121948 0.833713427806848
 53   1.46640025760133  0.83783935552319
 54   1.35496076026351 0.841819427296551
 55   1.24345301767246 0.845623249905887
 56   1.13188210253167  0.84922293705441
 57   1.02025320252519 0.852593109119456
 58  0.908571632781463 0.855710889112281
 59  0.796842841174815 0.858555896053836
 60  0.685072407477072 0.861110236740944
 61  0.573266037280154 0.863358496700278
 62  0.461429551530089 0.865287730963287
 63  0.349568872444312 0.866887455168417
 64  0.237690006526253 0.868149637395693
 65  0.125799025343205 0.869068691031837
 66  0.0139020446958972 0.869641468899527
 67  -0.0979947972204746  0.86986725880611
 68  -0.209885362083315 0.869747780600173
 69  -0.321763533567825 0.869287184776806
 70  -0.433623238762114 0.868492052596541
 71  -0.545458468296969 0.867371397635427
 72  -0.657263294599192 0.865936668615442
 73  -0.769031887652494 0.864201753285643
 74  -0.880758527615957 0.862182983058244
 75  -0.992437613606198 0.859899137994948
 76  -1.10406366789562    0.857371451636
 77  -1.21563133471502 0.854623615034695
 78   -1.3271353727737 0.851681779193455
 79  -1.43857064052351 0.848574554917529
 80  -1.54993207309483 0.845333008867406
 81  -1.66121464972234 0.841990654320553
 82  -1.77241335035726 0.838583434816747
 83   -1.8835231000279 0.835149698465306
 84   -1.9945386993652  0.83173016023145
 85  -2.10545473955664 0.828367848910202
 86   -2.2162654998367 0.825108034864717
 87  -2.32696482545356 0.821998133819574
 88  -2.43754598387814 0.819087580932648
 89  -2.54800149687732 0.816427668497713
 90  -2.65832294592646 0.814071339228781
 91  -2.76850074828257 0.812072925431637
 92  -2.87852390092422 0.810487823432215
 93  -2.98837968945532 0.809372089999913
 94   -3.0980533589751 0.808781945877092
 95  -3.20752774374233 0.808773170643427
 96   -3.3167828521885 0.809400368844301
 97  -3.42579540342226 0.810716088047347
 98  -3.53453831045158 0.812769768242544
 99   -3.6429801038473  0.81560649820147
100  -3.75108428684353 0.819265561878967
101  -3.85880860842478 0.823778756808951
102  -3.96610423395829 0.829168471779151
103  -4.07291478137555 0.835445531385157
104  -4.17917517426543 0.842606821103443
105  -4.28481023794929  0.85063273788077
106  -4.38973292686712 0.859484553281596
107  -4.49384201811912 0.869101808534365
108  -4.59701902577286 0.879399933224845
109  -4.69912396812669 0.890268353351101
110  -4.79998941990424 0.901569406735803
111  -4.89941190787287 0.913138472260114
112  -4.99713893159044 0.924785693756802
113  -5.09284801016288 0.936299550833486
114  -5.18610905377662 0.947451955613538
115  -5.27630539056315 0.958003012449652
116  -5.36242745839123 0.967697752241255
117  -5.92251953512689  1.01786533121508
118  -6.49761861374932  1.09234022247657
119   -7.0163378455896  1.23690410178642
120  -7.47138998565135  1.49734673307501
121  -7.80050832958179  1.89410162551097
122  -7.84602890219695  2.80575835402447
123  -7.09012958257394  3.31819224250983
124  -6.18272703679162  3.14723485518421
125  -5.41018245533802  2.63081986019571
126  -4.68327768053871  2.03659870634567
127  -3.88724785087615  1.53297244876591
128  -2.99826034901235  1.22665858176755
129  -2.06163306463573  1.12515002628466
130  -1.06019952876768  1.10217971530129
131  -0.0443118906863941  1.76373785749028
132   0.89381263802699  1.75260249788232
133   1.83259220271644   1.7220739829392
134   2.76888580759275  1.77011874229561
135   3.66787602623677  2.03611656984099
136   4.48006992006461  2.52048627057495
137   5.30455724337668  3.12502876830801
138   6.23899911392459   3.6395341050489
139   7.30777057861567  3.75657586384581
140   8.21852802087242  3.19573832524152
141   8.39326037470694  2.13547645707942
142   8.15386721448283   1.4883939481374
143   7.68384073933582 0.990541237835915
144   7.08965983138546 0.672452295674924
145   6.44426627333142 0.540936270621684
146   6.67454001768732 0.0483039873524218
147   6.45752810072355 -0.11937135388741
148   6.24493073197787 -0.252391640621179
149   6.03898682398516   -0.357361232225
150   5.84100305444025 -0.440283060006905
151   5.65135288286783 -0.506130003864369
152   5.46978474423952 -0.558802618392916
153   5.29571054206703 -0.601272520471044
154   5.12840272661089 -0.635771423112309
155    4.9671113243327 -0.663966881436646
156   4.81112605982653 -0.687106376330975
157   4.65980475940737 -0.70612852996761
158   4.51258244347068 -0.721746266660327
159   4.36897010986917 -0.734507921078946
160   4.22854852113279 -0.744841715807314
161   4.09096000690626 -0.75308797024878
162   3.95589990615262 -0.759522365026707
163   3.82310847425699 -0.764372725275464
164   3.69236362358487 -0.76783112274654
165   3.56347461575452 -0.77006260229919
166    3.4362766935134 -0.771211476576054
167    3.3106265767881 -0.771405870418279
168   3.18639872167011 -0.77076100699986
169   3.06348223594098 -0.769381590747929
170   2.94177834965235 -0.767363543186844
171   2.82119834912917 -0.764795276271191
172   2.70166189438432 -0.761758635984432
173   2.58309565127222 -0.75832961147308
174    2.4654321803902 -0.754578877805084
175   2.34860903448616 -0.750572220807382
176   2.23256802440065 -0.746370878285916
177   2.11725462054173 -0.742031821725747
178   2.00261746296279 -0.737607995251945
179   1.88860795819904 -0.733148523435818
180   1.77517994510048 -0.728698895850437
181   1.66228941528641 -0.724301133682565
182   1.54989427670283 -0.719993941904907
183   1.43795415107011 -0.715812849280019
184   1.32643019784368 -0.711790337630692
185   1.21528495881713 -0.707955961252962
186   1.10448221873175 -0.704336456986845
187  0.993986878237976 -0.70095584523421
188  0.883764836333951 -0.697835522076326
189  0.773782880035437 -0.694994342565427
190  0.664008579534865 -0.692448695224367
191  0.554410187502965 -0.690212567771026
192  0.444956541497686 -0.688297604079216
193   0.33561696868955 -0.686713152388858
194  0.226361192302002 -0.68546630478147
195  0.117159239309073 -0.684561927939975
196  0.00798134903910315 -0.684002685213383
197  -0.101202117591416 -0.683789050006709
198  -0.210420768441731  -0.6839193105148
199  -0.319704270312709 -0.684389565816146
200  -0.429082439118519 -0.685193713339907
201  -0.538585330290568 -0.686323427717199
202  -0.648243329687344 -0.687768131026866
203  -0.758087245358368 -0.689514954447022
204  -0.868148400616131 -0.691548691326899
205  -0.978458729013072 -0.693851741698571
206  -1.08905087200959 -0.69640404825389
207  -1.19995828036324 -0.699183023815935
208  -1.31121532058027 -0.702163470332581
209  -1.42285738816609 -0.705317489406137
210  -1.53492102991468 -0.70861438433699
211  -1.64744407810579 -0.71202055358555
212  -1.76046580025784 -0.71549937542543
213  -1.87402706906403 -0.719011083341319
214  -1.98817055837147 -0.722512631371384
215  -2.10294097256697 -0.72595754804444
216  -2.21838531856026 -0.72929577673731
217  -2.33455323185084 -0.732473499060464
218  -2.45149737100703 -0.735432936096865
219  -2.56927389825266 -0.738112119749998
220  -2.68794306790615 -0.740444622815668
221  -2.80756994945925 -0.742359231250239
222  -2.92822531810346 -0.743779534867273
223  -3.04998675241012 -0.744623402598786
224  -3.17293998704444 -0.744802294461507
225  -3.29718057803547 -0.744220342954581
226  -3.42281594867825 -0.74277310974899
227   -3.5499678953418  -0.7403458864727
228  -3.67877564394531 -0.736811357247001
229    -3.809399557631 -0.732026369969974
230  -3.94202560110514 -0.725827465718596
231  -4.07687066222157 -0.718024680574467
232  -4.21418880633581 -0.708392947220776
233  -4.35427847718235 -0.69666016505444
234   -4.4974905309393 -0.682490650786182
235  -4.64423674536999 -0.665462193760654
236  -4.79499800060044 -0.64503428500589
237  -4.95033054559179 -0.620504237346063
238  -5.11086741279505 -0.590946882667186
239  -5.27730978777588 -0.555132470349208
240  -5.45039955130514 -0.511416776333445
241  -5.63085889660483 -0.457598530016397
242  -5.81927633335572 -0.39074503389796
243   -6.0159143801455 -0.307003574099681
244  -6.22042790679039 -0.20145579422958
245  -6.43156380797184 -0.068151676057634
246   -6.6471656301247 0.0994828662203706
247  -6.40751702790427 0.588503897632409
248  -7.05137174336528 0.716038910734165
249  -7.64937235766025  1.02387687962326
250  -8.13176433435891  1.50898604517771
251  -8.40130048795803  2.14450444347963
252  -8.26827447282788  3.21136623150736
253   -7.3908413016206  3.82268928432345
254  -6.31889554070082   3.7450884213623
255  -5.37423451571168  3.24654811896013
256  -4.54212592873681  2.63500747863596
257  -3.74032973844031  2.12717581648858
258  -2.85247736684399  1.81921073571489
259  -1.91842245486744  1.71571900433526
260  -0.979240529598522  1.70174558790428
