// Id               X                Y
  1  -0.29192360208271  4.32093054929143
  2  0.771460561533852  4.30330799677129
  3   1.82146700656537  4.10504030092305
  4   2.81757075247183  3.76293472910025
  5   3.76608408974724  3.25755408195121
  6   4.63726082194273  2.64337964741156
  7    5.5011419869597  2.03201866111932
  8   6.35475683331685  1.43697035902215
  9   7.12217370265731 0.843200745333609
 10   7.74480477699952 0.148220255534392
 11   8.06087749166135 -0.725997057929866
 12   7.95497032735721 -1.23355824455622
 13    7.6013794827703 -1.63589302582261
 14   7.03436879766279 -1.74906104581369
 15   6.56228475138897 -1.47755989083517
 16   6.34985889144741 -1.00261977008697
 17   6.23316844613953 -0.375392604008442
 18   6.20481161352662 -0.290787786599133
 19   6.17613144968781 -0.213089856494429
 20   6.14569932274094 -0.136588322153048
 21    6.1105247956623 -0.0536867464965186
 22   6.06900539884915 0.0389278065871094
 23   6.02086676896081 0.141228557034813
 24    5.9665836454004 0.251832418967215
 25   5.90681376498341 0.369082152434249
 26   5.84211966841846 0.491507594581765
 27   5.77286512014514 0.617931776743123
 28    5.6992236444296 0.747437145358943
 29    5.6212262537632 0.879295551193465
 30   5.53881420979498  1.01290373595242
 31   5.45188300602739  1.14773462123409
 32   5.36031456238792  1.28330429148171
 33   5.26399860981835  1.41915184565485
 34   5.16284555164745  1.55482887024997
 35   5.05679329563383  1.68989546509438
 36   4.94581024780025   1.8239202436183
 37   4.82989610510595  1.95648240438465
 38   4.70908148081088  2.08717464988067
 39   4.58342689600427  2.21560626516582
 40   4.45302134300091  2.34140601398046
 41   4.31798046461106  2.46422469347109
 42   4.17844434924339  2.58373727042658
 43   4.03457495975033   2.6996445546062
 44   3.88655325106129   2.8116743810756
 45   3.73457606348666  2.91958228802444
 46   3.57885289584616  3.02315169282009
 47   3.41960266529493  3.12219358584654
 48   3.25705055287812  3.21654577689605
 49   3.09142501998714  3.30607174112642
 50   2.92295506455423  3.39065912037718
 51   2.75186776921247  3.47021794107671
 52   2.57838617792303  3.54467861245454
 53   2.40272752325229  3.61398976874358
 54   2.22510181379288  3.67811601694506
 55   2.04571078026556  3.73703564794469
 56   1.86474716966722  3.79073836371863
 57   1.68239436945034  3.83922306746014
 58   1.49882633808296   3.8824957570865
 59   1.31420781432969    3.920567556114
 60   1.12869477503944  3.95345290962526
 61  0.942435109902298  3.98116796723971
 62  0.755569481295955  4.00372916980104
 63  0.568232337724829  4.02115205200999
 64  0.380553050212928  4.03345026948163
 65    0.1926571421188  4.04063485566456
 66  0.0046675840031665  4.04271371164661
 67  -0.18329387375943  4.03969132997476
 68  -0.371105357089142  4.03156875209957
 69  -0.558643538937219  4.01834375776097
 70  -0.745782350317904  4.00001128340498
 71  -0.93239175736514  3.97656406539953
 72  -1.11833663045112   3.9479935022537
 73  -1.30347573186192  3.91429072810513
 74  -1.48766084900255  3.87544788731705
 75  -1.67073610043528  3.83145959704459
 76  -1.85253744205074  3.78232458105405
 77   -2.0328924001218  3.72804745392448
 78  -2.21162005667939  3.66864063009863
 79  -2.38853131036751  3.60412632721289
 80  -2.56342943249405  3.53453862791864
 81  -2.73611093324847   3.4599255592663
 82  -2.90636674691474  3.38035114395968
 83  -3.07398373734088  3.29589737373512
 84  -3.23874651596857  3.20666605211532
 85  -3.40043955445784  3.11278045215489
 86  -3.55884956247136  3.01438673483017
 87  -3.71376808864474  2.91165507570515
 88  -3.86499428938662  2.80478045170132
 89  -4.01233779640893  2.69398304648865
 90  -4.15562160083423  2.57950824242034
 91   -4.2946848613848  2.46162617905051
 92  -4.42938553977592  2.34063087257674
 93  -4.55960277220217  2.21683890574104
 94  -4.68523890539326  2.09058771195828
 95  -4.80622115907859  1.96223348974564
 96  -4.92250291504629  1.83214879725374
 97  -5.03406465296979  1.70071990529624
 98  -5.14091451343792  1.56834406081999
 99  -5.24308831400649  1.43542698021044
100  -5.34064852364025  1.30238120990812
101   -5.4336812007169  1.16962649270172
102   -5.5222892778339  1.03759392402981
103  -5.60657997245082 0.906736347627874
104  -5.68664370745854 0.777547968785993
105  -5.76252198825292 0.650596463379034
106  -5.83416275720523 0.526570698664499
107  -5.90136550495854 0.406345042563088
108  -5.96372878913965 0.291051572118999
109  -6.02063594015387 0.182121719010558
110  -6.07135040012548 0.0811919139863183
111  -6.11531784795568 -0.0103361599391886
112  -6.15273473076008 -0.0923899952546889
113  -6.18528960501079 -0.168194275605926
114  -6.21612724394592 -0.245323590193597
115   -6.2468734453255 -0.329493388908261
116  -6.37957363040238 -0.951119824827697
117  -6.60165625491891 -1.42136667644462
118  -7.07717137238287 -1.68681539978234
119  -7.64296361841918 -1.57384687569751
120  -7.99890649327087 -1.17677840408171
121  -8.11019640103372 -0.673939760118566
122  -7.79936231691497 0.195903238608558
123  -7.17693909738298 0.872934316789303
124   -6.4260981399622  1.42162948819394
125  -5.64350036909971  1.92718148154667
126  -4.86968134214795   2.4453493123554
127  -4.10597590422741  2.98346414236369
128  -3.29372306601515  3.50158566649351
129  -2.39572797682692  3.90550403744335
130  -1.34883400160084  4.15763314159264
131  0.0337321295040452  4.81065882410301
132   1.14623342024139  4.75788925323323
133   2.23323979502117  4.52698629144508
134   3.27078107907148  4.13471517880163
135   4.23913754624602  3.60221074460614
136   5.14594416703862  2.97845365120498
137   6.03693805778956  2.33262213569511
138   6.92243577819364  1.67227997371777
139   7.73579542135048  0.91668569516172
140    8.3332453192381 -0.0304486280124472
141   8.39026062398709 -1.15372595292688
142   7.99330903786758 -1.76800868887049
143   7.33897276644068 -2.08954067839926
144     6.615900185672 -2.08564682666816
145   5.92499434946271 -1.89807487611627
146   5.19725428104543 -1.66504008355077
147   5.09482624590059 -1.58592350867876
148   4.98967946832782 -1.48112385493048
149   4.89660468911209 -1.36537279540115
150   4.81377470144799 -1.24233636202386
151   4.73894004107605 -1.11552410137926
152   4.66958586109505 -0.987411214896322
153   4.60345824766777 -0.859415973614589
154   4.53881768664537 -0.732258796615491
155   4.47443166167479 -0.606278141543701
156   4.40946536375583 -0.481633154753259
157     4.343359749023 -0.358413253264931
158    4.2757315932445 -0.236690043877275
159   4.20630311641035 -0.116539240623106
160   4.13485762887511 0.00195152478766443
161   4.06121449009263  0.11868129926696
162   3.98521689550725 0.233537262516687
163   3.90672733449572 0.346397322545338
164   3.82562703523504 0.457132977217062
165   3.74181700117424 0.565612018367346
166   3.65521925410202 0.671700917800524
167   3.56577761826979 0.775266874438227
168   3.47345783598352  0.87617955982513
169   3.37824705073044 0.974312610602778
170    3.2801527938549  1.06954490755278
171   3.17920162569133   1.1617616663448
172   3.07543755833288  1.25085535196073
173   2.96892035403503  1.33672641932697
174   2.85972376495465  1.41928387753606
175   2.74793376077379  1.49844567392004
176   2.63364677968239  1.57413889640169
177   2.51696803225984  1.64629979692983
178   2.39800988418765  1.71487364422807
179   2.27689034055703  1.77981441949842
180   2.15373165090785  1.84108437333818
181   2.02865904987966  1.89865346550077
182   1.90179964369564  1.95249871110798
183   1.77328144799502  2.00260345757605
184   1.64323257811186   2.0489566160528
185   1.51178058900552   2.0915518698376
186   1.37905195881345   2.1303868803314
187   1.24517170746016  2.16546250877505
188   1.11026313989422  2.19678206957835
189  0.974447702271128   2.2243506285733
190  0.837844938665292     2.24817435716
191   0.70057253557885  2.26825995113095
192  0.562746441519145  2.28461412101136
193  0.424481049144321  2.29724315905996
194  0.285889427841803  2.30615258664136
195  0.147083595032607  2.31134688448859
196  0.00817481492365199   2.3128293073954
197  -0.13072608618747  2.31060178407158
198  -0.269508398650041  2.30466490221465
199  -0.408061212636438   2.2950179782478
200  -0.546273116065318  2.28165921059427
201  -0.684031917597315  2.26458591475224
202  -0.821224405134499  2.24379483775273
203  -0.957736150419762  2.21928254878213
204  -1.09345137051603  2.19104590179611
205  -1.22825285709661  2.15908256481336
206  -1.36202198453549   2.1233916092432
207  -1.49463880768132  2.08397415106856
208  -1.62598225985393  2.04083403399288
209  -1.75593046094001  1.99397854280219
210  -1.88436114440503  1.94341913325031
211  -2.01115221050954  1.88917216282954
212  -2.13618241096243  1.83125960494998
213  -2.25933216762677  1.76970972745715
214  -2.38048452472556  1.70455771523802
215  -2.49952623034332  1.63584621609575
216  -2.61634893903587  1.56362578932459
217  -2.73085052329092  1.48795523769145
218  -2.84293647774798  1.40890180597396
219   -2.9525213968211  1.32654123283649
220  -3.05953050385443  1.24095764744969
221  -3.16390120795919  1.15224330738999
222  -3.26558466228409  1.06049817917078
223  -3.36454729272206 0.965829366147594
224  -3.46077225608089 0.868350389248025
225  -3.55426076849261 0.768180322838801
226   -3.6450332170027  0.66544278026982
227  -3.73312993372351  0.56026473114774
228  -3.81861148641528 0.452775116354307
229  -3.90155835049218 0.343103210838134
230  -3.98206992151387 0.231376676722944
231  -4.06026306561377 0.117719267048719
232  -4.13627085465412 0.00224821087369609
233  -4.21024284973196 -0.114928530954571
234  -4.28234931286759 -0.233714664584186
235  -4.35279303607763 -0.354026669730171
236  -4.42183399330249 -0.47579182349465
237  -4.48983341794927 -0.598939553997125
238  -4.55732420577307 -0.723378443780105
239  -4.62511135058481 -0.848942946450278
240  -4.69439468285212 -0.975281654286725
241  -4.76687832232878 -1.10165076114696
242  -4.84477576116439 -1.22659301101218
243  -4.93054921856899 -1.34757740795053
244  -5.02637749902346 -1.46103110490663
245   -5.1340122808757 -1.56323025404637
246  -5.23856379350304 -1.63995470668869
247  -5.97221362912276 -1.85537556342967
248  -6.66542052440401 -2.03197484155593
249  -7.38790477874759 -2.02997800591968
250  -8.04137801256046 -1.70731943987495
251  -8.43973408576566 -1.09370307006697
252  -8.38879790411812 0.0298419341532839
253  -7.78523891421781 0.975246887907051
254  -6.96031135724353   1.7235228397969
255  -6.06056133662829  2.37265022949837
256  -5.14031811259916   2.9906261965767
257  -4.20169163254953  3.58313113618009
258  -3.21563893455062  4.09802477289515
259  -2.16592297993024  4.47029524915548
260  -1.07479108595083  4.70013238611149
