// Id               X                Y
  1  -0.0912293225356281  2.22644243591311
  2  0.975986249400325  2.18980366210761
  3   2.01137684115729  2.09230284837439
  4   2.98497393002448  2.05118475903167
  5    3.9372091305853  2.03124794835077
  6   4.87966561159071  2.01426956707668
  7   5.81342162222156  1.97773008671504
  8   6.73169424582463   1.8692843122459
  9   7.60789540260659  1.61527124957986
 10   8.37329067168347   1.1471134137086
 11   8.93823508975326 0.448302021142219
 12   9.08227624906171 -0.0301144633913332
 13   9.05073470494979 -0.553488509674183
 14   8.74599811665077 -1.04078500687759
 15   8.24799012220766 -1.22325387540167
 16    7.7348793633191 -1.03018587620187
 17   7.30828485824767 -0.647811281172641
 18   7.02917887605432 -0.340156690760782
 19   6.82055204289975 -0.113120056770964
 20    6.6549405224861 0.0543145927290175
 21   6.51707873310969 0.182524942930299
 22   6.39705945926163  0.28556740254026
 23   6.28822856961895 0.372321156047354
 24   6.18602311521491 0.448337599483142
 25   6.08724167615469 0.517132749690797
 26   5.98958457146934 0.580970676262529
 27   5.89136544329888  0.64132700093945
 28   5.79133056911542 0.699166576546615
 29   5.68854569319052 0.755114438129868
 30   5.58232506444244  0.80956483033223
 31   5.47218646022514 0.862753650589471
 32   5.35782148270144 0.914808730615044
 33   5.23907384160262 0.965786171421182
 34   5.11592062826825  1.01569736159148
 35   4.98845332452749  1.06452923323641
 36   4.85685681033009  1.11225914230859
 37   4.72138604647125  1.15886516380813
 38   4.58234134801035  1.20433235875295
 39   4.44004409602451  1.24865553861489
 40   4.29481511873215  1.29183913396533
 41   4.14695759832185  1.33389491436965
 42   3.99674549332794  1.37483838602952
 43   3.84441750942549   1.4146846525926
 44   3.69017575016178  1.45344441766268
 45   3.53418773619455  1.49112060889681
 46   3.37659052167511  1.52770586960445
 47   3.21749576776368  1.56318100487858
 48   3.05699495848368  1.59751433787622
 49   2.89516434062025  1.63066183940688
 50   2.73206927438189  1.66256789464393
 51   2.56776793153245  1.69316654820043
 52   2.40231437848335  1.72238308297861
 53   2.23576105384458   1.7501358230009
 54   2.06816072707068  1.77633805891429
 55   1.89956805762744  1.80090001152436
 56   1.73004072214093  1.82373078834231
 57   1.55964026140207  1.84474027142684
 58   1.38843263153235  1.86384091124704
 59   1.21648849418123  1.88094940005594
 60   1.04388329795302  1.89598820243527
 61  0.870697170158991  1.90888693104213
 62   0.69701458860394   1.9195835605409
 63  0.522923958923574  1.92802546452408
 64   0.34851700738769  1.93417027801586
 65  0.173888085713605  1.93798657630944
 66  -0.00086658959845126  1.93945436833996
 67  -0.175649786785496  1.93856540449893
 68  -0.350364111555761  1.93532329515696
 69  -0.524912859337413  1.92974344163792
 70  -0.699200866436709  1.92185277738476
 71  -0.873135287177572  1.91168932130997
 72  -1.04662629081598  1.89930154386915
 73  -1.21958769909492   1.8847475444554
 74  -1.39193742905502  1.86809404973572
 75  -1.56359785483435  1.84941522818197
 76  -1.73449595328882  1.82879133481598
 77  -1.90456326470876  1.80630719224538
 78  -2.07373563607819  1.78205052075912
 79  -2.24195272011468  1.75611013587915
 80  -2.40915715233124  1.72857404537301
 81  -2.57529346006119  1.69952746605354
 82  -2.74030651939953  1.66905082709052
 83  -2.90413960102925  1.63721780533335
 84  -3.06673187721693  1.60409348056716
 85  -3.22801530056333  1.56973271560787
 86   -3.3879108225153  1.53417888007655
 87  -3.54632392883431  1.49746306551028
 88  -3.70313952484204  1.45960396512427
 89  -3.85821649987011  1.42060856142609
 90  -4.01138239946215   1.3804737680204
 91  -4.16242905102427  1.33918907513227
 92   -4.3111103469564   1.2967401055186
 93  -4.45714353931438  1.25311281506418
 94  -4.60021543058299  1.20829782627946
 95   -4.7399943808114  1.16229417070162
 96  -4.87614807035556  1.11511161380623
 97  -5.00836592109563  1.06677070987665
 98  -5.13638416361043  1.01729983582626
 99  -5.26001116192638 0.966728616907241
100  -5.37915104267818 0.915077253147691
101  -5.49382468114869 0.862341228801257
102  -5.60418839479879 0.808470651708389
103   -5.7105521382387  0.75334286641309
104  -5.81340051654663 0.696725806441889
105  -5.91342165239399 0.638227463793669
106  -6.01155119560311 0.577223259047007
107  -6.10904213432562 0.512746891484025
108   -6.2075764914833 0.443319367760022
109  -6.30944396201624 0.366671562503931
110   -6.4178272839335 0.279281707716786
111  -6.53725748068934 0.175595064606675
112  -6.67433756288347 0.0467402415891542
113  -6.83890131990413 -0.121298437256494
114  -7.04613910918855 -0.348784776760068
115  -7.32352882917628 -0.65654072497499
116  -7.74817296690569 -1.03849421738965
117  -8.26082671307627 -1.23155233188741
118  -8.75884831289541 -1.04794520374364
119  -9.06165902153521 -0.555945090466954
120   -9.0876880864067 -0.0313675920630462
121   -8.9379665816387 0.445978506130993
122  -8.36506103144099  1.13928074859408
123   -7.5949066925492  1.60162001406645
124  -6.71554034748096   1.8511494322743
125  -5.79429862639188  1.95669714527228
126  -4.85713691917364  1.99099643489608
127  -3.91255323113387  2.00469297247478
128  -2.96771406401129  2.02676977544334
129  -2.03042294584196  2.07890740692567
130  -1.05611141168576  2.13681323784023
131  0.205350186208143  2.72871081696374
132   1.19818806335875  2.72404489048777
133   2.12879520437039  2.69721436340145
134   3.06374998054305  2.66799761914317
135   4.01027074500598  2.64798958781723
136   4.97675213718714  2.62605532011196
137   6.01652065268193  2.56288670243286
138   7.06896358383584   2.3894633749831
139   8.08616975580574  2.01207420934612
140   8.95573649093025  1.33633375008811
141   9.45711218421403 0.353705152344106
142   9.47914085507519 -0.359694954761592
143   9.25157117608083 -1.02964512086327
144   8.82467309606253 -1.57951615456294
145   8.26983426149723 -1.98581798779534
146   7.59638738144142 -2.27748718816067
147   7.43450174714223 -2.32257563478732
148   7.25633806738501  -2.3624236657221
149   7.07405393762594 -2.39336026784992
150   6.88962630451593 -2.41524197679342
151    6.7037040896358 -2.42834992275117
152   6.51711517656336 -2.43305767560559
153   6.33079776302714 -2.42986521434051
154   6.14564151129277 -2.41940000609646
155   5.96241072789884 -2.40238561164769
156   5.78172178989407 -2.37960227358077
157   5.60404549981725 -2.35184986569144
158    5.4297187862365 -2.31991760538532
159   5.25895888587398 -2.28455932315656
160   5.09187659222954 -2.24647616353145
161   4.92848820137928  -2.2063028135433
162   4.76872538001082 -2.16460065674592
163   4.61244460139609 -2.12185314142193
164   4.45943623603459 -2.07846681980256
165   4.30943493217445 -2.03477523109573
166   4.16213192890394   -1.991045698424
167   4.01718910336514 -1.94748956673442
168   3.87425478192395 -1.90427290332278
169   3.73297959609839 -1.86152800605802
170    3.5930307193217 -1.81936444836973
171    3.4541032876306 -1.77787779691684
172     3.315927924764 -1.73715620279303
173   3.17827402175282 -1.69728553016075
174   3.04095008792834 -1.65835092318289
175   2.90380119845815 -1.62043854183046
176   2.76670544821335 -1.58363460581292
177   2.62956917360764 -1.54802612575625
178   2.49232317698619 -1.51369758452634
179   2.35491768230863 -1.48073349065624
180   2.21731978167215 -1.44921307833978
181   2.07950904022075 -1.41921487387167
182   1.94147631050762 -1.39080950449313
183   1.80321967786561 -1.36406785602544
184   1.66474486299039 -1.33904967826265
185   1.52606104858208 -1.31581708638494
186    1.3871825294711 -1.29441822860499
187   1.24812450773483 -1.27490635964317
188   1.10890565538957 -1.25731731538035
189  0.969543771869296 -1.24169639722646
190  0.830059126161567 -1.22806730948441
191   0.69047016511367 -1.21646776610189
192  0.550797070863237 -1.20691022184348
193  0.411058044069362 -1.19942555760814
194  0.271272460261856 -1.19401545388156
195   0.13145818409773 -1.19070440387681
196  -0.00836628637129602  -1.1894845989724
197  -0.148183018296519 -1.19037345387657
198  -0.287974028253549 -1.19335479698417
199  -0.427720772944094 -1.19843849589929
200  -0.567405302315811 -1.20560048028359
201  -0.707008065348582 -1.21484188766917
202  -0.846510798552664 -1.22613158937896
203  -0.985893012610922  -1.2394604293684
204  -1.12513623757689 -1.25479007771443
205  -1.26421976802251  -1.2721003265699
206  -1.40312580648942 -1.29134509114885
207  -1.54183511023405  -1.3124919969176
208  -1.68033245106744 -1.33548705835342
209   -1.8186028503763 -1.36028527801348
210  -1.95663700859876 -1.38682401435934
211  -2.09442843803499 -1.41504624780644
212  -2.23197883246783 -1.44488077486687
213  -2.36929655009152 -1.47625924252354
214  -2.50640174869178 -1.50910307574231
215  -2.64332667572924  -1.5433348699991
216  -2.78012096330909 -1.57887038975564
217   -2.9168535783723 -1.61562676204867
218  -3.05361860854328 -1.65351769125839
219  -3.19053873404622 -1.69245870222925
220   -3.3277705994015 -1.73236513264768
221  -3.46550829744026 -1.77315420664243
222  -3.60398629774353 -1.81474270607075
223  -3.74347902402919 -1.85704591782088
224  -3.88429757932538  -1.8999721289206
225  -4.02678186178846 -1.94341608428009
226  -4.17128872318141 -1.98724984534339
227  -4.31817717987109 -2.03131143027109
228  -4.46779208520186 -2.07539286634814
229  -4.62044800327417 -2.11922910658683
230  -4.77641507706894  -2.1624874682186
231  -4.93590683401582 -2.20476060632083
232  -5.09907007102194 -2.24556247546268
233  -5.26597609251012 -2.28432720705709
234  -5.43661158708003 -2.32041369227544
235  -5.61086902029593  -2.3531124134588
236  -5.78853486796747 -2.38165919807108
237  -5.96927649021858 -2.40525251852482
238  -6.15262805133929 -2.42307820054146
239   -6.3379789747694  -2.4343396886403
240  -6.52457186388942 -2.43829502607728
241  -6.71152543180677 -2.43429615194253
242  -6.89791118374692 -2.42182016698063
243  -7.08290935500101 -2.40046852697791
244  -7.26586737225665 -2.36993485514909
245   -7.4447904651101 -2.33033665561507
246  -7.60770764202108 -2.28524631242403
247  -8.28154992777733 -1.99372630849569
248  -8.83647121646307  -1.5857546378765
249  -9.26167775530007 -1.03314089292303
250  -9.48516986199738 -0.360888778647861
251  -9.45734229841269 0.353144958752215
252  -8.94652574982006  1.33226773187815
253  -8.07053307046268  2.00168725996538
254  -7.04944261084094  2.37348852788432
255  -5.99325971708101  2.54319195369034
256  -4.94525644003394  2.60421133078242
257  -3.92459957376889   2.6250460085603
258  -2.93183003034719  2.64443472795338
259  -1.89373986744262  2.67484840510645
260  -0.844818141151158  2.70747958891189
