// Id               X                Y
  1  -0.121358861962014   3.4517080052247
  2  0.988798728107248  3.39193560017435
  3    2.0687655467182  3.17232034086544
  4   3.07936325465903  2.81782009871305
  5   4.07856867887136  2.46979790353678
  6   5.07924731855489  2.15886193985365
  7   6.06767183249863  1.88819590109223
  8   6.99377884665373  1.63602423706751
  9   7.87243545236504   1.3163893412407
 10   8.64713288357983 0.833863106398632
 11   9.20758853102289 0.112644083862767
 12   9.30352363245925 -0.38795489045449
 13   9.17439718153456 -0.898850945888165
 14   8.77926147972728 -1.27399646772639
 15   8.25818071414382 -1.32766854756554
 16   7.70826019339341 -0.934049455187385
 17   7.32417002987267 -0.552439416095535
 18    7.2520353206833 -0.489447237666538
 19   7.18868959309812 -0.435973071001288
 20   7.12901697704773 -0.386939478650841
 21   7.06846603314084 -0.338263291126517
 22    7.0030510172675 -0.286601704069643
 23   6.93038857636301 -0.229970315187008
 24   6.84936915813894 -0.167304433609319
 25   6.75996630480075 -0.0982235693399014
 26   6.66300091785695 -0.0228701640434992
 27   6.55972805517068 0.0582958484172349
 28   6.45141506774762 0.144688831827943
 29   6.33908935418692  0.23570868078341
 30    6.2234655399078 0.330781265647269
 31   6.10497331492012 0.429367393772859
 32   5.98381952336348 0.530963934979486
 33   5.86005241843137 0.635103114629948
 34   5.73361691972239 0.741349602879087
 35   5.60439815515346  0.84929510926307
 36    5.4722534323213 0.958551491860316
 37   5.33703388946614  1.06874391693892
 38   5.19859770121292  1.17950527191116
 39   5.05681705357611  1.29047234829092
 40   4.91158109375816  1.40128372272339
 41   4.76279671772134  1.51157896021345
 42   4.61038851974053  1.62099871240887
 43   4.45429866975828  1.72918536627905
 44   4.29448703591407  1.83578401140135
 45   4.13093158170647  1.94044358493449
 46   3.96362892719562  2.04281811090458
 47   3.79259492819754  2.14256798237999
 48   3.61786514969041  2.23936125243251
 49   3.43949515330339   2.3328749102011
 50   3.25756056163797  2.42279612567324
 51   3.07215689424512  2.50882345223142
 52   2.88339918940803  2.59066797979205
 53   2.69142143473489  2.66805443357471
 54   2.49637583158108  2.74072221447966
 55   2.29843191681333  2.80842637721492
 56   2.09777556271189  2.87093854222605
 57   1.89460787313017   2.9280477375502
 58   1.68914399184936  2.97956116714803
 59   1.48161183737136  3.02530490308115
 60   1.27225077699771    3.065124499979
 61   1.06131025175255  3.09888553139913
 62  0.849048362401409  3.12647404874913
 63  0.635730425463192  3.14779696426925
 64  0.421627506744654  3.16278236008894
 65  0.207014938619368   3.1713797255416
 66  -0.00782917388454372  3.17356012476672
 67  -0.222625454050533  3.16931629619843
 68  -0.437094757985588  3.15866268490493
 69  -0.650959679457739  3.14163540798882
 70  -0.863946051764163  3.11829215247344
 71  -1.07578444290182  3.08871200437571
 72   -1.2862116395489   3.0529952070907
 73  -1.49497211432267  3.01126284686556
 74   -1.7018194695288  2.96365646308816
 75  -1.90651784924516  2.91033758139766
 76  -2.10884331017449   2.8514871682479
 77  -2.30858514032371  2.78730500647711
 78  -2.50554711324153  2.71800899256231
 79   -2.6995486642188  2.64383435741459
 80  -2.89042597338606  2.56503281362044
 81  -3.07803293883572  2.48187163278496
 82  -3.26224202059992   2.3946326569887
 83  -3.44294493362195  2.30361124837757
 84  -3.62005316540356  2.20911518079348
 85  -3.79349829328205  2.11146347751964
 86  -3.96323207983679  2.01098520013357
 87  -4.12922633614026  1.90801819553911
 88  -4.29147256479189  1.80290781171927
 89  -4.44998142924626  1.69600559776502
 90  -4.60478213916394  1.58766801085959
 91  -4.75592188074499   1.4782551641631
 92  -4.90346543117306  1.36812966988242
 93  -5.04749503907062  1.25765566995282
 94  -5.18811048254913  1.14719821320462
 95  -5.32542889683818  1.03712323631131
 96  -5.45958349628937 0.927798515601927
 97  -5.59071977000092 0.819596012890282
 98  -5.71898724933097   0.7128959300804
 99  -5.84452470165484 0.608092407570982
100  -5.96743671045318 0.505600157898692
101  -6.08776004487112 0.405860657816875
102   -6.2054189508331 0.309346299680472
103  -6.32016980380712 0.216561561877337
104  -6.43153894932923 0.128041499742829
105  -6.53876708461323 0.0443474137271476
106  -6.64079540340719 -0.0339476632861602
107  -6.73636040639038 -0.106307264017858
108  -6.82426323144128 -0.172347774767552
109  -6.90378373761545 -0.232013470343228
110  -6.97504200019471 -0.285762975099983
111  -7.03922619700363 -0.334668336470966
112   -7.0987147077206 -0.38070030385143
113  -7.15747784493417 -0.426989313631627
114  -7.21993015879633 -0.477369027658297
115  -7.29140043152212 -0.536717355797724
116   -7.6832263437864 -0.90114110432721
117  -8.24875918060869 -1.26947598395835
118  -8.76671847257543   -1.186854978273
119  -9.13878351870645 -0.784756520231777
120  -9.23404548751291 -0.264604458583759
121  -9.10760758898139 0.230183878003718
122  -8.51234320692003 0.924357600931107
123  -7.72215440156764  1.38198507784388
124  -6.83850788217997  1.68237824433671
125  -5.91668202524417  1.91775322680496
126  -4.98009716304191  2.15928129725777
127  -4.05482492942485   2.4415223231802
128  -3.16018971203779  2.77040285226914
129  -2.25973133346195   3.1107800613792
130   -1.1890685761956  3.30632948560576
131  0.202223929296787  3.93560189317553
132   1.29369620983325  3.88287560438542
133    2.3463134099004  3.67817027559616
134   3.34770041137232  3.36843679950297
135   4.33687932073416  3.03209699851494
136   5.34193183692202  2.71901590532467
137   6.36588724031306  2.42904514685001
138   7.39364828025635  2.10867718705408
139   8.38881866559832  1.66082873251524
140   9.24704629344513 0.961576501944803
141   9.71807399548637 -0.0435487902895669
142   9.67366469574778 -0.759847850668287
143   9.34211686974807 -1.39102538527197
144   8.79721676715758 -1.83863351801079
145   8.13921784536628 -2.08123825486476
146   7.40888100049011 -2.14482071724682
147   7.27098666489067 -2.12945033876535
148   7.08609805057774 -2.09467254902505
149   6.90395327784763 -2.04481723448768
150   6.72596151968696 -1.98139163676383
151   6.55337542170251 -1.90636224918312
152   6.38710345414628 -1.82199863481112
153   6.22738350716964  -1.7304892107959
154   6.07393882298971 -1.63374213972063
155   5.92614342350028 -1.53327788365976
156   5.78317350057697 -1.43020682927884
157   5.64415399285714 -1.32529257504096
158   5.50827040958012 -1.21905855561543
159   5.37482312431423  -1.1118864980293
160   5.24323355941276 -1.00408368975143
161   5.11302584862243 -0.895921380101357
162   4.98380226728108 -0.78765424230745
163   4.85522129710917 -0.679529099380688
164   4.72698103203248 -0.571787968299655
165   4.59880788381477 -0.464668323117128
166   4.47044965231373 -0.358402267700362
167   4.34167186919643  -0.2532155942897
168   4.21225639912781 -0.149327213379506
169   4.08200142696415 -0.046949088403726
170   3.95072213896852 0.0537134106490024
171   3.81825160466392 0.152460914466478
172   3.68444155781044  0.24909940312063
173   3.54916293319438 0.343439629432755
174   3.41230612541724 0.435296692053109
175   3.27378099697261 0.524489785768034
176   3.13351668637122 0.610842126037522
177   2.99146126709465 0.694181029149118
178   2.84758129717858 0.774338123615193
179    2.7018612857912 0.851149667898831
180   2.55430309187316  0.92445695114302
181   2.40492526236546 0.994106755711234
182   2.25376231360914  1.05995186244238
183   2.10086395819869  1.12185158149907
184   1.94629427981008  1.17967229362251
185   1.79013085940488  1.23328798856447
186   1.63246385714358   1.2825807894478
187   1.47339505502035  1.32744145376392
188   1.31303686555901   1.3677698435805
189   1.15151131190294  1.40347535924267
190  0.988948984362352  1.43447733236018
191  0.825487978029585  1.46070537515503
192  0.661272815512377  1.48209968428745
193  0.496453358225865  1.49861129808535
194   0.33118370907674  1.51020230668376
195  0.165621108808365  1.51684601495536
196  -7.51722117165579e-05   1.5185270583085
197  -0.165744945361163  1.51524147147807
198  -0.331228217140068  1.50699671037769
199  -0.496366303513955  1.49381162696488
200  -0.661002944135881   1.4757163969416
201  -0.824985415166664  1.45275240002073
202  -0.988165639078993  1.42497205248219
203  -1.15040128937782  1.39243859186372
204  -1.31155688762178  1.35522581391975
205  -1.47150488952014  1.31341776246757
206  -1.63012675624456  1.26710837344673
207  -1.78731400647778  1.21640107546107
208  -1.94296924417531  1.16140835025816
209  -2.09700715660403  1.10225125802531
210  -2.24935547701779   1.0390589340262
211  -2.39995590641087 0.971968064933622
212  -2.54876498921195  0.90112235518009
213  -2.69575493852966 0.826671995683726
214  -2.84091440748656 0.748773149351345
215  -2.98424920390372 0.667587469782577
216  -3.12578294545686 0.583281671623047
217  -3.26555765046447 0.496027173116967
218  -3.40363425461391 0.405999833633878
219  -3.54009303539706 0.313379811080435
220  -3.67503391403035 0.218351565303692
221  -3.80857659141692 0.121104031846802
222  -3.94086046565595 0.0218309821985762
223  -4.07204428299324 -0.0792684328338055
224  -4.20230550460567 -0.18198899522138
225  -4.33183944147603 -0.286118676905983
226  -4.46085832710823 -0.391437988416162
227  -4.58959065949929 -0.497719601896098
228  -4.71828133116407 -0.604728407802757
229  -4.84719325123688 -0.712222037583381
230    -4.976611322751 -0.819951628934305
231  -5.10684975502789 -0.927662224972113
232  -5.23826371843969  -1.0350916751089
233  -5.37126608800785 -1.14196614508672
234  -5.50634890730712 -1.24798907401025
235  -5.64410609050226 -1.35281827308585
236  -5.78524741210631 -1.45602310907108
237  -5.93058496411672 -1.55701337724585
238  -6.08097045231874 -1.65494142750084
239  -6.23717879154309 -1.74860479162931
240  -6.39976327764409 -1.83639908411645
241  -6.56890784673998 -1.91635532007994
242  -6.74426769214426 -1.98625864789132
243   -6.9248310802049 -2.04385671864426
244  -7.10925649207208 -2.08722486357178
245  -7.29598867282806 -2.11489591900741
246  -7.43594720339004 -2.12467795808079
247   -8.1632082239496 -2.02700501087993
248  -8.80800142347284 -1.74907411780695
249  -9.32677336022897 -1.26989480745782
250  -9.62099281311444 -0.619072496280353
251  -9.62489702572686 0.100067374004022
252  -9.10449808463616  1.08286165661857
253  -8.21983775796534  1.75238975570502
254  -7.20954891336007  2.17751445113542
255  -6.16782595165966  2.48251931684342
256  -5.12494834874277  2.76068560690432
257  -4.08566411675871  3.05869165571356
258  -3.04020419749642  3.37081104398696
259  -1.97668854079811  3.64739705629916
260  -0.895007624690055   3.8438303178995
