// Id               X                Y
  1  -0.136566567561311  2.40877721298136
  2   0.90111108873949  2.35793009531203
  3   1.96378584289757  2.16507567481962
  4   3.02460794010667  2.02021472895707
  5   4.06763596723197  1.93912444435133
  6   5.06452393514226  1.89420066053233
  7   6.01910194755418  1.85372361651407
  8   6.94978651070308   1.7650524465908
  9   7.83959674873581  1.54880060598768
 10   8.62501401124057  1.11783007214459
 11   9.19820564527297 0.431867152301679
 12   9.32385753984348 -0.0445341813215709
 13   9.25919984489445 -0.54052307063358
 14   8.97506918656402 -0.951335833729029
 15   8.52818132641165 -1.15440962351689
 16   8.08941590756402   -1.114400991104
 17   7.86941377228425 -1.05787209343305
 18   7.67578701976619 -0.995567269301325
 19   7.49916716208768 -0.932864086144019
 20   7.33447302496109 -0.871527172711894
 21   7.17873083424031 -0.811735893208081
 22   7.02999075240792 -0.752946255832851
 23   6.88680185216382 -0.694344062895574
 24   6.74796431359019 -0.635084312603607
 25   6.61243342851264 -0.574408400046593
 26   6.47930040213024 -0.511696668531404
 27   6.34779540737316 -0.446487929897427
 28   6.21728437916842 -0.378480690534218
 29   6.08725278806517 -0.307522775098226
 30   5.95728092779155 -0.233593000514165
 31   5.82701766988122 -0.156778178886914
 32   5.69615809432037 -0.077248632480732
 33   5.56442752468229 0.00476485782951282
 34   5.43157214324729 0.0889907214275421
 35   5.29735483906935 0.175131909459556
 36   5.16155445905662 0.262876881585523
 37   5.02396666410229 0.351906865959712
 38   4.88440512712641 0.441900288973216
 39   4.74270230970597  0.53253521455939
 40   4.59870958923107 0.623490532106029
 41   4.45229681196537 0.714446388490348
 42   4.30335154384786 0.805084244385177
 43   4.15177828255194 0.895086779429128
 44   3.99749787381399 0.984137826866777
 45   3.84044723294756  1.07192243496448
 46   3.68057941299682  1.15812714322714
 47   3.51786395822194  1.24244049544981
 48   3.35228745924602  1.32455381265485
 49    3.1838541929769  1.40416219515228
 50   3.01258675452156  1.48096573416717
 51   2.83852658442561   1.5546708793645
 52   2.66173433799391  1.62499192743397
 53   2.48229004726001  1.69165257977149
 54   2.30029305869612  1.75438754020761
 55     2.115861734952  1.81294411116587
 56   1.92913292596926  1.86708376998266
 57   1.74026121475865  1.91658369529016
 58   1.54941795402269  1.96123823021591
 59   1.35679010423719  2.00086025977958
 60   1.16257889192444  2.03528249103225
 61  0.966998302913745  2.06435861563076
 62  0.770273428775993  2.08796434427076
 63  0.572638685362871  2.10599829485201
 64  0.374335923814316  2.11838272473181
 65  0.175612454925004   2.1250640929965
 66  -0.0232809888363589  2.12601344626644
 67  -0.222092330785502  2.12122661947664
 68  -0.420570241706637  2.11072425030128
 69  -0.618466220362317   2.0945516053919
 70  -0.815536638929592  2.07277822299163
 71  -1.01154472854079  2.04549737676838
 72  -1.20626248212902  2.01282537111503
 73  -1.39947245349029  1.97490067816187
 74  -1.59096943209317  1.93188293088112
 75   -1.7805619756499  1.88395178613479
 76   -1.9680737841157   1.8313056738966
 77  -2.15334489898158   1.7741604481244
 78  -2.33623271434433  1.71274795601375
 79  -2.51661278607276  1.64731454175627
 80  -2.69437942700455  1.57811950289819
 81  -2.86944607865961  1.50543351800668
 82   -3.0417454534587  1.42953706840972
 83  -3.21122944818535  1.35071888004717
 84  -3.37786884055964  1.26927441711113
 85  -3.54165279453933  1.18550446401206
 86   -3.7025882198577  1.09971383653238
 87  -3.86069905236976  1.01221026378952
 88  -4.01602554286865 0.923303479846489
 89  -4.16862365738969 0.833304553397042
 90  -4.31856469408233 0.742525468008092
 91  -4.46593520233423 0.651278942009562
 92  -4.61083724316049 0.559878449042697
 93  -4.75338895221157 0.468638367864599
 94  -4.89372526905302 0.377874151895135
 95  -5.03199860001257  0.28790235705309
 96  -5.16837912745425 0.199040288519504
 97  -5.30305451679881 0.111604906753598
 98  -5.43622895303092 0.0259104669162915
 99  -5.56812178744553 -0.0577358237732385
100  -5.69896657438797 -0.139040992063185
101  -5.82901183706146 -0.217737182543776
102  -5.95852535101307 -0.293596810158645
103  -6.08780382085467 -0.366451913390259
104  -6.21718925395593 -0.436216688426315
105  -6.34709186397503 -0.502911133298035
106  -6.47801697854702 -0.566682921875318
107  -6.61059075023062 -0.627824344206873
108    -6.745578028608 -0.686781265032978
109  -6.88388847025648 -0.744150624527933
110  -7.02657773493164 -0.800660009309963
111  -7.17487098186083 -0.857114209203577
112  -7.33025912850543 -0.914276160632437
113  -7.49473798065671 -0.972622706675007
114   -7.6713152756127 -1.03188075159252
115  -7.86506984637443 -1.09014088318255
116  -8.08528261476152  -1.1417680546851
117  -8.52469060931693 -1.17101749103505
118  -8.96578569368066 -0.954736063827084
119  -9.23642845993924 -0.53412582783292
120  -9.28385980698962 -0.0354953814510275
121  -9.14193789420454  0.43694682827383
122  -8.54786803260738  1.10562156424487
123  -7.75155057687794  1.51743260478487
124  -6.85732521155653  1.71663386119507
125  -5.92584045056473  1.79151655146361
126  -4.97441964239356  1.82124674158032
127  -4.01286562077838  1.85762316204076
128  -3.06702570803832  1.93530763171561
129  -2.14471202300925  2.07403621148724
130  -1.12902167514056  2.21964656613346
131  0.312859710550515  2.76677716658414
132   1.33818561132963   2.7490256316181
133   2.27326960588388  2.68995057898763
134   3.20250318472145  2.61702225428314
135   4.15370894552358   2.5558732341886
136   5.15951637647483  2.50843396447142
137   6.21086689610702   2.4445776430336
138   7.27599911512809  2.29417115021181
139   8.31541641739057  1.95068554854551
140     9.214099388914   1.2960774208295
141   9.72210884293898 0.304065593601578
142    9.7127981949316 -0.418298493895494
143   9.42320384265106 -1.07844682826021
144   8.90771440169092 -1.58212021465741
145   8.25584365562366 -1.88626354269261
146   7.49247947407799  -2.0015813134321
147   7.33165388476657 -1.99599075317323
148   7.17128646456059 -1.98060651718339
149   7.01193490794795 -1.95597101948923
150   6.85390748829486 -1.92273471637457
151   6.69736086847655 -1.88153545139793
152   6.54238590683675 -1.83310212581473
153   6.38908157444957 -1.77813025819937
154   6.23750848147697 -1.71737919393801
155   6.08770955152069 -1.65153030332516
156   5.93965742223274 -1.58127283793214
157   5.79330064989657 -1.50719033604876
158   5.64852852873293 -1.42985036035013
159   5.50522068671914 -1.34972803580913
160   5.36321839496861 -1.26728291645551
161   5.22236546167793 -1.18290475763476
162   5.08247962263953 -1.09697842901107
163    4.9433876453601 -1.00983710885866
164   4.80489883051981 -0.921815018621593
165    4.6668333151362 -0.833209576112551
166   4.52900027230704 -0.744321984153544
167   4.39122271894827 -0.655423848553515
168   4.25331716143941 -0.566793468795894
169   4.11511655737168 -0.478684435077431
170   3.97645298026378 -0.391356371342969
171   3.83717644039366 -0.30504875423005
172   3.69714030819684 -0.220006965286234
173   3.55621800435297 -0.136457794551268
174   3.41428930872168 -0.0546339585742525
175   3.27125456093521 0.0252482402702568
176   3.12702347630573 0.102968455987017
177   2.98152605190803 0.178321059648543
178   2.83470320176637 0.251097435282266
179   2.68651579691646 0.321103412635885
180   2.53693663778579 0.388143517408086
181   2.38595720304483 0.452035849005238
182   2.23358157752681 0.512599672378911
183   2.07983110256241 0.569667737791401
184   1.92473949872435 0.623075825657997
185   1.76835613286495 0.672673613914706
186   1.61074214410241 0.718316126485827
187   1.45197226332291 0.759872395801532
188   1.29213188447849 0.797219034828208
189   1.13131781370004 0.830247233257393
190   0.96963586113731 0.858857487914788
191  0.807200844617777 0.882965367635032
192  0.644134597296712  0.90249743404226
193  0.480565351964226 0.917395570357957
194  0.316626049062693 0.927613874712779
195  0.152453327188558 0.933122013775814
196  -0.0118139915817776 0.933902622836458
197  -0.176036153277187 0.929953833946664
198  -0.340073845450606 0.921287180874713
199  -0.503789579483646 0.907929340344802
200  -0.66704894253379 0.889920346178667
201  -0.829722016217959 0.867314796646533
202  -0.991684508099336 0.840180227739453
203  -1.15281912773917 0.808597853538218
204   -1.3130165916035 0.772661101231014
205  -1.47217689909718 0.732475980752364
206  -1.63021018573546 0.688159703228261
207  -1.78703786127418 0.639840812244966
208  -1.94259329663103 0.587657890214487
209  -2.09682278350848 0.531759503220374
210  -2.24968604307541 0.472303022484406
211  -2.40115699555991 0.409454493548489
212  -2.55122407026341 0.343387568291185
213  -2.69989076888711 0.274283369698573
214  -2.84717578616429 0.202329610926794
215  -2.99311334396411 0.127720496404113
216  -3.13775309719894 0.050656036345331
217  -3.28116024111019 -0.0286579072522623
218  -3.42341516713523 -0.110010095680857
219  -3.56461326979263 -0.193183735764275
220  -3.70486433146197 -0.277956660400334
221   -3.8442919650266 -0.36410098334853
222  -3.98303260855648 -0.45138305338705
223  -4.12123457219807 -0.539562853797569
224  -4.25905662346887 -0.628393667379545
225  -4.39666655928304 -0.717621289229963
226  -4.53423945465911 -0.80698329210841
227  -4.67195591912529 -0.896207846108345
228  -4.81000007741941 -0.985012530735745
229  -4.94855769876997 -1.07310244057032
230  -5.08781414302434 -1.16016796645862
231  -5.22795230679393 -1.24588171913525
232  -5.36915032119218 -1.32989458090456
233  -5.51157891251713 -1.41183045036742
234  -5.65539780320692 -1.49128001706326
235  -5.80075097229522 -1.56779322471122
236  -5.94776009147418 -1.64087138522553
237  -6.09651604803133 -1.70996016504651
238  -6.24706924741179 -1.77444587123096
239  -6.39942131828491 -1.83365796372405
240  -6.55352270945946 -1.88688153676514
241  -6.70928171530184 -1.93337993437583
242   -6.8665836048021 -1.97242254145057
243  -7.02529957080137 -2.00330616524693
244  -7.18524432185885 -2.02536266071842
245  -7.34606897462137 -2.03796665373772
246  -7.50718341804954 -2.04057147897025
247  -8.26838278016786 -1.90865539832058
248  -8.91288077886323 -1.58745193302141
249  -9.41404066700322 -1.06851093403493
250  -9.68325550035934 -0.399057609768499
251  -9.66978117739249 0.323829696599968
252  -9.13173754458197  1.30075777709103
253  -8.21605731283702  1.93229811526242
254  -7.16893112892391  2.25438542413592
255  -6.09956656197627  2.38784347234093
256  -5.04189535707765  2.43924427479079
257  -3.99776070945404  2.47944820238599
258  -2.94425083141468  2.54270486352386
259  -1.87149577378991  2.62916354407804
260  -0.779253757018478  2.71638874568636
