// Id               X                Y
  1  -0.0809763503210313  1.08712002124616
  2  0.881310128406429  1.10322962293973
  3   1.87582051709845  1.14835401829669
  4   2.92455226310809  1.19457326322381
  5   3.86353514272204  1.19195624489234
  6   4.80982046270991  1.23137724801488
  7   5.74196220947143  1.39954178978887
  8     6.652278105571  1.67445358262974
  9   7.55718828702918  1.93754802862196
 10   8.48392704023302  1.99482202104375
 11   9.31721092517873  1.58238766785327
 12   9.52790615674825  1.10918787249446
 13       9.4571531348 0.597186610700643
 14    9.1225540986737 0.201846499177769
 15   8.64210396301518 0.0215706564797604
 16   8.10597933225315 0.0500830394209458
 17   7.53697935139841  0.20111911751584
 18   7.47221357251816 0.219005271780619
 19   7.41562904444918 0.234722466517412
 20   7.35480574532862 0.251720522041543
 21   7.28608048815077 0.271022542757466
 22   7.20914850873272 0.292746085864977
 23   7.12426857046463 0.316817066367305
 24   7.03177413044111 0.343123549334323
 25   6.93195424423882 0.371530389818206
 26   6.82498691670907 0.401893646082262
 27   6.71084548202574 0.434077711753639
 28    6.5890835711873 0.468004201748375
 29   6.45798521663579 0.503862054146656
 30   6.30582660925288 0.544335960285185
 31   6.14203271039352 0.586206859375762
 32   5.97204694149896 0.627489124386556
 33   5.79754118515575 0.667298191050859
 34   5.61949245189119 0.705009557790852
 35   5.43860623619882 0.740147713165833
 36   5.25545814229978 0.772350879827767
 37   5.07055314393004 0.801355859939157
 38   4.88435177978976 0.826989296418754
 39   4.69728105362921 0.849160674172603
 40   4.50973781310353   0.8678552988009
 41   4.32208846967755 0.883126650538918
 42   4.13466715550339 0.895088032787343
 43   3.94777351296909 0.903903680859645
 44   3.76167080073143 0.909779605478619
 45   3.57658468133347 0.912954477157539
 46   3.39270284503381 0.913690842569446
 47   3.21017548314647 0.912266921021809
 48   3.02911653245069 0.908969171337065
 49   2.84960555868529 0.904085756614388
 50    2.6716901235493 0.897900973730455
 51   2.49538847885763 0.890690660860742
 52   2.32069244682177 0.882718552426962
 53   2.14757037044448 0.874233517523012
 54    1.9759700467823  0.86546759449684
 55   1.80582158306539 0.856634719596323
 56   1.63704013710524 0.847930039755623
 57   1.46952851629569 0.839529697187036
 58   1.30317961309849  0.83159097537302
 59   1.13787865094066 0.824252701747682
 60  0.973505206982696 0.817635811566469
 61  0.809934972617263 0.811843989910107
 62  0.647041213796253 0.806964323782734
 63  0.484695904096519 0.803067912602152
 64  0.322770523300269 0.800210401367502
 65  0.161136539767086 0.798432414729627
 66  -0.000334378776740943 0.797759880838784
 67  -0.161770358558452 0.798204240727108
 68  -0.323299433142718 0.799762542432223
 69  -0.485049683656141 0.802417420048643
 70  -0.647149310987987 0.806136957744158
 71  -0.809726550889872 0.810874438977465
 72  -0.972909355966945 0.816567983121479
 73  -1.13682478827061 0.823140076593283
 74  -1.30159809069919 0.830497014075403
 75  -1.46735143121683 0.838528277424616
 76  -1.63420233648476 0.847105894551223
 77  -1.80226184673488 0.856083836442808
 78  -1.97163242957282 0.865297525913179
 79  -2.14240568792257 0.874563545129342
 80  -2.31465989033991 0.883679639581929
 81  -2.48845734558546 0.892425123500457
 82  -2.66384164237827 0.900561795588128
 83  -2.84083478255566 0.907835474034683
 84  -3.01943425200106 0.913978255317896
 85  -3.19961009700338 0.918711591099259
 86  -3.38130210077915 0.921750260011302
 87  -3.56441718108565 0.922807284807625
 88  -3.74882714967733 0.921599809190842
 89  -3.93436698167033 0.917855902669239
 90  -4.12083373101065 0.911322207584857
 91  -4.30798618993026 0.901772283549252
 92  -4.49554531716687 0.889015446779671
 93  -4.68319534083459 0.872905853742221
 94  -4.87058525967935 0.853351551824947
 95  -5.05733018809791 0.830323231230044
 96  -5.24301154667854 0.803862488554672
 97  -5.42717433609389 0.774089603476974
 98  -5.60931827709701  0.74121124499027
 99  -5.78887649083603 0.705529438632594
100  -5.96516781561973  0.66745534204325
101  -6.13728672294602 0.627537735378361
102  -6.30380512822846 0.586541316338261
103    -6.461367618989 0.545827186413479
104  -6.59670247741183 0.509578073098549
105  -6.72111152389204 0.475396645111706
106  -6.83751187448819 0.442824670856089
107  -6.94657340632131  0.41191277488933
108   -7.0484108617827 0.382802405307254
109  -7.14289223966459 0.355655564621279
110  -7.22975585767547 0.330631406027481
111  -7.30868580807369 0.307872659086023
112  -7.37942840768825 0.287479676558946
113  -7.44228317302111 0.269376520280405
114   -7.5008976754235 0.252515309317022
115  -7.56787094467051 0.233282949223737
116  -8.13264971801375 0.0733876477653237
117  -8.66774453842142 0.0281527866884425
118  -9.15535653921331 0.185292641412594
119  -9.51325492743132 0.558947621264594
120  -9.61919154746247  1.06474135899267
121  -9.44029099476727  1.55138712294771
122  -8.62991630338367  2.00524447654969
123  -7.70382191601023  1.97069344631729
124  -6.80203820588521  1.71260852362854
125  -5.90029413305801  1.43114258015827
126   -4.9770149416396  1.25003256291123
127  -4.03787545595766  1.19962400189116
128  -3.09542909733647  1.20419331950728
129  -2.04242170764972  1.15741192092245
130  -1.05015446638463  1.08901224945194
131  -0.0701028761767144  1.68234199190557
132  0.899947837061854   1.7077764408971
133   1.86726973780287  1.74181005402343
134   2.83146397743938  1.78452116656448
135   3.81210923807624  1.79748891498568
136   4.78691992930214  1.83937113073747
137   5.78587182873951  2.00970516204775
138   6.80124276301708  2.27213147653118
139   7.85457574429411  2.47809199990674
140   8.94086458275375  2.39763462111427
141   9.79289522589782  1.71467581582383
142    10.059051007454  1.06441277039193
143    9.9410743846198 0.374046169941744
144   9.51056424377168 -0.17882555539379
145   8.96194204643346 -0.611215058033777
146   9.02824037166476  -1.3275882701414
147   8.98717867398955 -1.48039528987391
148   8.77304482261372 -1.62288042902239
149   8.53946317603931 -1.73080348450201
150   8.29651561530198 -1.80953187993503
151   8.05000186596906 -1.86326931239352
152   7.80334765121907 -1.89529174657485
153     7.558913556935 -1.90869239001493
154    7.3183616296649 -1.90644396162144
155   7.08285638611288 -1.89133329609277
156   6.85324459877948  -1.8659201283162
157     6.630254781553 -1.83252930187793
158   6.41481560125171 -1.79324584151939
159   6.20905301148934 -1.74990914595777
160   6.02549245898631  -1.7063071499241
161   5.85307572912128  -1.6637816521625
162   5.68550315882376 -1.62300980178362
163   5.52083386608167 -1.58454755996781
164   5.35803132774873 -1.54873900971966
165   5.19644221037534 -1.51581954621228
166   5.03561670210521 -1.48595235458688
167   4.87522827399962 -1.45924142102346
168   4.71503160120091 -1.43573761740524
169   4.55483761078964 -1.41544304779097
170    4.3944972425964 -1.39831523900105
171   4.23389020242763 -1.38427160006069
172   4.07291692353279 -1.37319417618004
173   3.91149280367322 -1.36493458029591
174    3.7495441728356 -1.35931894335518
175   3.58700562665072 -1.35615272902754
176   3.42381844700706 -1.35522528593347
177   3.25992987705759 -1.35631404795081
178    3.0952930471281 -1.35918833256812
179   2.92986737131334 -1.36361272327652
180   2.76361925542024 -1.36935005146759
181    2.5965229760901 -1.37616401474334
182   2.42856160827462 -1.38382148167778
183   2.25972789389869 -1.39209453843158
184   2.09002495940319 -1.40076233121496
185   1.91946680557511 -1.40961275169062
186   1.74807851164602 -1.41844400148252
187   1.57589611870283 -1.42706605869266
188    1.4029661853058   -1.435302055631
189   1.22934503903305 -1.44298956483305
190   1.05509777737112 -1.44998178168861
191  0.880297094426513 -1.45614858782848
192  0.705022021179414 -1.46137748000844
193  0.529356663675672 -1.46557435365113
194  0.353389006537887 -1.46866413664313
195  0.177209822749356 -1.47059127532543
196  0.000911700888620332 -1.47132007910394
197  -0.175411826319442 -1.47083493178288
198  -0.351667088969961 -1.46914037654171
199    -0.527761071202 -1.46626107813144
200  -0.703602237773048 -1.46224166151859
201  -0.879101439856883  -1.4571464221902
202   -1.0541729276567 -1.45105890091959
203  -1.22873547354685 -1.44408131592298
204  -1.40271358105033 -1.43633384835711
205  -1.57603872689845 -1.42795378253268
206  -1.74865056158906  -1.4190945087017
207  -1.92049798344621 -1.40992440187702
208  -2.09154000482088 -1.40062559287864
209  -2.26174634586717 -1.39139264627161
210  -2.43109771733805 -1.38243115367214
211   -2.5995857837288 -1.37395624072856
212  -2.76721282704539 -1.36619097341227
213  -2.93399115654654 -1.35936463594944
214  -3.09994233027044 -1.35371084068078
215  -3.26509627101432 -1.34946542108051
216  -3.42949037457587 -1.34686405459843
217   -3.5931687234351 -1.34613956322182
218  -3.75618153611623 -1.34751884778298
219  -3.91858500202386 -1.35121942784127
220  -4.08044167400777 -1.35744558264092
221  -4.24182161710991 -1.36638411942898
222  -4.40280454479833 -1.37819983112631
223  -4.56348322161078 -1.39303074181492
224  -4.72396849275866 -1.41098326882823
225  -4.88439645916898  -1.4321274431028
226  -5.04493864204964 -1.45649230439275
227  -5.20581667758831 -1.48406147985763
228  -5.36732463225623 -1.51476864147289
229  -5.52986569121258 -1.54849163910162
230  -5.69401946729992 -1.58504134623208
231  -5.86068464835647 -1.62413241921178
232  -6.03145326523755 -1.66529794802302
233  -6.21025817888867 -1.70774273593796
234  -6.41224983872286 -1.75084992023417
235   -6.6255901363446 -1.79067020985814
236  -6.84691483795823 -1.82520408195688
237   -7.0751071050444 -1.85239725286889
238  -7.30941462106434 -1.86994795775554
239  -7.54903164622318  -1.8753102231661
240  -7.79287503088035 -1.86569776582894
241  -8.03939555179249 -1.83811682919402
242  -8.28637120012797 -1.78941922184489
243  -8.53053502272665 -1.71622320921498
244  -8.76625957218321 -1.61412980854231
245    -8.983535191909 -1.47734812451472
246  -9.02802600591183 -1.32614835089578
247  -8.97941259431683 -0.608695897743081
248  -9.54405996629796 -0.196674152076119
249  -9.99822538358403 0.337303216934756
250  -10.1497582818215  1.02070758733872
251  -9.90894801953426  1.67986781425858
252  -9.09008682568957  2.40050841806385
253  -8.00649174950213  2.50783835243884
254  -6.95070319122657  2.31035017858086
255  -5.93513370537778  2.04193038972834
256    -4.931590396493  1.85686355822423
257  -3.95325091801357  1.80197528085336
258  -2.96567096688127   1.7893748287318
259  -2.00028231644764  1.74937559767667
260  -1.03260393742215  1.68423263576479
