// Id               X                Y
  1  -0.00270119832536897 -0.616489838084496
  2  0.979077682122866 -0.535773323347265
  3   1.91967351831636 -0.302962664562826
  4   2.79869627752618 0.056217097189809
  5   3.61196984241492 0.508860153657912
  6   4.37034263755082  1.01745549523292
  7   5.09895359033444  1.54030885536703
  8   5.83328468012141  2.03073935696855
  9   6.61701622033785  2.41908642256869
 10   7.47228318698468  2.55004764021327
 11   8.28117672484183  2.25025749832573
 12   8.57221614653304  1.89417868454053
 13   8.70840734948503  1.45587251673359
 14   8.67892360701021 0.998517874830287
 15   8.50895065574867 0.575063830045343
 16   8.24842407177033 0.213678738602519
 17   8.09256855602443 0.0359479636613902
 18   7.95035523784698 -0.101349870287618
 19   7.80930248683527 -0.21893003949922
 20   7.66689789319567 -0.32330018379414
 21   7.52244596569255 -0.417840206824068
 22   7.37575531410332 -0.504673037260794
 23   7.22682319498699 -0.585234849274864
 24   7.07573892763213 -0.660527586226833
 25   6.92264486598781 -0.731260446914212
 26   6.76771327114968 -0.797940778997286
 27   6.61112904586806 -0.860935989400609
 28   6.45307644107967 -0.920516217848492
 29   6.29372938383179 -0.976883451914536
 30   6.13324506298365 -1.03019107112471
 31   5.97176024704495 -1.08055684146892
 32    5.8093897653118 -1.12807164340123
 33   5.64622663363348 -1.17280558595451
 34   5.48234338968876 -1.21481263023362
 35   5.31779428303145 -1.25413442912569
 36   5.15261802880042 -1.29080378723097
 37   4.98684088011769 -1.32484794195659
 38    4.8204798074984 -1.35629174101414
 39   4.65354560028174 -1.38516071924677
 40   4.48604573098269  -1.4114840382877
 41   4.31798685271181 -1.43529723144442
 42   4.14937683423646 -1.45664468493692
 43    3.9802262762083 -1.47558178158449
 44   3.81054949292426 -1.49217663362915
 45   3.64036498297867 -1.50651133819484
 46    3.4696954455126 -1.51868270232856
 47   3.29856742350348 -1.52880240416453
 48   3.12701067002009 -1.53699658093625
 49    2.9550573374261 -1.54340486096239
 50   2.78274108430279 -1.54817888261545
 51   2.61009618242367 -1.55148036606082
 52   2.43715668904298 -1.55347882117571
 53   2.26395573064704   -1.554348986258
 54   2.09052492552803 -1.55426809650553
 55   1.91689395585868 -1.55341307916122
 56   1.74309028655234 -1.55195776466231
 57   1.56913901860243 -1.55007019147507
 58   1.39506285876063 -1.54791006807411
 59   1.22088218488509  -1.5456264402466
 60   1.04661518635005 -1.54335559690427
 61  0.872278060756335 -1.54121923395016
 62  0.697885251046139 -1.53932288425759
 63  0.523449710361291 -1.53775461295595
 64  0.348983185112582 -1.53658397118702
 65  0.174496509447852 -1.53586119825474
 66  -9.3531562308953e-08  -1.5356166613974
 67  -0.174496706887476 -1.53586052385765
 68  -0.34898341337436 -1.53658263498603
 69  -0.523449988977234 -1.53775264017491
 70  -0.697885598054064 -1.53932031282059
 71  -0.87227849216459 -1.54121611457228
 72  -1.04661571567034 -1.54335199318722
 73  -1.22088282275959 -1.54562242875776
 74  -1.39506361271306 -1.54790573838211
 75  -1.56913989294539 -1.55006564610962
 76  -1.74309128248334 -1.55195311896133
 77  -1.91689507177569  -1.5534084609633
 78  -2.09052615758951 -1.55426364564231
 79  -2.26395707359204 -1.55434485379796
 80  -2.43715813727303 -1.55347516837047
 81  -2.61009773132884 -1.55147736294687
 82  -2.78274273179189 -1.54817670622983
 83  -2.95505908559356 -1.54340369314102
 84  -3.12701252685187  -1.5369966056783
 85  -3.29856940449419 -1.52880380456703
 86  -3.46969757503521 -1.51868565712057
 87  -3.64036729522726 -1.50651601793037
 88  -3.81055203223192 -1.49218319662989
 89  -3.98022909654705 -1.47559036975478
 90   -4.1493799977208 -1.45665541960168
 91  -4.31799042697285 -1.43531020938048
 92  -4.48604978534358 -1.41149932812834
 93  -4.65355020075249 -1.38517835843481
 94  -4.82048501070827 -1.35631173345998
 95  -4.98684672640805 -1.32487025652607
 96  -5.15262453479177 -1.29082835714806
 97  -5.31780143404727 -1.25416115233173
 98  -5.48235113244842   -1.214841370704
 99  -5.64623486961469 -1.17283617593943
100  -5.80939834512958 -1.12810388653083
101  -5.97176896611273 -1.08059051664221
102  -6.13325365862157 -1.03022593708765
103  -6.29373753389455 -0.976919252426661
104  -6.45308376412025 -0.920552687349249
105  -6.61113510287365 -0.860972859130882
106  -6.76771756904092 -0.79797778361463
107  -6.92264686345536 -0.731297331723231
108  -7.07573804458441 -0.660564115099597
109  -7.22681882795447 -0.585270812865686
110  -7.37574686109231 -0.504708259798825
111   -7.5224328640686 -0.417874547242007
112  -7.66687967049809 -0.323333523499898
113  -7.80927881331998 -0.218962245577412
114  -7.95032595134139 -0.101380714711545
115  -8.09253363618379 0.0359190339916138
116   -8.2483830990139 0.213653191853485
117  -8.50889479166797 0.575042614509357
118  -8.67885197880065 0.998497576317233
119  -8.70832425792131  1.45584846050405
120  -8.57213161390195  1.89414965178947
121  -8.28110179882129  2.25023046959778
122  -7.47222980313575  2.55006378560668
123  -6.61695624900008   2.4191752460788
124  -5.83318835434469  2.03091100770901
125  -5.09880262175232  1.54057173836558
126  -4.37013883515583  1.01778218015216
127  -3.61171213535732 0.509220779962007
128  -2.79835586778518 0.0565649675034457
129  -1.91909650197419 -0.302679138822108
130  -0.977593961759525 -0.53552474909345
131  -0.000646651721712354 0.00437657089762218
132  0.905498568888957 0.080994026091925
133   1.78679164696062 0.304086421590956
134    2.6260396904133   0.6537606049768
135   3.41961821898169  1.10119803442136
136   4.18100831646031  1.61168391523165
137   4.94380594421498  2.14428458997454
138   5.77566975700296   2.6487912966387
139   6.77314126299699  3.02005867703014
140   7.85793905285764  3.02454351490113
141   8.79922678935112  2.49972256107673
142   9.17010465355422  1.91808771487906
143   9.29372759413323  1.24040263385256
144   9.16934496152167 0.560092157113658
145   8.83713988951968 -0.0540405876595389
146   8.34436713585115 -0.575713939487798
147   8.34289107361539 -0.576965965049202
148   8.23985853951995 -0.66077109981553
149   8.11130555645216 -0.757063892266764
150   7.97022721352776 -0.854047615325108
151   7.82099900911378 -0.948352328354369
152   7.66594630368173 -1.03867288479328
153   7.50657556065674 -1.12450317287544
154   7.34395069198953 -1.20572063039493
155   7.17884829952549 -1.28240281868611
156   7.01183931419147 -1.35472963709257
157   6.84334086466087 -1.42292568820536
158   6.67365347119029 -1.48722518580166
159   6.50298944866295  -1.5478509871827
160   6.33149520141457 -1.60500293099085
161   6.15926890589229 -1.65885238422689
162   5.98637458125397 -1.70954090287392
163   5.81285328661842 -1.75718157035132
164   5.63873200618239 -1.80186203461772
165    5.4640306460575 -1.84364857964998
166    5.2887674590587 -1.88259077792655
167   5.11296313296667  -1.9187264061423
168   4.93664372106765 -1.95208638995901
169   4.75984255702342  -1.9826995936372
170   4.58260127481032 -2.01059730092663
171   4.40497004431639 -2.03581725465561
172   4.22700713052967 -2.05840714076609
173   4.04877788609376 -2.07842742215399
174   3.87035329085205 -2.09595345061711
175   3.69180815573452 -2.11107681197306
176   3.51321911010304 -2.12390588932323
177   3.33466249001087  -2.1345656610049
178   3.15621223874366 -2.14319678095605
179     2.977937920163 -2.14995401774652
180   2.79990293008812 -2.15500415222881
181   2.62216297220434 -2.15852345084496
182   2.44476484417672 -2.16069484094367
183   2.26774555839948 -2.16170491564464
184   2.09113180170819 -2.16174088926847
185    1.9149397207564 -2.16098761127882
186   1.73917500558137 -2.15962472873411
187   1.56383323368383 -2.15782406638706
188   1.38890043086321 -2.15574727180784
189   1.21435380285958 -2.15354375206835
190   1.04016259309146 -2.15134891008364
191  0.866289025795331  -2.1492826736931
192  0.692689299932928 -2.14744829953658
193  0.519314606566137 -2.14593142686828
194  0.346112150264821 -2.14479935343498
195  0.173026162806776 -2.14410050596099
196  -1.09564577573647e-06 -2.14386408102721
197  -0.173028347063558  -2.1440998375453
198  -0.346114312949911 -2.14479802895648
199  -0.519316731755544 -2.14592947109878
200  -0.692691369441969 -2.14744574979415
201  -0.86629101838579 -2.14927958002164
202  -1.04016448379893 -2.15134533547012
203  -1.21435556248682 -2.15353977267788
204  -1.38890202569129 -2.15574297721044
205   -1.5638346254587 -2.15781955974288
206  -1.73917615183685 -2.15962012689599
207  -1.91494057553223 -2.16098304476219
208  -2.09113231671669 -2.16173650202978
209  -2.26774568468128 -2.16170086460012
210  -2.44476453426448 -2.16069129515359
211  -2.62216218278522  -2.1585205902836
212  -2.79990162511599 -2.15500216606104
213  -2.97793607433002 -2.14995310203941
214  -3.15620984116851 -2.14319713576984
215  -3.33465954795076 -2.13456748683401
216  -3.51321565244729  -2.1239093828947
217  -3.69180423599643 -2.11108216145582
218  -3.87034898934839 -2.09596083034877
219  -4.04877331099246 -2.07843698704761
220  -4.22700241746587 -2.05841902061132
221  -4.40496535431779 -2.03583154857145
222   -4.5825967903536 -2.01061407224772
223  -4.75983847614307 -1.98271886551854
224  -4.93664024957032 -1.95210814195952
225  -5.11296047494792 -1.91875057199771
226  -5.28876580606891 -1.88261724464911
227  -5.46403016540306 -1.84367718800584
228  -5.63873282896622  -1.8018925809436
229  -5.81285549620113 -1.75721380959431
230  -5.98637820283479 -1.70957455268863
231  -6.15927389787413 -1.65888712995057
232  -6.33150144911526 -1.60503843134968
233  -6.50299676078715 -1.54788688065722
234  -6.67366157929604 -1.48726109768732
235  -6.84334942567038 -1.42296123852661
236   -7.0118479158205 -1.35476444964567
237  -7.17885646832391  -1.2824365315945
238  -7.34395790345958 -1.20575290869386
239  -7.50658125055962 -1.12453372392387
240  -7.66594987915297  -1.0387014779883
241  -7.82099985779454 -0.948378822147296
242  -7.97022470928402 -0.854071997813584
243  -8.11129906193063 -0.757086350333847
244  -8.23984740118029 -0.660792170371366
245  -8.34287447907983 -0.576987194917392
246  -8.34434853854378 -0.575736722566293
247  -8.83710266186979 -0.0540545437018484
248  -9.16928549991468 0.560076618370509
249  -9.29365295215895  1.24037406423347
250  -9.17003171725162  1.91804330825977
251  -8.79917262419052  2.49967419854168
252  -7.85792281416465  3.02453359329233
253  -6.77313866888523  3.02013350169235
254  -5.77565683832858  2.64896992855919
255   -4.9438229725535   2.1445942691432
256   -4.1810133658899  1.61207900605941
257   -3.4196357279385  1.10165130700028
258  -2.62611104224342 0.654232865812776
259  -1.78696977987964 0.304511783777615
260  -0.905830695386291 0.0812533294090948
