// Id               X                Y
  1  -0.144868712110363  2.95632084710563
  2  0.865035494767004  2.91608273055318
  3   1.85451822170519  2.75691658913436
  4   2.88623210236306  2.48540379204924
  5   3.91751768696187  2.24799758572684
  6   4.93728840901853  2.07695777686833
  7   5.90395687975306  1.95977454472636
  8   6.85120031702566  1.86172028909538
  9     7.776167172856  1.72361048872487
 10   8.65489071228998  1.46269946794327
 11   9.44252636356071 0.997397813486073
 12   9.76495502895738 0.598338190280425
 13   9.93017136886166 0.0979841827458772
 14    9.8303064955449 -0.432229145380803
 15   9.44852004004424 -0.784144008971456
 16   8.75775700933191  -0.7631417911713
 17   8.24419826727868 -0.610538177396469
 18   8.16811765026579 -0.586857302344559
 19   8.10377801350988 -0.566578248017033
 20   8.04402374182903 -0.547489854324278
 21   7.98192794310806 -0.527332770672876
 22   7.91416193828271 -0.504878741607618
 23   7.83884702704692  -0.4792484538346
 24   7.75463466283361 -0.44958949378778
 25   7.66063152454521 -0.415027045853788
 26   7.55659742706027 -0.374741518092077
 27   7.44307076553302 -0.328091608898944
 28   7.32122872708864 -0.274707226534732
 29   7.19254115707585 -0.214511878567231
 30     7.058425942681 -0.147684682315895
 31   6.92003965233036 -0.0745923502499694
 32   6.77820684136856 0.00428401590431145
 33    6.6334368554486 0.0884115413478612
 34   6.48598109234007 0.177249410572794
 35   6.33590145544784 0.270272532094679
 36   6.18313449041795 0.366978657207874
 37   6.02754399466584 0.466884935841457
 38   5.86895977186588 0.569519865256317
 39   5.70720321464244 0.674415057160494
 40   5.54210217487968 0.781099230664365
 41   5.37349831669758 0.889095113703393
 42   5.20125002540408 0.997918869440066
 43    5.0252332754027  1.10708124549684
 44   4.84534199657502  1.21608966049377
 45   4.66148870076554  1.32445065578093
 46    4.4736055789275  1.43167238149136
 47   4.28164597338685  1.53726697308648
 48   4.08558601496993  1.64075278860448
 49    3.8854262163768  1.74165653083341
 50   3.68119286616242  1.83951529443955
 51    3.4729391291849  1.93387857455639
 52   3.26074580826351  2.02431026268806
 53   3.04472175243705  2.11039064418451
 54   2.82500391243556  2.19171840126821
 55   2.60175704948956  2.26791261699117
 56   2.37517310472195  2.33861476834081
 57   2.14547023668875  2.40349069077534
 58   1.91289153593925  2.46223249169582
 59   1.67770342821819  2.51456038681193
 60   1.44019378188144  2.56022443110568
 61   1.20066973972748  2.59900611517937
 62  0.959455300255715  2.63071979816567
 63  0.716888677954744  2.65521394999791
 64  0.473319476335303  2.67237217856145
 65  0.229105710891339  2.68211402091724
 66  -0.0153892780953521  2.68439548222807
 67  -0.259799981046358  2.67920931103981
 68  -0.503761899877457  2.66658500497801
 69  -0.746914710770667  2.64658854651944
 70  -0.988905366090208  2.61932187409567
 71   -1.2293910938662  2.58492209919384
 72  -1.46804225527804  2.54356048515751
 73  -1.70454502328015  2.49544120788768
 74  -1.93860384887233  2.44079992243975
 75  -2.16994368544947   2.3799021624604
 76  -2.39831194606715  2.31304160137859
 77  -2.62348017316322  2.24053820514769
 78  -2.84524540502838  2.16273630604779
 79  -3.06343122774962  2.08000262555395
 80  -3.27788850499518  1.99272427155639
 81  -3.48849578042454  1.90130673133394
 82  -3.69515934854225  1.80617187670825
 83  -3.89781299008273  1.70775599178667
 84     -4.09641736946  1.60650782655765
 85  -4.29095909816559  1.50288667108782
 86  -4.48144948455067  1.39736043494712
 87   -4.6679230225739  1.29040370517656
 88  -4.85043572185617  1.18249574604859
 89  -5.02906344182853  1.07411840152801
 90  -5.20390044114253 0.965753879257746
 91  -5.37505834570292 0.857882451999192
 92  -5.54266560975501 0.750980229848991
 93  -5.70686722212211 0.645517345042695
 94   -5.8678238463655 0.541957128105566
 95  -6.02570880529717 0.440757053210649
 96  -6.18070047348217 0.342372221282292
 97  -6.33296700230795 0.247261698114153
 98  -6.48264021526037 0.155896931262495
 99   -6.6297762746013 0.0687697344486862
100  -6.77430252404088 -0.0136046809359626
101  -6.91595297863188 -0.0906956554391015
102   -7.0541999271669 -0.161982020296436
103  -7.18819755004304 -0.226997536243606
104  -7.31676723616179 -0.285395014271117
105  -7.43847171031258 -0.337019974039054
106  -7.55182831087463 -0.38197673252875
107  -7.65565597734067 -0.420661536302005
108  -7.74942040549646 -0.453733485427284
109  -7.83336903574276 -0.482019577135922
110  -7.90840511428792 -0.506385013430364
111  -7.97588773973787 -0.527682553050322
112  -8.03773057087259 -0.546749080164156
113  -8.09726085432959 -0.564799442123664
114  -8.16136498608808 -0.583922358494344
115  -8.23713944972656 -0.606213381063528
116  -8.75233538207457 -0.749619512435038
117  -9.44296731924122 -0.757116754364007
118  -9.81757925465529 -0.397335253745752
119   -9.9067617458994 0.135246427867515
120  -9.73211649263303 0.632689195307018
121  -9.40299286135353  1.02649863102766
122  -8.60901979736301  1.48111995856365
123  -7.72739428501751   1.7322386347922
124  -6.80151376040016  1.86094228346884
125  -5.85535765562781  1.94910944028083
126  -4.89886280161725  2.05375006442051
127  -3.95158726538707  2.20215747319414
128  -3.03344187430822  2.41169838360589
129  -2.12580829573326  2.67663784850877
130  -1.10330421517243  2.82265791409625
131  0.258383417212934  3.37684143499541
132   1.29599325207201  3.32024324057967
133   2.26131333750254  3.18681797917854
134   3.19187544040487   3.0136956545986
135   4.11726452832573  2.83636621096559
136   5.06111498766863  2.68609902191377
137   6.02958609621718  2.56726388296612
138   7.06380279507469  2.44435841066643
139   8.11168269525341  2.24663138699613
140   9.12691656985373  1.85772786692716
141   9.96569858766557  1.15583698472719
142   10.2913744943099 0.533538062927366
143   10.3859586904689 -0.157842576164121
144   10.2368372745903 -0.82984712117958
145   9.87990185688389 -1.41222974634695
146   9.34340042334777 -1.88169135846565
147   9.17408692630567 -1.97429835643081
148    8.9684696411754 -2.06118077646682
149   8.75475621717437 -2.12612752458121
150   8.53575562426817 -2.16932579670875
151   8.31439224337518 -2.19158480162552
152   8.09303882729357 -2.19432982153513
153   7.87354123180216  -2.1793622011695
154   7.65727641572803 -2.14868037809148
155   7.44518389648227 -2.10433430759113
156   7.23779618156028 -2.04829569949796
157   7.03528888906023 -1.98235337568232
158   6.83756128879775 -1.90805383157679
159   6.64433494355139   -1.826695783505
160   6.45524281976989 -1.73936499168583
161   6.26988988424822 -1.64698467715931
162    6.0878842076444 -1.55036241784363
163   5.90884769768272 -1.45022528784518
164   5.73241635420325 -1.34724262847327
165   5.55823684094726 -1.24203905271945
166   5.38596300248039 -1.13520089191507
167   5.21525385718845 -1.02727888147859
168    5.0457734392181 -0.918789196372845
169   4.87719227304209 -0.810214231627038
170   4.70918999456917 -0.702003872582304
171   4.54145856150685 -0.59457748313405
172   4.37370555604348 -0.48832650303904
173   4.20565721754521 -0.383617386934327
174   4.03706099828066 -0.280794596545977
175   3.86768757038956 -0.180183414466585
176   3.69733230590352 -0.0820924300646037
177   3.52581630027995 0.0131843780062995
178   3.35298702225567 0.105365986171463
179   3.17871866231255 0.194183090177754
180    3.0029122315521 0.279377266803534
181   2.82549544174769 0.360700503080839
182   2.64642238106135 0.437915058386348
183   2.46567299010942 0.510793620602511
184   2.28325233914278 0.579119713575712
185   2.09918970738442 0.642688309878888
186   1.91353746819704 0.701306601101803
187   1.72636978725303 0.754794877913107
188   1.53778114429206 0.802987473943231
189   1.34788469189494 0.845733730817672
190   1.15681046681954 0.882898945985296
191  0.964703470866589 0.914365269888078
192  0.771721639077848 0.940032524127631
193  0.578033713447642 0.959818917318087
194   0.38381704037409  0.97366164009116
195   0.18925530989583  0.98151732514035
196  -0.00546374555459849 0.983362362229154
197  -0.20015067552332 0.979193061767689
198  -0.394616642049649 0.969025663946394
199  -0.588675739668629 0.952896193593991
200  -0.782147288508752  0.93086016400423
201  -0.974858084276394 0.902992136062248
202  -1.16664458903599 0.869385142202867
203  -1.35735504677278 0.830149988142058
204   -1.5468515078061 0.785414449007421
205  -1.73501174626494 0.735322380485729
206  -1.92173105511901 0.680032769887391
207  -2.10692390377085 0.619718756515235
208  -2.29052544406803 0.554566655252218
209  -2.47249285190775  0.48477502158957
210   -2.6528064934824  0.41055380005065
211  -2.83147090767635 0.332123600711361
212  -3.00851559901563 0.249715149870707
213  -3.18399563841141  0.16356896061279
214  -3.35799207078332 0.073935267026896
215  -3.53061212805286 -0.018925737424253
216   -3.7019892411905 -0.11474332086316
217  -3.87228283442753 -0.213235260986158
218  -4.04167786801108 -0.314106492849346
219  -4.21038407497944 -0.417047337676616
220  -4.37863481791685 -0.521731310887258
221  -4.54668548313256 -0.627812539987538
222  -4.71481134500222 -0.734922876685423
223   -4.8833048852654 -0.842668861543595
224   -5.0524726485709 -0.950628778641327
225  -5.22263185198881   -1.058350087672
226  -5.39410712016877 -1.16534748969875
227  -5.56722784839067 -1.27110171416761
228  -5.74232674976091 -1.37505877114596
229  -5.91974006253937 -1.47662889620845
230  -6.09980960911748 -1.57518377007106
231  -6.28288628354553 -1.67004988898096
232  -6.46933334871304 -1.76049529313896
233  -6.65952579060984 -1.84570649267888
234  -6.85383881685215 -1.92475313295199
235  -7.05261559663293  -1.9965412939292
236  -7.25610533704482 -2.05976402716023
237  -7.46437314019505 -2.11286845080621
238  -7.67720113072228 -2.15406382383182
239  -7.89400870328087 -2.18138365077208
240  -8.11380398878924 -2.19279254024748
241  -8.33515522781634 -2.18631781395288
242  -8.55616226413697 -2.16019710412653
243  -8.77440698912307 -2.11305881692426
244  -8.98693997286805 -2.04416011380407
245  -9.19093829986163 -1.95338099504779
246  -9.35863930650312 -1.85740741928562
247  -9.88580491682884 -1.37719450508133
248   -10.230930773678 -0.787772285623271
249  -10.3669083435725 -0.112937930890927
250  -10.2596750016788 0.576679485543005
251  -9.92366308063454  1.19353789037033
252  -9.07486389940049  1.88342057858152
253  -8.05499442157813  2.26021072696044
254  -7.00456866280425  2.44689366349401
255  -5.96672771544244  2.55937292536333
256  -4.96889687497992  2.67129437643858
257  -3.95950073187928  2.82296776397521
258  -2.91937898404656  3.01515460323016
259  -1.86157348116863  3.20181122053258
260  -0.799546299821022  3.33114104678888
