// Id               X                Y
  1  -0.482984798111646  6.73430030468347
  2  0.537243736217969  6.72717369595782
  3   1.60288258574291  6.56045719682257
  4   2.63582069987906  6.17763327283639
  5   3.57462474605645  5.61638445187667
  6   4.48704641757382  5.00801983500529
  7   5.39351747709016  4.40989882968771
  8     6.293858895799  3.82623160579943
  9   7.16461029560913  3.24018027847587
 10   7.92193725524616  2.66305397607204
 11   8.58860694895591  2.01338973564622
 12    8.8848462754746  1.56962751850031
 13   9.06454278710301  1.03720834827898
 14   8.97113269177531 0.408777427274873
 15   8.57410388770679 0.0702040551283165
 16   8.08257305874269 0.0838038279858227
 17   7.83756810828472 0.173208883569888
 18   7.65494394104116 0.273636516094548
 19   7.51427762069744 0.369997009612827
 20   7.40245046022428 0.458074619909309
 21   7.31007589245724 0.538329221012186
 22   7.23023937260164 0.613035144832367
 23   7.15800235894508 0.684922542623378
 24   7.08981988227808 0.756377590257761
 25   7.02343332755575 0.829473209641935
 26    6.9571763824394 0.905707663675006
 27    6.8900524608356 0.986448087608542
 28   6.82128908846953   1.0726950655148
 29   6.75048187266984   1.1652851671753
 30   6.67737206518832  1.26480909754697
 31   6.60184125265927  1.37170307233504
 32   6.52382172266227  1.48625036466378
 33   6.44326217861431  1.60860695823954
 34   6.36008754455164  1.73881218173954
 35   6.27417167767949    1.876800675089
 36    6.1853166339997  2.02241199667581
 37   6.09323991824811  2.17539921207386
 38   5.99756898554302   2.3354361888892
 39   5.89784251789482  2.50212348597176
 40   5.79351766825725  2.67499264334315
 41   5.68398228880595  2.85350879541503
 42   5.56857103342599  3.03707172148986
 43   5.44658418103858  3.22501567899727
 44   5.31730804972104  3.41660857851157
 45   5.18003593884031  3.61105120788028
 46      5.03408862636  3.80747726147388
 47   4.87883355474383  4.00495485902273
 48   4.71370197715378  4.20249003971843
 49   4.53820353839787  4.39903240667972
 50   4.35193805702656  4.59348273110001
 51    4.1546046353665  4.78470201134863
 52   3.94600856582458     4.97152134593
 53   3.72606670126366  5.15275209056681
 54   3.49481193124127  5.32719607971887
 55   3.25239717023632  5.49365605024114
 56   2.99909892185553  5.65094664881983
 57   2.73532015764322  5.79790645339635
 58   2.46159202331077  5.93341130768734
 59   2.17857378528412  6.05638902940128
 60   1.88705044405914  6.16583528508872
 61    1.5879275407831  6.26083018430493
 62   1.28222284221763  6.34055496386501
 63   0.97105478335958  6.40430802180436
 64  0.655627756703285  6.45151952186692
 65  0.337214544875159  6.48176381883561
 66  0.0171363832162558  6.49476904524847
 67  -0.303258703304589  6.49042334084972
 68  -0.622618530313845  6.46877738508653
 69  -0.939609530646672  6.43004309582614
 70  -1.25293885059509  6.37458856879294
 71  -1.56137498909352  6.30292953624244
 72  -1.86376630471214  6.21571780498047
 73  -2.15905685978667  6.11372727948367
 74  -2.44629924638304  5.99783827448761
 75  -2.72466423071529  5.86902086489237
 76  -2.99344724543522  5.72831800446037
 77  -3.25207193688747  5.57682906744209
 78  -3.50009112121881  5.41569433207849
 79   -3.7371856036922  5.24608074079845
 80  -3.96316135432915  5.06916905665635
 81  -4.17794549566791  4.88614231995495
 82  -4.38158143575645  4.69817533881135
 83  -4.57422327725771  4.50642487642335
 84  -4.75612938541599  4.31202026598536
 85  -4.92765477063006  4.11605438557693
 86  -5.08924181912543  3.91957518785623
 87  -5.24140894780612   3.7235781854348
 88   -5.3847369648979  3.52900034059612
 89  -5.51985322041967  3.33671567124445
 90  -5.64741393956113  3.14753262231195
 91  -5.76808538200476  2.96219296351545
 92  -5.88252464093132  2.78137174711437
 93  -5.99136099982265  2.60567773772017
 94  -6.09517882417914  2.43565371379349
 95  -6.19450299054637  2.27177611397201
 96  -6.28978784571333  2.11445362378141
 97  -6.38141063699606   1.9640244277864
 98   -6.4696702550609  1.82075194977703
 99   -6.5547919881749  1.68481894037972
100   -6.6369388184978  1.55631973432124
101    -6.716229629253  1.43525038911777
102  -6.79276458884039  1.32149623725123
103  -6.86665801750133  1.21481612321032
104  -6.93807936741738  1.11482220666119
105  -7.00730378650617  1.02095359092507
106  -7.07477539575611 0.932441143018254
107  -7.14118915048987 0.848259950185549
108  -7.20760141393422 0.767065471633639
109  -7.27558546799203 0.687111418377518
110  -7.34745463165876 0.606158141604181
111  -7.42657889634112 0.521412985266495
112  -7.51781416426702 0.429623524884628
113  -7.62804671836071   0.3275998275849
114  -7.76692682731604 0.213634423963566
115  -7.94845162285728 0.0904138317362769
116  -8.19564111537628 -0.0286612455263599
117  -8.68708294468459 -0.0953561156216547
118  -9.11893397240181 0.195794617691551
119  -9.27974045779796  0.79248385927584
120  -9.15592658627245  1.33043472241904
121      -8.8981004881  1.78833013608638
122  -8.26452791342105  2.45954930200965
123  -7.53164030290793  3.03355194688115
124  -6.73152701358807  3.55758449532372
125  -5.89406541536903  4.08105689071574
126  -5.06515218680851  4.61818166088317
127  -4.28181402644172  5.16758739153178
128  -3.51745893549786  5.71672095773088
129  -2.61521531679152  6.24576439484962
130  -1.55057187093163  6.52330862469081
131  -0.148074529036411  7.20571105776809
132  0.964452615683115  7.16044396783583
133   2.05348086285271  6.93063206600351
134   3.08539432234292  6.53283393962349
135   4.03504529556436  6.00962842433399
136   4.94354112142117  5.42582365833766
137   5.84925725313937  4.82939543316123
138   6.76198535898824   4.2327003540913
139   7.66417578868048  3.60704053227976
140   8.50047638814545  2.88259623435175
141   9.15016082725114  1.97622948920869
142   9.36406278114022  1.28762844916322
143   9.36272062129894 0.566819700069437
144   9.13226231898171 -0.112251623368323
145   8.70645511540977 -0.679553391860168
146   8.09760769199105 -1.11953382952671
147   7.88913649738886 -1.20342846157788
148   7.67244296888214 -1.26344530481139
149   7.45047289544217 -1.29891528751396
150   7.22608870479949 -1.30979524617273
151   7.00201793553585 -1.29659611970709
152   6.78078256205135 -1.26032978441352
153   6.56459443396094 -1.20243899024998
154   6.35526247141881 -1.12469478573857
155   6.15414114309925 -1.02907473793833
156   5.96213358932736 -0.917648329998382
157   5.77972877652618 -0.792483528010426
158   5.60704803906159 -0.655571120361937
159   5.44390069106584 -0.508769223536894
160   5.28984619438657 -0.353770834586434
161   5.14425454203481 -0.192090650219573
162   5.00635950689825 -0.025065415480664
163   4.87530344974599 0.146136482491459
164   4.75017379924047 0.320499532022769
165   4.63003189883694 0.497142454470998
166   4.51393524838346 0.675298475679372
167   4.40095430564665 0.854295959708611
168   4.29018497358433   1.0335403469971
169   4.18075775857477  1.21249795555943
170   4.07184440027114  1.39068192226441
171   3.96266258517471  1.56764035540265
172   3.85247918987165  1.74294661439139
173    3.7406123743013   1.9161915077421
174    3.6264327723939  2.08697709504668
175   3.50936401263182   2.2549116931011
176    3.3888828402013  2.41960563525178
177   3.26451918433237  2.58066734613192
178   3.13585657613807  2.73769940716286
179   3.00253331379682  2.89029452139884
180   2.86424464128476  3.03803160989619
181   2.72074595037771   3.1804725869695
182   2.57185670392092  3.31716052934201
183   2.41746453144059  3.44761987661869
184   2.25752886291048  3.57135899734486
185   2.09208355471057  3.68787505807893
186   1.92123815420871  3.79666079893051
187   1.74517765350279  3.89721263842152
188   1.56416073747476  3.98903950344689
189   1.37851662109185  4.07167185230324
190   1.18864061002605   4.1446704693877
191   0.99498852916063  4.20763471826598
192  0.798070162668669   4.2602100274649
193  0.598441846604605  4.30209444801988
194  0.396698353935702  4.33304416787212
195  0.193464212992529  4.35287790150452
196  -0.0106153974917139  4.36148009864095
197  -0.214884031379555  4.35880293679464
198  -0.418683489464115  4.34486708097957
199  -0.621363318533067  4.31976121112196
200  -0.822290150308087  4.28364033422844
201  -1.02085673881143  4.23672291457272
202  -1.21649055956313  4.17928687149111
203  -1.40866183993251  4.11166451152982
204  -1.59689089641839  4.03423648086649
205  -1.78075466096446  3.94742484708397
206  -1.95989228403315  3.85168544935594
207  -2.13400970694365   3.7474996965557
208  -2.30288310112961  3.63536604728777
209  -2.46636108133372  3.51579147560398
210  -2.62436562124468  3.38928330597668
211  -2.77689164586906  3.25634187385009
212  -2.92400535795401  3.11745450149653
213   -3.0658414804447   2.9730912310714
214  -3.20259974603319  2.82370259655145
215  -3.33454109266756  2.66971945399472
216  -3.46198406971409  2.51155459553993
217  -3.58530188252202  2.34960565583043
218  -3.70492031604095  2.18425876847053
219  -3.82131654648946  2.01589255740683
220  -3.93501865365507   1.8448822873951
221  -4.04660553385219  1.67160425116876
222  -4.15670688462196  1.49644066378923
223  -4.26600295219098  1.31978543865046
224  -4.37522375820979  1.14205124333032
225  -4.48514751966186 0.963678200051205
226  -4.59659792698271 0.785144524978077
227  -4.71043984572198 0.606979301551605
228   -4.8275728618006 0.429777451412193
229  -4.94892191312852 0.254216787421481
230   -5.0754240633499 0.0810767844522356
231  -5.20801031124819 -0.0887416399997296
232  -5.34758124198128 -0.254196502892312
233  -5.49497538272294 -0.414087041105459
234  -5.65092941282118 -0.567040342900327
235  -5.81602999489315 -0.711505489963941
236  -5.99065803876619 -0.845759022722291
237  -6.17492777515639 -0.967925924973411
238  -6.36862511059233 -1.07602014139274
239  -6.57115223686005  -1.1680075008251
240  -6.78148817582863 -1.24189141983106
241  -6.99817708814372 -1.29581735306044
242  -7.21935559927729 -1.32818539139907
243  -7.44282196131441 -1.33775338503023
244  -7.66612417783876 -1.32371351600342
245  -7.88660664677177 -1.28575160634932
246  -8.10141251466973 -1.22413638134126
247  -8.75280371641517 -0.854249643373199
248  -9.23746226976341 -0.339537790600525
249  -9.53775909631715 0.308505282507352
250  -9.60723704058937  1.02390212710128
251  -9.44756926107737  1.72599546922127
252  -8.84720438395894  2.66386838656708
253  -8.02772439827939  3.40673494852487
254  -7.12774477270487  4.03304127750134
255  -6.20430236977261  4.61714499205597
256  -5.27756727263928  5.19950925867504
257  -4.33989014886478  5.77920878170394
258  -3.36742512833957   6.3159770029218
259  -2.33672050421635  6.76133680280224
260  -1.25888919389601  7.06279761832649
