// Id               X                Y
  1  -0.0761654987260508  3.06909701365369
  2  0.906623023625976  3.00883233028062
  3   1.83217787591741  2.84863753217006
  4    2.7369128054058  2.67286516295529
  5   3.65446889320227  2.55668277644729
  6   4.57925123972859  2.49516393058016
  7   5.50351865481139  2.46696162203738
  8   6.42321875578881  2.42256894690918
  9   7.32423704820115  2.26068553171531
 10   8.13888045856675  1.85127087964457
 11   8.66509541508709  1.10356618122836
 12   8.68130522182986 0.592065586772226
 13   8.46594232192613  0.13323394990696
 14     8.061493288553 -0.157924415262265
 15   7.57046584360001 -0.21339174158256
 16   6.91899157574924 0.0953815999877521
 17   6.80233309158489 0.158932002197401
 18   6.68647551890322 0.223756901014198
 19    6.5707451121402 0.289527347095792
 20   6.45459705280046 0.356044797738476
 21   6.33763486022017 0.423185440292772
 22    6.2196014087408  0.49086958228811
 23   6.10035518062693 0.559045992725548
 24   5.97984193032519 0.627682946851483
 25   5.85806769321579 0.696761319299358
 26   5.73507585078151 0.766267957865414
 27   5.61092903977501  0.83618917887162
 28    5.4856957183018 0.906504835683239
 29   5.35944078778925 0.977183458853155
 30   5.23221954966242  1.04817877915684
 31   5.10407429524344  1.11942771429724
 32   4.97503290495043  1.19084971390784
 33   4.84510892711679  1.26234724165041
 34   4.71430269887762  1.33380712272763
 35   4.58260315443132  1.40510248320316
 36   4.44999003754162  1.47609503603919
 37   4.31643629543684  1.54663751274125
 38   4.18191048275003   1.6165760873487
 39   4.04637905049917  1.68575268317009
 40   3.90980843539392  1.75400708973289
 41   3.77216689415877  1.82117884937283
 42   3.63342605015176  1.88710889766816
 43   3.49356214483659  1.95164095610081
 44   3.35255700659265  2.01462268489486
 45   3.21039875333212  2.07590661486762
 46   3.06708225133264  2.13535088160023
 47   2.92260936691397  2.19281978276081
 48   2.77698904434711  2.24818418244932
 49    2.6302372350201  2.30132178873367
 50   2.48237671269337  2.35211732441747
 51   2.33343680531278  2.40046261042139
 52   2.18345305866982  2.44625658332385
 53   2.03246685674084  2.48940526122509
 54   1.88052501877309  2.52982167152101
 55   1.72767937713608  2.56742575476298
 56   1.57398635097221  2.60214425353792
 57   1.41950652636629  2.63391059274165
 58   1.26430423723927  2.66266476156761
 59   1.10844715776431  2.68835319780187
 60  0.952005907806897  2.71092868093931
 61  0.795053663546289  2.73035023410313
 62  0.637665780848735  2.74658303913773
 63  0.479919430980919  2.75959836056434
 64  0.321893240178681  2.76937348607911
 65  0.163666943152288  2.77589167538266
 66  0.00532104506023681  2.77914212689197
 67  -0.153063513808055  2.77911995373955
 68  -0.311405685142664  2.77582617886817
 69  -0.469624640362499  2.76926773985478
 70  -0.627640103758981  2.75945751312915
 71  -0.785372688404865  2.74641434758943
 72  -0.942744241535279  2.73016311635234
 73  -1.09967820138779  2.71073477705537
 74  -1.25609996055834  2.68816644845537
 75   -1.4119372420324  2.66250149517654
 76  -1.56712048499749  2.63378962564036
 77  -1.72158324023846  2.60208699672734
 78  -1.87526257630254  2.56745632622009
 79  -2.02809949499449  2.52996700598105
 80  -2.18003935254221  2.48969521307847
 81  -2.33103228371673  2.44672400956874
 82   -2.4810336205275  2.40114342353168
 83  -2.63000429698855  2.35305049909533
 84  -2.77791122611273  2.30254930308205
 85  -2.92472763288012  2.24975087241378
 86  -3.07043332403056  2.19477308448403
 87  -3.21501486974127  2.13774043083551
 88  -3.35846567009965  2.07878367237153
 89  -3.50078587770093  2.01803935193733
 90  -3.64198214285261  1.95564914022718
 91  -3.78206714898919  1.89175899011134
 92  -3.92105890886907  1.82651807472492
 93  -4.05897979361875  1.76007748842965
 94  -4.19585527467835  1.69258869466111
 95  -4.33171237172154  1.62420171215393
 96  -4.46657781306237  1.55506304479629
 97  -4.60047593431091  1.48531337948299
 98  -4.73342636817795  1.41508510099397
 99  -4.86544160921259  1.34449970629624
100  -4.99652457269491  1.27366524294941
101  -5.12666631099422  1.20267394442791
102  -5.25584410430308  1.13160028545547
103  -5.38402020575044  1.06049972648598
104  -5.51114159570827  0.98940844628443
105  -5.63714118867077 0.918344357860283
106  -5.76194103653551 0.847309645283312
107  -5.88545817526547 0.776294927852362
108  -6.00761384582261 0.705284945559595
109  -6.12834684063508 0.634265388330989
110  -6.24763160166671 0.563230246243992
111  -6.36550128204706 0.492189030353371
112  -6.48207504693661 0.421173742085211
113  -6.59758710879733 0.350247015214913
114  -6.71241210218457 0.279515767708064
115  -6.82707768092328 0.209158546392074
116  -6.94225224492267 0.139477273065973
117   -7.5755644293545 -0.210406227251014
118  -8.07007136994821 -0.198943697563014
119  -8.50435868921992 0.0464089793073988
120  -8.77268018246221 0.476098622289301
121  -8.81610716439729 0.985399463579738
122  -8.36834994497634  1.78061053366569
123  -7.58342247266952   2.2421967737003
124  -6.68962457826513  2.43549898651531
125  -5.77042508579971  2.49232498753626
126  -4.84331395378317  2.52017858371039
127  -3.90866082492701  2.57326725805817
128  -2.96852728523033  2.67603178525199
129  -2.02350442794325  2.82993181284811
130  -1.04721910509298  2.95156453868167
131  -0.353625273918885  3.57500336795388
132  0.675977676104358  3.54909321477582
133   1.71391330537123  3.43688712668299
134   2.73490166969553  3.29007781434446
135   3.68824381804825  3.17658287181414
136   4.63891967991273  3.11241603866999
137   5.60142570348987  3.07737439498917
138   6.63093528426952  3.00461691646181
139   7.66367318190741  2.77481702915771
140   8.58700626675409  2.23971185254493
141   9.15454665702753  1.34228188860578
142    9.2019237339492 0.662695722130842
143   8.97679579819719 0.0130269660140404
144   8.52525121738187 -0.513249364028524
145   7.94028605839828 -0.878697594204052
146    7.3295126058683 -1.10026954201002
147   7.06709775187023  -1.1475526052698
148   6.81606341702638 -1.16829868806995
149   6.57728632214134 -1.16698974400297
150   6.35084611394552 -1.14775406403869
151   6.13627440236734 -1.11417835283282
152   5.93278030529227 -1.06927381577752
153   5.73941729696711 -1.01552076029496
154   5.55519217786766 -0.954942635548363
155   5.37912958885966 -0.889183324706226
156   5.21030673529654  -0.8195765422474
157   5.04786989558912 -0.747204303719862
158   4.89104049232936 -0.672944972298133
159   4.73911543931489 -0.597512464089779
160   4.59146442917012 -0.521488216125114
161   4.44752561306825 -0.44534723236977
162    4.3068004656666 -0.369479233887705
163   4.16884829086395 -0.294205731867234
164   4.03328065172937 -0.219793706987159
165   3.89975591281611 -0.146466485067599
166   3.76797402628534 -0.074412325869711
167   3.63767166206676 -0.00379117980614742
168    3.5086177570023 0.0652599948099856
169   3.38060951395536 0.132623036847575
170   3.25346883737045 0.198195262973105
171   3.12703920257619 0.261886820983359
172   3.00118297066003 0.323618533061093
173   2.87577911715095 0.383320135982481
174   2.75072127084288 0.440928817362862
175   2.62591608797522 0.496388053956666
176   2.50128188090552 0.549646518427143
177   2.37674755443235 0.600657394724116
178   2.25225151854838 0.649377413020445
179   2.12774111945596 0.695766804928527
180   2.00317162466654 0.739787928887577
181   1.87850618171383 0.781406515037816
182   1.75371442157202 0.820588785280826
183   1.62877335417416 0.857305463834777
184   1.50366492221454 0.891525160500556
185   1.37837838238528 0.923224107531287
186    1.2529061188333 0.952371842277302
187   1.12724815719556 0.978951482811089
188   1.00140553155494  1.00293195761791
189  0.875387468855534   1.0243051570979
190  0.749202109738705  1.04303798775895
191  0.622866052784797  1.05913285854487
192  0.496393354555138   1.0725539236286
193  0.369805932698537  1.08331489056442
194   0.24312277746308  1.09137777542277
195   0.11636888013981  1.09676677262454
196  -0.0104329180007738  1.09944401407157
197  -0.137256944009581  1.09944168743283
198  -0.264078043082953  1.09672553464717
199  -0.390872077990023  1.09133214247878
200  -0.517613664409533  1.08323458090719
201   -0.6442818884081  1.07247022949767
202  -0.77085345789929   1.0590222925117
203  -0.897311831425614  1.04292641066367
204  -1.02363803819088  1.02417711331915
205  -1.14982082593251  1.00280739050398
206  -1.27584757993715 0.978822639881673
207  -1.40171339075943 0.952253734975192
208  -1.52741379192382 0.923115384204622
209  -1.65295158119444 0.891437708534255
210  -1.77833197720867 0.857242872649787
211  -1.90356707728734 0.820561842666175
212  -2.02867317482669 0.781422788037251
213  -2.15367338310818 0.739859058624263
214  -2.27859650314494 0.695904197313405
215   -2.4034785467805  0.64959545103324
216  -2.52836257774772   0.6009720748948
217  -2.65329976216675 0.550076940999234
218  -2.77834984417104 0.496956349096194
219  -2.90358217506104 0.441661033296074
220  -3.02907669353963 0.384246691298814
221  -3.15492526796397 0.324774971500155
222  -3.28123322446298 0.263314462285292
223  -3.40812122715751 0.199941959606857
224  -3.53572750143627 0.134743936174805
225  -3.66421045380069 0.0678183471496505
226  -3.79375171802205 -0.000723161871729121
227  -3.92455967702838 -0.0707525098862588
228  -4.05687347298966 -0.142121729343389
229  -4.19096751416054 -0.214658584115197
230  -4.32715649513668 -0.28816099079289
231  -4.46580094262302 -0.362389918688476
232  -4.60731328520927 -0.437060375461113
233  -4.75216444166136 -0.511830012331105
234  -4.90089091614657 -0.586284794622229
235  -5.05410234811143 -0.659921052881855
236  -5.21248933797461 -0.732123023372941
237  -5.37683106410257 -0.802134668372193
238   -5.5480015562278 -0.869024123193699
239  -5.72697224580421 -0.931638628891502
240   -5.9148062734939 -0.988547588462318
241  -6.11263678536491  -1.0379721795314
242   -6.3216173174286 -1.07770318747632
243  -6.54282869015697 -1.10501656851027
244  -6.77712711140409 -1.11661122552115
245  -7.02492931825345 -1.10861686168766
246  -7.28596413413509 -1.07674804357635
247  -7.90043249370351 -0.90050235683819
248   -8.5134511372013 -0.585268497841188
249  -9.01200199876155 -0.103637716396523
250  -9.30045952073643 0.520418265550298
251  -9.32038645991596  1.20080028040246
252  -8.83663682058314  2.14254705388098
253  -7.95178333166776  2.73571764463453
254  -6.93000731250118  3.00487336436313
255  -5.91456550993493   3.0937213164688
256  -4.96478137991497  3.12850240248697
257  -4.03111593144893  3.18176924942561
258  -3.10871112018106  3.27811699890556
259  -2.19234369212081  3.40188580332894
260  -1.27372554862067  3.51272404370385
