// Id               X                Y
  1  -0.120934174786386  5.02377303986956
  2  0.971881308227829  5.01492643221442
  3   2.03900002661519  4.81848732067724
  4   3.09241886556029  4.55855528639397
  5    4.0700599798394  4.11710716586867
  6   4.97365018959846  3.64193283255541
  7   5.84972211040443  3.09986520614908
  8   6.71895173072346  2.66141831533017
  9   7.62234431984285   2.3252402758744
 10   8.53041346293277  2.04935668538946
 11   9.41385748690306  1.73537790426156
 12   9.87759022502924  1.46176014555495
 13    10.268008482148  1.06613641819816
 14   10.4637919323389 0.500966653965307
 15   10.3016177256025 -0.00191895398934244
 16   9.86819544188459 -0.273877047323323
 17   9.56242859465863 -0.339965867589303
 18     9.480374547556 -0.346707024159877
 19   9.41263803482339 -0.348923996912577
 20   9.34811287769078 -0.348196392722579
 21   9.27484335473145 -0.344047608541426
 22    9.1875744220171 -0.334400158827804
 23   9.08612806610383 -0.316738081323106
 24   8.97272536667585 -0.288730425803275
 25   8.85024323305412 -0.248655826352861
 26   8.72141040306211 -0.195481484424284
 27   8.58850959793616 -0.128803884086124
 28   8.45328516526893 -0.0487096944833852
 29   8.31693438293967 0.0443822379210965
 30   8.18014723178374 0.149861444708379
 31   8.04317598473859 0.267026748482611
 32   7.90591710182741 0.395142761096084
 33   7.76799130476658 0.533459670739426
 34   7.62881405391381 0.681209356973524
 35   7.48765456200302 0.837590366632958
 36   7.34368485656028  1.00175106919533
 37   7.19602108692579  1.17277699662369
 38   7.04375807141625  1.34968624604585
 39    6.8859954359468  1.53143653905082
 40   6.72184732298531   1.7169516834992
 41   6.55039582703877  1.90520550268279
 42    6.3694546996433  2.09652018514777
 43   6.17919773324517  2.28868898731726
 44   5.98076056430987  2.47887188489593
 45   5.77382981465978  2.66599558062184
 46   5.55819224444573  2.84906647165892
 47   5.33376111406206  3.02714693923629
 48   5.10059648191253  3.19934852607484
 49   4.85931556108672  3.36457459358804
 50   4.61146268991618  3.52140754466038
 51   4.35671244464722  3.66985079438601
 52   4.09531629293415  3.80958295407008
 53   3.82772999183806  3.94025644657335
 54   3.55449794645216  4.06157679262734
 55   3.27620454676388  4.17332343189978
 56   2.99344443807864   4.2753520683602
 57   2.70680188984484   4.3675887615442
 58   2.41683617558004  4.45001995394211
 59   2.12407167338199  4.52268058422235
 60   1.82899194958566  4.58564155204344
 61   1.53203725422028  4.63899736068944
 62   1.23360490834838  4.68285451314722
 63    0.9340520912187  4.71732107214764
 64  0.633700564250114   4.7424976734347
 65  0.332842902363345  4.75847018795064
 66  0.0317498387448651  4.76530415662141
 67  -0.269321636802433  4.76304106807393
 68   -0.5701197570622  4.75169651203848
 69  -0.870389345510709  4.73126021533185
 70  -1.16986337629658  4.70169794787116
 71  -1.46825503298805  4.66295526714402
 72  -1.76525058836256  4.61496304510805
 73  -2.06050345219401  4.55764468661936
 74  -2.35362976550036   4.4909248992436
 75  -2.64420595656449  4.41473980686814
 76  -2.93176871634223  4.32904810776024
 77  -3.21581789820922  4.23384284943274
 78  -3.49582289299379  4.12916320636204
 79  -3.77123306556927  4.01510536720895
 80  -4.04149292029781  3.89183118611244
 81  -4.30606325131372  3.75957230806663
 82  -4.56445303236737  3.61862442585478
 83  -4.81628799729943   3.4693107416872
 84  -5.06173474151646  3.31168749148846
 85  -5.30037923279087  3.14623196246179
 86  -5.53074052929875  2.97440129355338
 87  -5.75257817925997  2.79705682699139
 88    -5.965878042407    2.615058943397
 89  -6.17075336466837  2.42932404039807
 90  -6.36743518082201  2.24082559576926
 91  -6.55624644515856  2.05061958506461
 92   -6.7358850451804   1.8617026662014
 93  -6.90638276005256  1.67603283148877
 94  -7.06989050829776  1.49329666492003
 95   -7.2273166503358  1.31449441897591
 96   -7.3795292745605  1.14068207225663
 97  -7.52740620495719 0.972884942980959
 98  -7.67182582280493 0.812071923837182
 99  -7.81363949754337 0.659150910976675
100  -7.95363293413795 0.514977205301335
101  -8.09247689184435   0.3803703447879
102  -8.23066535088011 0.256133327956432
103   -8.3684392489532 0.143064570594213
104  -8.50569685078843 0.0419489006460529
105  -8.64189778052675 -0.0464877888230785
106  -8.77597518164868 -0.121671373378488
107  -8.90627641934696 -0.183318580848137
108  -9.03055734152452 -0.231602433971432
109  -9.14607439820191 -0.267305705823961
110  -9.24989856133313 -0.291909919178602
111   -9.3397417277545 -0.307548745106822
112  -9.41568458319789 -0.316738117779295
113  -9.48290247893113 -0.321838134554836
114  -9.55349125608607 -0.324162559676277
115  -9.63875220185523 -0.322839242121799
116  -9.95356922758023 -0.277812773507085
117  -10.4087898823556 -0.0386672405963886
118  -10.6073637907797 0.450059910732077
119  -10.4548370144925  1.01466683619042
120  -10.0886274103072   1.4286603092102
121  -9.63677870593677  1.71753236686539
122  -8.75861360911856  2.04249600123343
123  -7.85074922583741  2.31289152682679
124  -6.94336103175205  2.63394310049138
125  -6.06938834684681  3.05466837464328
126  -5.20147294635128  3.57715544456291
127   -4.2892901610618  4.06093626430275
128  -3.32054449539952  4.51496975999262
129  -2.26524816881714  4.77761060409776
130  -1.19495166938104  4.91168483253013
131  -0.12051779178417  5.61125076160196
132  0.948179381811081  5.59368746982735
133   2.00946897823435  5.42273585298624
134   3.04563913011524  5.13759267049073
135   4.04890718852381  4.71956315299043
136   5.01597272005929   4.2264276882606
137   5.96794799781156   3.7027102484162
138    6.9396766094077  3.23598981881178
139   7.94386809436358  2.85182418903718
140   8.96385002124017  2.48855321384536
141   9.93605668742845  1.98630353252219
142     10.44191725717  1.49761528896892
143   10.7849983569012 0.883039678687333
144   10.9239197419287 0.197667911569224
145   10.8749023911447 -0.491969564942429
146   10.6596400669575 -1.19676308238953
147   10.5031454495812 -1.40332734858798
148   10.3025446869613 -1.57974356184132
149   10.0718007991777  -1.7142869014417
150   9.82117249749714 -1.80596554016535
151    9.5601575962294 -1.85725823819737
152   9.29586029534135 -1.87272664362808
153   9.03290838221297 -1.85725610992981
154   8.77415952727906 -1.81508132567267
155   8.52142726529583 -1.74957389331497
156   8.27594977783353 -1.66341315674129
157   8.03861373348988 -1.55884402740533
158   7.81002881098162  -1.4378857815186
159    7.5905346682925 -1.30246000589909
160   7.38018943692312  -1.1544493717948
161   7.17876429475717 -0.995709823018147
162   6.98575403613838 -0.828057254310007
163   6.80040532706336 -0.653244727004351
164   6.62175991407779 -0.472940787946113
165   6.44870807680154 -0.288714565446962
166   6.28004726699772 -0.10202949877801
167   6.11454155662035 0.0857549352354775
168   5.95097883773061 0.273375208149688
169   5.78822485574641  0.45965050774121
170   5.62527858472069 0.643460673279971
171   5.46136303244193 0.823682144804109
172    5.2971691698504  0.99793270461829
173   5.13147468162266    1.166276566763
174   4.96187999519828  1.33006046422512
175   4.78773723565453  1.48890923565003
176   4.60857314421125  1.64243360255651
177   4.42402836496319  1.79027818693644
178   4.23380373798007   1.9321494552339
179   4.03722870490437  2.06808365319819
180   3.83319525840609  2.19836122647384
181   3.62283634790679  2.32187019932972
182    3.4067461382371   2.4380697177762
183   3.18540042121474  2.54662429542844
184   2.95924930651704  2.64731087979243
185   2.72873493150265  2.73998688155474
186   2.49429282590648  2.82457277428777
187   2.25634913869715  2.90103935910083
188   2.01531726579056  2.96939686834632
189   1.77159508025915  3.02968506139911
190   1.52556317345908  3.08196412244829
191   1.27758419063083  3.12630639099983
192   1.02800319421513  3.16278901091926
193  0.777148918861387  3.19148757550925
194  0.525335756716264  3.21247081861643
195  0.272866310517415  3.22579637462523
196  0.0200343629479258  3.23150761079786
197  -0.232871874464321  3.22963152509888
198  -0.485566356001164  3.22017770000623
199  -0.737761753639052  3.20313830545262
200  -0.989166076100344  3.17848914930529
201   -1.2394794673216  3.14619177900565
202  -1.48839130431618  3.10619664048636
203  -1.73557772569158  3.05844729766802
204  -1.98069973333843  3.00288570558775
205  -2.22340201486927   2.9394585119955
206  -2.46331262326672  2.86812433953461
207  -2.70004360734234  2.78886198530601
208  -2.93319258752039  2.70167949471871
209  -3.16234507190831  2.60662418053158
210   -3.3870768966062  2.50379399297953
211  -3.60695514670486  2.39335155678462
212  -3.82153229183525  2.27554515531061
213   -4.0303082466784  2.15075589967436
214  -4.23234332839239  2.01979796973497
215  -4.42725361211384  1.88334475151796
216  -4.61637408398767  1.74091234720103
217  -4.80004990995231  1.59268264867593
218  -4.97857465343156  1.43896117953866
219   -5.1523190777792  1.28010586312809
220  -5.32177518261405  1.11650465150205
221   -5.4876165415911 0.948526797731159
222  -5.65244171756599 0.774648035520971
223  -5.81726377628736 0.595067414900212
224  -5.98143666208114 0.412149763064987
225  -6.14574507940238 0.227040438910463
226  -6.31119284279232 0.0408809003357936
227   -6.4789076621245 -0.14512451546677
228  -6.65008350243188 -0.329686696183922
229  -6.82592506062591 -0.511420125171642
230  -7.00759004081732 -0.688837497443726
231  -7.19613078264883 -0.860351088597121
232  -7.39243905902732 -1.02428143658255
233   -7.5971989823697 -1.17887197155016
234  -7.81085299880891 -1.32230476891843
235  -8.03358440911498 -1.45270788517503
236  -8.26531594109185 -1.56813921721363
237  -8.50571622116328 -1.66652646296423
238  -8.75419189349049 -1.74554040797245
239  -9.00981889080274  -1.8023878582357
240  -9.27113280653472 -1.83355055971849
241  -9.53567983097026 -1.83459553008406
242  -9.79929988592531  -1.8003398820389
243  -10.0553768795728  -1.7257521379142
244  -10.2947932509505 -1.60767060144343
245  -10.5074476482618  -1.4462559475211
246   -10.678578522427 -1.25219869267317
247  -10.9473816962065 -0.566916902082739
248  -11.0488334558082 0.116188906578094
249  -10.9581133836128 0.808633135923362
250  -10.6502566303547  1.44127032274115
251  -10.1644303813343  1.95001286793787
252  -9.20215037868393  2.47145225893872
253  -8.18174478132209  2.83378690530906
254  -7.17392304233693  3.20469833837591
255  -6.19723319425615  3.65506289916735
256  -5.24230065028557  4.16709129626034
257  -4.27871334292433  4.66675097330865
258  -3.27788235585662  5.09220153799482
259  -2.24170876347382  5.36311823495847
260  -1.18781049885703  5.52301830730385
