// Id               X                Y
  1  -0.0812469545647827 -0.00470828912993997
  2  0.849424264329218 0.0103473876023777
  3   1.75947673786606  0.17811383387986
  4   2.62811057090106  0.46623562118692
  5   3.45169878959113 0.840870569617015
  6   4.24080634112556  1.26231705458122
  7   5.01965892059331  1.68252341064402
  8   5.81835356721288  2.04612832146627
  9   6.66031792680339  2.27622624991043
 10   7.52263264461395  2.26441944389631
 11   8.34685943166849  1.98453926512832
 12   8.71991317619818  1.68442354565555
 13   8.99316556485292   1.2415954240463
 14   8.97855736576898 0.674939350495801
 15   8.56081720536075 0.404911484260068
 16   8.04465769699259  1.16843716043387
 17    7.8209015222712  1.31232895067226
 18   7.58641007906363  1.33104663493866
 19   7.36232883793095   1.2654795797356
 20   7.16400292703339  1.14735706007866
 21   6.99129391127368  1.00306833431212
 22   6.83772407143653 0.851052530691422
 23   6.70785199329554 0.715812571381644
 24   6.58267787509037 0.588118714635507
 25   6.45647522803513 0.467342589844734
 26   6.32683431478757 0.353892149495816
 27   6.19277559493902 0.248127598333437
 28   6.05411869408242 0.150285852975281
 29    5.9111017330355 0.0604783403626166
 30   5.76415313747198 -0.0212944196701548
 31    5.6137683268452 -0.0951233885669679
 32    5.4604497998697 -0.161173915810547
 33    5.3046800193347 -0.219673262745361
 34   5.14690909569028 -0.27090167847177
 35   4.98754857433392 -0.315185098671982
 36   4.82696784789834 -0.352888048124031
 37   4.66549208802284 -0.38440613445049
 38    4.5034014672951 -0.410158148914226
 39   4.34093166486452 -0.430578144477802
 40   4.17827562128346 -0.446107976366805
 41   4.01558639763027 -0.457190726063894
 42   3.85298088191826 -0.464265255671174
 43   3.69054402131488 -0.467761933320557
 44   3.52833326180202 -0.468099400719136
 45   3.36638293608013 -0.465682160801081
 46   3.20470842483102 -0.460898750083125
 47   3.04330999515144 -0.454120303273371
 48   2.88217627561361 -0.445699384667781
 49   2.72128735761689 -0.435969025177208
 50   2.56061752440021 -0.425241950498638
 51   2.40013761162197 -0.41381001097245
 52   2.23981700407412 -0.401943830052774
 53   2.07962527569269 -0.389892682015261
 54   1.91953348538924 -0.377884596670331
 55   1.75951514840737 -0.366126674372952
 56   1.59954691031662 -0.354805581851401
 57   1.43960895691991 -0.344088190158576
 58   1.27968519729879 -0.334122311049605
 59   1.11976325856916 -0.325037487149967
 60  0.959834329794405 -0.316945793719559
 61  0.799892889375295  -0.3099426146907
 62   0.63993634575903 -0.304107361939628
 63  0.479964616160054 -0.299504113493045
 64  0.319979662768918 -0.29618215280027
 65  0.159985001113654 -0.294176396777818
 66  -1.48088431523589e-05 -0.293507704772701
 67  -0.160014681443144 -0.294183063855504
 68  -0.320009528608374 -0.296195648118925
 69  -0.479994783422117 -0.299524751258691
 70  -0.639966919770972 -0.304135593089364
 71  -0.799923962716521 -0.309979002269473
 72  -0.959865982107215 -0.316990979815775
 73  -1.11979555875208 -0.325092151310488
 74  -1.27971820835572 -0.334187120219089
 75  -1.43964274355693 -0.344163740395289
 76  -1.59958154915235 -0.354892332359984
 77  -1.75955074040024 -0.366224874748666
 78  -1.91957016980196 -0.377994208636464
 79   -2.0796632446344 -0.390013297304992
 80   -2.2398565164103 -0.402074586372222
 81  -2.40017900484425 -0.413949508107431
 82   -2.5606612229096 -0.425388168523239
 83  -2.72133387577607 -0.436119246344343
 84  -2.88222621381082 -0.44585011992636
 85  -3.04336402690537 -0.454267223580999
 86  -3.20476727256017 -0.461036622031302
 87  -3.36644733253306 -0.465804785985405
 88  -3.52840389343217 -0.468199559377504
 89  -3.69062144951529 -0.467831335684198
 90  -3.85306543879424 -0.464294509661191
 91  -4.01567805591749 -0.457169337205129
 92  -4.17837384397814 -0.446024403755155
 93  -4.34103524913067 -0.430419942699526
 94   -4.5035084078096 -0.409912226522891
 95  -4.66559949428243 -0.384059151977995
 96  -4.82707195503537 -0.352426961785626
 97  -4.98764488582014 -0.314597832150029
 98  -5.14699268909395 -0.270177879087395
 99  -5.30474603430548 -0.218805075104834
100  -5.46049411207498 -0.160156689528173
101  -5.61378839503126 -0.0939562289705823
102  -5.76414899971237 -0.0199804914798507
103  -5.91107713318737 0.0619318400956261
104  -6.05408234374494 0.151868133439588
105  -6.19274259292945 0.249825215643743
106  -6.32682769917788 0.355690570023908
107  -6.45652757141668 0.469228629976649
108  -6.58283343470697 0.590084992599484
109  -6.70817574744537 0.717871242219929
110   -6.8384334951337 0.853376375503715
111  -6.99232794185792  1.00550317116338
112  -7.16526411658529  1.14975418477994
113  -7.36376723356234   1.2677923619258
114  -7.58798046214233  1.33326918121567
115  -7.82256111363248  1.31446383177843
116  -8.04629938838252  1.17050283758641
117   -8.5625228773477 0.407060085103473
118  -8.98121563261624 0.674593284852244
119  -9.00529460615587  1.23448024607169
120  -8.74050617964732  1.68200802223012
121  -8.37329098702319  1.98753683645035
122  -7.55398670032465  2.27742197077714
123  -6.69381365433239  2.29548186333939
124  -5.85485647755186   2.0701559892052
125  -5.06129269560568   1.7085512942466
126  -4.29104588496147  1.28764091984982
127  -3.51428083101194 0.864074737327951
128  -2.70703463466579 0.486314783473953
129  -1.85963229732715 0.194071390983954
130  -0.977504055803375 0.0213422242941467
131  -0.0217351796782151 0.572418931840802
132  0.850453780016477 0.627393162006845
133   1.70804906277667 0.799512822410397
134    2.5415598646617  1.08349913810588
135    3.3496867890069  1.45558464217427
136   4.14769787491613  1.87825386282833
137   4.96871004336523  2.30201404814133
138    5.8746674218047  2.66281660071764
139   6.93093752351486   2.8376870015143
140   8.01110005379333  2.62400462428773
141   8.85693744072375  1.91442522613804
142   9.11499513705244  1.35570558520542
143   9.19671376083932 0.724991142500518
144    9.1346428110618  0.13388715709302
145   9.00846442221673 -0.383799220471587
146   8.73795803049212 -1.21318926303311
147   8.58567863450919 -1.48943495843844
148   8.57413995216226 -1.50720497617565
149    8.5643961802926 -1.52194506695846
150   8.54014216165581 -1.55764543438447
151   8.48303141537748 -1.63677100397013
152   8.39133930999044 -1.75205837284723
153    8.2779243819499 -1.87936005584282
154   8.14975187375692 -2.00779190299817
155   8.00995837462136 -2.13333943522614
156    7.8609715428296 -2.25370826484656
157   7.70454731245629 -2.36769295707793
158   7.54185937444995 -2.47476939256986
159   7.37369144065576 -2.57477792224844
160   7.20061206341225 -2.66772977945372
161   7.02308657035603 -2.75371239445914
162   6.84153320907856 -2.83285211764212
163      6.65634567227 -2.90530272338456
164   6.46789985165296  -2.9712428144175
165   6.27655470058065 -3.03087522078403
166   6.08265151960775 -3.08442625196892
167   5.88651319778662 -3.13214440239176
168   5.68844378837189 -3.17429858090709
169   5.48872834252142 -3.21117599118594
170   5.28763276328619 -3.24307974088123
171   5.08540346627146 -3.27032620087032
172   4.88226678487726 -3.29324211140625
173   4.67842823966035 -3.31216145253382
174   4.47407190381471 -3.32742214666027
175   4.26936009742588 -3.33936271085676
176   4.06443355645097 -3.34831899987885
177   3.85941210562163 -3.35462117084082
178   3.65439576767719 -3.35859096606389
179   3.44946618785208 -3.36053936730452
180    3.2446882412575 -3.36076463531717
181   3.04011170798652  -3.3595507202184
182   2.83577293082194 -3.35716601139995
183   2.63169640156041 -3.35386238845294
184   2.42789624756598 -3.34987453331828
185   2.22437760785186 -3.34541946564089
186   2.02113789806831 -3.34069626600524
187   1.81816796793493 -3.33588595428286
188   1.61545315501688 -3.33115149239989
189   1.41297423733951 -3.32663788255169
190   1.21070828576518 -3.32247233354523
191   1.00862941640196 -3.31876446981999
192  0.806709444095858 -3.31560655995052
193  0.604918440324501 -3.31307374410221
194  0.403225202257649 -3.31122424291976
195  0.201597643860994 -3.31009953354142
196  3.12410351044011e-06 -3.30972448171441
197  -0.201591268980338 -3.31010742223459
198  -0.403218456886013 -3.31124018309949
199  -0.604911108947405 -3.31309805185531
200  -0.806701357401578 -3.31563968568321
201   -1.0086204676881  -3.3188069698696
202   -1.2106984451819 -3.32252483248705
203   -1.4129635632423 -3.32670102638459
204  -1.61544180164108 -3.33122589290169
205  -1.81815618854068 -3.33597212497622
206  -2.02112604262836 -3.34079455037581
207  -2.22436611425344 -3.34552995851146
208  -2.42788562515983 -3.34999699661749
209  -2.63168720570996 -3.35399616303775
210  -2.83576572691493 -3.35730992711577
211  -3.04010702322254  -3.3597030070274
212  -3.24468650254197 -3.36092283910755
213   -3.4494676444731 -3.36070027490571
214  -3.65440039833909 -3.35875054498892
215  -3.85941951107823 -3.35477453024204
216  -4.06444284157593 -3.34846037992201
217  -4.26936975000216 -3.33948550786888
218  -4.47407968114351 -3.32751898059209
219  -4.67843107722674 -3.31222428115423
220  -4.88226074220523  -3.2932623921334
221    -5.085383722153  -3.2702950966853
222  -5.28759366521619 -3.24298836243286
223  -5.48866350508764 -3.21101566439216
224  -5.68834622680877   -3.174061129082
225  -5.88637548104553 -3.13182243389041
226  -6.08246593449859 -3.08401344682876
227  -6.27631343148227 -3.03036661080946
228  -6.46759519123524 -2.97063504987918
229  -6.65597028104585 -2.90459431717826
230  -6.84108043437071 -2.83204365653237
231  -7.02255081984136 -2.75280670982082
232  -7.19998920100253 -2.66673208324453
233  -7.37297912786951 -2.57369594934992
234  -7.54105724488505 -2.47361364774297
235  -7.70365694980059 -2.36647717638115
236   -7.8599966108624 -2.25244996746619
237  -8.00890592007604 -2.13205970866876
238   -8.1486361241965  -2.0065124901909
239  -8.27677223160682 -1.87809633347492
240  -8.39016655607437 -1.75084123453929
241   -8.4818929074646 -1.63557729464157
242  -8.53908643775015 -1.55640866395966
243  -8.56340434347178 -1.52065259268414
244  -8.57320863351301 -1.50583732598251
245  -8.58482315814847   -1.487969641754
246  -8.73734793517296 -1.21172907629975
247  -9.00944307330463 -0.38263992090746
248  -9.13773741132877 0.133749088339333
249  -9.20333512836728 0.717156202673406
250  -9.12914721431466  1.34753643359064
251  -8.87627578053067  1.91385292141053
252   -8.0394724277322  2.63352730706105
253  -6.96230273309109  2.85729219679697
254  -5.90530292947536  2.68694210139973
255  -5.00214388671372  2.32713871488909
256  -4.18365940277507  1.90110305528876
257  -3.38891266138781  1.47442560312937
258  -2.58383288860902  1.09744792817813
259  -1.75206305982453 0.808370967714888
260  -0.893751217678986 0.631405403798188
