// Id               X                Y
  1  -0.0783654477490156 0.155079128883408
  2  0.851913185414529  0.17459844018437
  3   1.76838830118431 0.306827957079661
  4   2.65883354016331 0.539612323003884
  5   3.51886031157749 0.846450486382394
  6   4.35545250782662  1.19121140446416
  7    5.1860603327045  1.52924878490224
  8   6.03652154377784  1.80113820458847
  9   6.91777250865853  1.88564110752773
 10   7.76296848238538  1.65664079160269
 11   8.41880378924971   1.0719813111392
 12   8.61030321150956 0.629887654593358
 13   8.64754203076773 0.138268175891976
 14   8.50098063175213 -0.340400174301383
 15   7.98661153817998 -0.813345904987046
 16   8.28866636695315 0.0586753928931103
 17   8.23475651788813 0.318471507609895
 18   8.07956371566625 0.494734423072267
 19   7.87325560844758 0.603127551333822
 20   7.65104103586906 0.660733877424537
 21   7.42977576400609 0.685159524252751
 22   7.21557892312057 0.686814246627118
 23   7.02603133875807 0.674176003562307
 24   6.84501375722461 0.652743939972499
 25   6.66908883797362 0.625763547892885
 26   6.49687487733916 0.595600410081021
 27   6.32732849494069 0.563859408295634
 28   6.15966732453006 0.531568825258216
 29   5.99333582514704   0.4993540145219
 30    5.8279558512001 0.467573506658397
 31   5.66327633253518 0.436416909544401
 32   5.49913188974449 0.405972111869156
 33   5.33541261188184 0.376269904924184
 34   5.17204351496032  0.34731264397374
 35   5.00897121016932 0.319091882451276
 36   4.84615552761003 0.291598531217864
 37   4.68356439537459 0.264828068957787
 38   4.52117079987894 0.238782589238264
 39   4.35895104999792 0.213470935040488
 40   4.19688383901025   0.1889077809506
 41   4.03494977724057 0.165112235544363
 42   3.87313118567736 0.142106325823852
 43   3.71141201879149 0.119913574746149
 44   3.54977783706631 0.0985577791618052
 45    3.3882157846707 0.0780620281445376
 46    3.2267145504478 0.0584479613450216
 47   3.06526430449536 0.039735245575443
 48   2.90385661070173 0.0219412387815025
 49   2.74248431967493 0.00508080892238376
 50   2.58114144805804 -0.0108337224377108
 51    2.4198230503292 -0.0257925380918465
 52    2.2585250885517 -0.0397882067342803
 53   2.09724430460707 -0.052815506261951
 54   1.93597809845828 -0.0648712038191695
 55   1.77472441507273 -0.0759538050767726
 56    1.6134816418306 -0.0860632833513137
 57   1.45224851756173 -0.0952007977595489
 58   1.29102405378362 -0.103368408532468
 59    1.1298074682376 -0.110568796763739
 60  0.968598130426804 -0.116804995148085
 61   0.80739551853372 -0.122080135610192
 62  0.646199186828774 -0.126397219090945
 63  0.485008742465118 -0.129758912119151
 64  0.323823830383324 -0.132167374139852
 65  0.162644124916537 -0.133624118889739
 66  0.00146932658729979 -0.134129912406238
 67  -0.159700837482863 -0.133684709532768
 68  -0.320866611174272 -0.13228763004368
 69  -0.482028206624603 -0.129936974764429
 70  -0.643185802782446 -0.12663028131231
 71  -0.804339546879572 -0.122364418337444
 72  -0.965489560396733 -0.117135716409873
 73  -1.12663595102655 -0.110940132983566
 74  -1.28777883203685 -0.103773448178511
 75  -1.44891835030491 -0.0956314874630697
 76   -1.6100547241221 -0.0865103666928489
 77  -1.77118829165488 -0.0764067543667638
 78  -1.93231957068464 -0.06531814538461
 79  -2.09344932992807 -0.053243140009057
 80  -2.25457867185045 -0.0401817211057876
 81    -2.415709126412 -0.0261355219910161
 82  -2.57684275461283 -0.0111080762582871
 83  -2.73798226000208 0.00489496034375205
 84  -2.89913110546959 0.0218656277122598
 85  -3.06029363163073 0.0397935330712945
 86  -3.22147517196529 0.0586657940197913
 87  -3.38268215866115 0.0784670745775879
 88  -3.54392221203539 0.0991797406985082
 89  -3.70520420583826 0.120784166699668
 90  -3.86653830132751 0.143259228004652
 91  -4.02793594572484 0.166583016422469
 92  -4.18940983694683 0.190733808552343
 93  -4.35097386823607 0.215691300965782
 94  -4.51264308594894 0.241438091057731
 95  -4.67443372447472 0.267961321775364
 96  -4.83636342858291 0.295254312412858
 97   -4.9984518425841 0.323317855802515
 98  -5.16072184975197  0.35216066248197
 99  -5.32320190502619 0.381798158997991
100  -5.48593015036593 0.412248475976468
101  -5.64896137342015 0.443523950701871
102  -5.81237838837668 0.475615750647724
103  -5.97631001912535  0.50846819650958
104  -6.14095823646297 0.541937897429773
105  -6.30663626675378 0.575730814924963
106  -6.47381574373323 0.609308039486614
107  -6.64317103652824 0.641749736405228
108  -6.81559082136516 0.671571434951186
109  -6.99212412753122 0.696511936979031
110  -7.17420332059486 0.713384288598231
111  -7.37401331253287  0.71776067182769
112  -7.59108811290252 0.700686945954405
113  -7.81188016921245 0.650143343033843
114  -8.01825097534616 0.547965411122397
115  -8.17482349114501 0.376878867183996
116  -8.23267999237729 0.117947025606241
117  -7.96320525029544 -0.762301123663516
118  -8.56750092374123 -0.403751290252592
119  -8.75648872697588 0.0914702098348949
120  -8.72428980642575 0.601231333066434
121  -8.52929580538582  1.05056502542018
122  -7.87297417110959  1.64213668319303
123  -7.02937626638844  1.88605696322507
124  -6.14527109775409  1.81498956515666
125  -5.29239317329572  1.55028748327219
126  -4.46270565490613  1.21335230461332
127  -3.63042467413965 0.866668850912405
128  -2.77761486158397  0.55540741494565
129  -1.89666499031261 0.316785453098223
130  -0.991544072126635 0.178725497906336
131  -0.0511759068286025 0.743187213638246
132   0.84791255909769  0.78756746298019
133   1.73760452158203 0.925708026099611
134   2.61253793441378  1.15780200442491
135   3.47355714841943   1.4648505946194
136   4.33639697760493  1.81055238647729
137   5.24328938544994  2.14244808335193
138   6.27350196779706  2.37207281979416
139    7.3538639905165  2.32473080702056
140   8.33978676237547  1.84061202526955
141   8.91193992393376 0.901670583778468
142   8.92473631133909 0.181859065792056
143   8.65181867013314 -0.491161973201841
144   8.16899681386248 -1.04723913489808
145   7.54284123592306 -1.54271642262356
146   6.81001757174102 -2.03649922291109
147   6.64220600434204 -2.11860863445547
148    6.6075636995478 -2.13403593041104
149   6.57268496031209 -2.14910035990935
150   6.52804379267292 -2.16776375453066
151   6.46891510897229 -2.19152480007836
152   6.39516899043832 -2.21978687436326
153    6.2911504110196 -2.25734704053823
154   6.17464932060169 -2.29670014945609
155   6.05109428341389 -2.33583877942809
156   5.92247058726467 -2.37424720843286
157   5.79011669686535 -2.41171701827501
158   5.65498238575489   -2.448179468586
159   5.51773372613888 -2.48363271100003
160   5.37883141633334 -2.51810310821242
161   5.23859249707116 -2.55162502116082
162   5.09723635381285 -2.58423102026539
163   4.95491717951691 -2.61594775729034
164   4.81174601445932 -2.64679473970865
165   4.66780536915265 -2.67678448314761
166   4.52315882060957 -2.70592324358795
167   4.37785728893162 -2.73421193856302
168   4.23194314291101 -2.76164708344065
169   4.08545288710593 -2.78822167636632
170   3.93841892110408 -2.81392601333008
171   3.79087069340128  -2.8387484323634
172   3.64283546348158 -2.86267598958411
173    3.4943388135439 -2.88569506843947
174   3.34540500232562 -2.90779192125721
175   3.19605721991016 -2.92895314077827
176   3.04631777971399 -2.94916605909916
177   2.89620826901639 -2.96841907221171
178   2.74574967018566 -2.98670188973078
179   2.59496245941929 -3.00400571109231
180   2.44386668699429 -3.02032333121387
181    2.2924820417165 -3.03564918016064
182   2.14082790177061 -3.04997930265571
183   1.98892337406125 -3.06331128427941
184   1.83678732414102  -3.0756441319183
185   1.68443839881013 -3.08697811647464
186   1.53189504339066  -3.0973145860627
187   1.37917551551831 -3.10665575793312
188   1.22629789706821 -3.11500449721148
189   1.07328010556259 -3.12236409023934
190  0.920139906117619 -3.12873801988777
191  0.766894924696041 -3.13412974969208
192  0.613562663154098 -3.13854252304872
193  0.460160516318622 -3.14197918303254
194  0.306705791107854 -3.14444201764675
195  0.153215727522525 -3.14593263451909
196  -0.000292478816522851 -3.14645186821638
197  -0.153801653021114 -3.14599972247438
198  -0.307294616691969 -3.14457534874151
199  -0.46075416363105 -3.14217706152283
200  -0.614163036065945 -3.13880239009367
201  -0.767503901909336 -3.13444816524177
202   -0.9207593335071 -3.12911063880089
203  -1.07391178822239 -3.12278563286808
204  -1.22694359105971 -3.11546871476084
205  -1.37983691935325 -3.10715539297863
206   -1.5325737893288 -3.09784132869569
207  -1.68513604410352 -3.08752255663897
208  -1.83750534241751 -3.07619570860798
209  -1.98966314710906 -3.06385823238443
210  -2.14159071206516 -3.05050859837444
211  -2.29326906612371 -3.03614648604341
212  -2.44467899219787 -3.02077294206586
213  -2.59580099976616 -3.00439050214825
214   -2.7466152888445 -2.98700326872571
215  -2.89710170363706 -2.96861693722028
216   -3.0472396742147 -2.94923876431825
217  -3.19700814469022 -2.92887747280755
218  -3.34638548622027 -2.90754308892859
219  -3.49534939235966 -2.88524670991075
220  -3.64387675216711 -2.86200020131534
221  -3.79194349204232 -2.83781582582178
222  -3.93952436923047 -2.81270580691231
223   -4.0865926865495 -2.78668183215902
224  -4.23311987703681 -2.75975450106715
225  -4.37907487610586 -2.73193272134502
226  -4.52442315338564 -2.70322305515875
227  -4.66912520975844 -2.67362901459439
228  -4.81313424447853 -2.64315030667637
229  -4.95639253977119 -2.61178204060042
230  -5.09882585844756 -2.57951394846336
231  -5.24033475080534 -2.54632976336223
232  -5.38078106307943 -2.51220709376659
233  -5.51996710632639 -2.47711851353995
234  -5.65760396433061 -2.44103529364387
235  -5.79326456270043  -2.4039364746929
236  -5.92631672511426 -2.36582824773757
237  -6.05583062755126 -2.32678280764674
238  -6.18044392671743 -2.28701562650809
239  -6.29806633901254 -2.24706398229355
240  -6.40394023822029 -2.20866238359255
241  -6.47985079302547 -2.17943051827162
242  -6.53969068136105 -2.15524952525094
243  -6.58483611737768 -2.13626309550992
244   -6.6199618068415 -2.12099603473907
245   -6.6549153537866 -2.10532643803021
246  -6.82283629340473 -2.02254118591284
247  -7.55686775959306 -1.52766120402808
248  -8.19025400700492 -1.06318857977005
249  -8.70319556363269 -0.526789845654476
250   -9.0054171060534 0.140500993228597
251  -9.01226459414798 0.866958862539989
252  -8.45235195777778  1.82173588716315
253  -7.46907975504881  2.32188830330054
254  -6.38617296144455    2.383935032253
255  -5.34985899376276   2.1630479314957
256  -4.43587058888771  1.83191157722074
257   -3.5722550490782  1.48383883444711
258   -2.7120869154256   1.1718127421801
259  -1.83804572280182 0.933725948729384
260  -0.94824276703461 0.790362389872761
