// Id               X                Y
  1  -0.00136183252850915 -0.945123387248104
  2   1.02439266803991 -0.854154453159907
  3   1.98603771344945 -0.603785535092236
  4   2.87201879703705 -0.235252373809676
  5    3.6935833927167 0.216859472770875
  6   4.46227427462653 0.721831352875869
  7   5.19594969304763  1.25058179776167
  8   5.92426927678445  1.76498038917715
  9   6.69466185518237  2.19749464291147
 10   7.54878011273655  2.40265729045787
 11   8.39173561112891  2.16089831677808
 12   8.70076462627079  1.80003391928835
 13   8.82732417727166  1.34124633857529
 14     8.750275661377 0.869584255199835
 15   8.50043848099217 0.463208625510276
 16   8.09537720431998 0.136850822128838
 17   8.09394943029374 0.135866285689082
 18   7.96437664942472 0.0507446663175487
 19   7.79864370387675 -0.0486827490183648
 20   7.63024280875456 -0.142847807531465
 21   7.46388584816347 -0.231923646245117
 22   7.29967464863796 -0.317770582815908
 23   7.13740226597558 -0.401574021065898
 24   6.97704566030338 -0.483837167675712
 25   6.81866211128861 -0.564608939092588
 26   6.66223917726417 -0.643683933153867
 27   6.50762618961809 -0.720733905969523
 28   6.35453790491329 -0.795383365254117
 29   6.20259234489917 -0.867250596645708
 30   6.05135479623003 -0.935970229186218
 31   5.90037547443459 -1.00120623445578
 32   5.74921789537181 -1.06265967836971
 33   5.59747878229899 -1.12007350508603
 34   5.44480141277181 -1.17323574566917
 35   5.29088414732625 -1.22198213042477
 36   5.13548545545914 -1.26619871563028
 37   4.97842621139486 -1.30582477700231
 38   4.81958964603886 -1.34085582467019
 39   4.65891907971917 -1.37134624464753
 40   4.49641354334702 -1.39741081455282
 41   4.33212146960682 -1.41922427710106
 42   4.16613280193086 -1.43701829366912
 43   3.99857004212238 -1.45107542753968
 44    3.8295789397626 -1.46172024846079
 45    3.6593195450486 -1.46930811861207
 46   3.48795821613262 -1.47421258911649
 47   3.31566093656608 -1.47681252138555
 48    3.1425880588857  -1.4774800238606
 49   2.96889039760466 -1.47657009728668
 50   2.79470648808736 -1.47441257822974
 51    2.6201607956154 -1.47130663646109
 52   2.44536268054234 -1.46751777871199
 53   2.27040596742219 -1.46327707806381
 54   2.09536900681768 -1.45878220057093
 55   1.92031514572558 -1.45419973606503
 56   1.74529353330097 -1.44966834428821
 57   1.57034019078797  -1.4453022811487
 58   1.39547926947084 -1.44119495275062
 59   1.22072442504691 -1.43742223955188
 60   1.04608023957389 -1.43404542551563
 61  0.871543644476027 -1.43111364868834
 62  0.697105303061913 -1.42866585435089
 63  0.522750931659432 -1.42673227880589
 64  0.348462523953829 -1.42533552075705
 65  0.174219459753377 -1.42449127112503
 66  -5.23475152408883e-07 -1.42420877232299
 67  -0.174220475197912 -1.42449106727807
 68  -0.34846344846176 -1.42533507838973
 69  -0.522751716220108 -1.42673153056441
 70  -0.697105915130388 -1.42866470414416
 71  -0.871544073165339 -1.43111197750656
 72  -1.04608050039615 -1.43404309902906
 73  -1.22072456480123  -1.4374191173681
 74  -1.39547937170545 -1.44119089914999
 75  -1.57034038180121 -1.44529717700509
 76  -1.74529398816145 -1.44966209971241
 77  -1.92031609340687 -1.45419230309341
 78  -2.09537073329742 -1.45877358498948
 79  -2.27040881541741 -1.46326734924538
 80  -2.44536704443476 -1.46750707620772
 81  -2.62016711013837 -1.47129517209415
 82  -2.79471520955744   -1.474400632665
 83  -2.96890197705093 -1.47655801055466
 84  -3.14260290731537 -1.47746818010948
 85  -3.31567938392512 -1.47680132915163
 86  -3.48798046696701 -1.47420245945997
 87  -3.65934563540034 -1.46929944428138
 88  -3.82960870081648 -1.46171338750299
 89  -3.99860307646786 -1.45107069421764
 90  -4.16616847730418 -1.43701595815113
 91  -4.33215893323831 -1.41922457338213
 92  -4.49645175714322  -1.3974139539878
 93  -4.65895687433472 -1.37135243078125
 94  -4.81962578930127 -1.34086526433996
 95  -4.97845948577145  -1.3058376829393
 96  -5.13551473703851 -1.26621529753946
 97  -5.29090847875999 -1.22200257403027
 98  -5.44482006171604 -1.17326018263117
 99  -5.59749128079873 -1.12010197881497
100  -5.74922405906492  -1.0626921118332
101  -5.90037540595476 -1.00124240477407
102  -6.05134887679378 -0.936009753026336
103  -6.20258121620193 -0.867292929489556
104  -6.35452242331001 -0.795427824819695
105   -6.5076073261239 -0.720779732663731
106  -6.66221783687358 -0.643730397125523
107  -6.81863893689146 -0.564655452494137
108   -6.9770209317172 -0.483883334692017
109  -7.13737591592081 -0.401619611430717
110  -7.29964634714599 -0.317815462919619
111  -7.46385505659241 -0.231967732492678
112  -7.63020877251693 -0.14289107247404
113  -7.79860542904521 -0.0487252867496131
114  -7.96433239219488 0.0507020910537342
115  -8.09389876389777 0.135822501418595
116  -8.09532652466484 0.136807105415994
117  -8.50037875890237 0.463169187986582
118  -8.75020874178288 0.869546069834499
119  -8.82725389719277  1.34120589896905
120  -8.70069820778501  1.79999158700759
121   -8.3916793515301  2.16086020361944
122  -7.54873811648935  2.40265349640104
123   -6.6946112533274  2.19754075232079
124  -5.92418551320968  1.76508862868177
125  -5.19580619680226  1.25077126071805
126  -4.46204331617567 0.722129051157065
127  -3.69324583471897 0.217293319211716
128  -2.87158211325602 -0.234686858208774
129  -1.98555180445618 -0.603181215365072
130  -1.02478473264671 -0.853602012801589
131  8.0092587734399e-07 -0.325998745281485
132  0.932080282187761 -0.241934600550811
133   1.83453533735915 -0.00313990910715557
134   2.69210829226706 0.357999881751271
135   3.50497469506376 0.807901125534557
136   4.28452087809136  1.31656825107889
137   5.05283708791005  1.85456892784355
138   5.85271900085475  2.37985134707223
139   6.79942091328133   2.8061324567581
140   7.85244272487474  2.93282673969464
141   8.82874718565301  2.53382762231103
142   9.24072813290953  2.01193841425907
143   9.40593523652038  1.39248332726465
144    9.3653857007097 0.842055108725774
145   9.22800683275403  0.33117242337374
146   9.09412742863214 -0.16689109628768
147   8.55288688996366 -0.449373061990763
148   8.32796576792729 -0.568202902887257
149   8.15027074434609 -0.664702246865122
150   7.97963580821628 -0.757944569574688
151   7.81131804827224 -0.849021414622837
152   7.64519014024993 -0.937507695356202
153   7.48124740947725 -1.02357286316968
154   7.31913227958051 -1.10773602800468
155   7.15823041260296 -1.19049780628462
156   6.99784031234197  -1.2721374084243
157   6.83728713702164 -1.35265896724896
158   6.67597514159125 -1.43182254885979
159   6.51340591587772 -1.50920886254531
160   6.34918414991819 -1.58428836614317
161   6.18301992724211 -1.65648208632398
162   6.01472906444496 -1.72521079114393
163   5.84423079638471 -1.78993309929195
164    5.6715419802538 -1.85017428575296
165   5.49676756046907 -1.90554740988074
166   5.32008750355408 -1.95576789831144
167   5.14174086436572 -2.00066220056044
168   4.96200794328188 -2.04017083243663
169   4.78119174331379 -2.07434603644594
170   4.59959999644666 -2.10334441902732
171   4.41752901401208 -2.12741516479163
172    4.2352504438386 -2.14688472046307
173   4.05300170592585 -2.16213909851492
174   3.87098038864963 -2.17360510592177
175   3.68934242901138 -2.18173179746181
176   3.50820352849726 -2.18697330231024
177   3.32764302299866 -2.18977391592518
178   3.14770931660901 -2.19055603749548
179   2.96842600919908 -2.18971121352834
180   2.78979796199777 -2.18759426096728
181   2.61181672856201 -2.18452021498789
182   2.43446498901791 -2.18076368952809
183   2.25771983250386 -2.17656015208546
184   2.08155490760272  -2.1721085893014
185   1.90594158762022 -2.16757506312059
186   1.73084937317182 -2.16309671478371
187   1.55624577946267 -2.15878585226342
188   1.38209594623372 -2.15473384457701
189   1.20836216536625  -2.1510146337663
190   1.03500347316295 -2.14768775520959
191  0.861975389293314 -2.14480082373547
192  0.689229848067783 -2.14239149501981
193  0.516715326070543 -2.14048894757068
194  0.344377176927302 -2.13911495212621
195  0.172158164820297 -2.13828460284843
196  -8.05156827156319e-07 -2.13800678109366
197  -0.172159802766764 -2.13828440911424
198  -0.344378897668571 -2.13911453094856
199  -0.516717184779759 -2.14048823335673
200  -0.689231900835939 -2.14239039391872
201  -0.861977694879365  -2.1447992190167
202  -1.03500609517488 -2.14768551432259
203   -1.2083651742613 -2.15101161698435
204  -1.38209942068116 -2.15472991508167
205  -1.55624980700758 -2.15878088744577
206  -1.73085405045917 -2.16309061840806
207  -1.90594702053638 -2.16756777781758
208   -2.0815612115423 -2.17210010864968
209  -2.25772713268281 -2.17655053133497
210  -2.43447342042014 -2.18075305386414
211  -2.61182643476767 -2.18450876417783
212  -2.78980909188941 -2.18758226933132
213  -2.96843871036379 -2.18969902447577
214  -3.14772372436619 -2.19054405240063
215  -3.32765924431787  -2.1897625778585
216  -3.50822162091514 -2.18696307601214
217  -3.68936237579712 -2.18172314776857
218  -3.87100207306444 -2.17359847738093
219  -4.05302488884555  -2.1621348988922
220  -4.23527475025982 -2.14688331003814
221  -4.41755393373093 -2.12741685182406
222  -4.59962490286518 -2.10334945985241
223  -4.78121593038892 -2.07435463714437
224  -4.96203067668661 -2.04018314849087
225  -5.14176143819783 -2.00067833206255
226  -5.32010529350362 -1.95578788026324
227  -5.49678206497576 -1.90557119963626
228  -5.67155284591777 -1.85020175099718
229  -5.84423782527233 -1.78996401123177
230  -6.01473220330186 -1.72524482769999
231  -6.18301923785101  -1.6565188501846
232   -6.3491797636657 -1.58432741946211
233  -6.51339797846334 -1.50924977503626
234  -6.67596377397838  -1.4318649409644
235  -6.83727244399386 -1.35270252126848
236  -6.99782246693403 -1.27218182211035
237  -7.15820974663287 -1.19054272247505
238  -7.31910926963163 -1.10778100833841
239  -7.48122255085491 -1.02361742235104
240  -7.64516377747846 -0.937551367037404
241  -7.81129027958079 -0.849063792597344
242  -7.97960650431875 -0.757985304982659
243  -8.15023964803713 -0.66474100252819
244  -8.32793324673742 -0.568238846444813
245     -8.55285243776 -0.449404804013766
246  -9.09408106469541 -0.16691448243687
247  -9.22795091280102 0.331149208294447
248   -9.3653228797485 0.842030504645692
249  -9.40586949192934  1.39245055227232
250   -9.2406723435871  2.01189264684948
251  -8.82870904769013  2.53378535992335
252  -7.85243021002528  2.93280967491836
253  -6.79942011725177  2.80617162854801
254   -5.8527488840089  2.37997510465098
255   -5.0528744815034   1.8548035717456
256  -4.28453003179237  1.31693927651277
257  -3.50495520851824 0.808437701520077
258  -2.69210467237222  0.35869784839662
259  -1.83465662581644 -0.00237378246236518
260  -0.932458701738181 -0.241268757322157
