// Id               X                Y
  1  -0.48508856842493  5.44477584991703
  2  0.567469550045865  5.44221164710169
  3   1.62440943532678  5.31937589494217
  4   2.65727221245141  5.06305488073909
  5   3.64052546487503  4.69418000932498
  6   4.58462342780498  4.18288763906736
  7   5.50498620840169  3.65809214441439
  8   6.44984784861211  3.18966486750469
  9   7.38840758609774  2.75079037456349
 10   8.20356584956867  2.25399567668878
 11   8.80626444126038  1.52699012310471
 12   8.88878132889677  1.00909475678625
 13    8.7112652245934 0.515428564023435
 14   8.28570755654855 0.207475438617762
 15   7.76517084856746 0.205789072129499
 16     7.318569854363 0.478998781186445
 17   6.81889329736227  1.48061280214945
 18   6.69269384988667  1.70034071844965
 19   6.60014860683102  1.85070514251214
 20   6.52368562292771  1.96798761464731
 21   6.45662388492485  2.06591027176477
 22   6.39441026716506  2.15294632270242
 23    6.3336818405874  2.23457879486704
 24   6.27215291488474  2.31431343172911
 25    6.2081619913598  2.39421633787335
 26   6.14065280967189  2.47557585737524
 27   6.06881600981663  2.55905020681184
 28   5.99214928235481  2.64497655586984
 29   5.91029275084251  2.73340794558072
 30   5.82303722676706  2.82424294384228
 31   5.73026595262149  2.91725754471408
 32    5.6319423037131  3.01215206690498
 33   5.52808867255514  3.10857360426264
 34   5.41877405265171  3.20613641659536
 35   5.30410255524733  3.30443606897603
 36   5.18420441769134  3.40306076032355
 37   5.05922863907184  3.50160008808931
 38   4.92933719605924  3.59965195430303
 39   4.79470062394131  3.69682794153185
 40   4.65549478225835  3.79275743084862
 41   4.51189860435997  3.88709066133455
 42   4.36409262993365  3.97950089616056
 43   4.21225812796698  4.06968583652895
 44   4.05657663586346  4.15736840797822
 45   3.89722976490843  4.24229702904736
 46   3.73439914980264  4.32424545821924
 47   3.56826644782012  4.40301230085741
 48   3.39901331937742  4.47842024382033
 49    3.2268213452605  4.55031507224963
 50   3.05187185590057  4.61856451138311
 51   2.87434566480147  4.68305692667383
 52    2.6944227116309  4.74369990829172
 53   2.51228163082954  4.80041876128681
 54   2.32809926910834  4.85315492012641
 55   2.14205018011011  4.90186430564216
 56   1.95430612698711  4.94651564317994
 57   1.76503562387121  4.98708876242206
 58   1.57440354539548   5.0235729014276
 59   1.38257082983033  5.05596503943453
 60   1.18969429635742  5.08426828449256
 61  0.995926590910103  5.10849034276075
 62  0.801416268288464  5.12864209614312
 63  0.606308011340571   5.1447363137978
 64  0.410742981291503  5.15678652098848
 65   0.21485928714555   5.1648060458704
 66  0.0187925567600409     5.16880726128
 67  -0.177323412110431  5.16880103460587
 68  -0.373355945648216  5.16479639452941
 69  -0.569172759467103  5.15680041899144
 70  -0.764641223253927   5.1448183442911
 71  -0.959627651543672  5.12885389086282
 72  -1.15399664595804  5.10890979709523
 73  -1.34761051149701   5.0849885486368
 74   -1.5403287657435  5.05709328706182
 75  -1.73200775524458  5.02522887863929
 76  -1.92250038802368  4.98940312135429
 77  -2.11165598534724  4.94962806637341
 78  -2.29932024974592   4.9059214289083
 79  -2.48533534013434  4.85830806297536
 80  -2.66954003897038  4.80682147489459
 81  -2.85176999103884  4.75150535148582
 82  -3.03185798893134   4.6924150807184
 83  -3.20963427691578   4.6296192449026
 84  -3.38492684294452  4.56320106917745
 85  -3.55756166837839  4.49325981079185
 86   -3.7273629070299  4.41991207717864
 87  -3.89415296993486  4.34329306267998
 88  -4.05775250064594  4.26355769446526
 89  -4.21798023885453  4.18088167695721
 90  -4.37465278904741  4.09546241994059
 91  -4.52758433700861  4.00751982715943
 92  -4.67658639126798   3.9172969078898
 93  -4.82146766945876  3.82506015210871
 94  -4.96203429911251  3.73109957757458
 95  -5.09809055760816  3.63572831627965
 96  -5.22944042281065  3.53928154511173
 97  -5.35589026406189  3.44211451936379
 98  -5.47725297447688  3.34459931489891
 99  -5.59335399911023  3.24711997877288
100  -5.70403925870465  3.15006512541708
101  -5.80918606051379  3.05381814609997
102  -5.90871543253998  2.95874188083459
103  -6.00261020421275  2.86516044474541
104  -6.09093230891733  2.77332821404945
105  -6.17385266903636  2.68339415511464
106  -6.25168022939911   2.5953390186748
107  -6.32491337289415  2.50889229441982
108  -6.39430674308718  2.42339717426859
109  -6.46097204049411  2.33760133119175
110  -6.52652952529333  2.24933186461415
111  -6.59330850757016  2.15499307723658
112  -6.66457397732293  2.04883982097246
113  -6.74473891051633  1.92195331028738
114  -6.84012898264978   1.7596912144038
115  -6.96755931178885  1.52288266217119
116  -7.41203532335745 0.531335792282934
117   -7.8264187614469 0.205831482450276
118  -8.33946116486203 0.126993221897967
119  -8.81164743990639 0.352335411382207
120  -9.07390078726324 0.804110569314418
121  -9.07358385318967  1.32594661353718
122  -8.55178311413339  2.10811956592912
123  -7.77484757663793  2.63278171195215
124  -6.92198517191658  3.04077167237744
125  -6.07142746783739  3.44693074558403
126  -5.24823562848223  3.90278700578854
127  -4.43550871926724  4.38922517414384
128  -3.56157915073944   4.8056757320821
129  -2.57196946254659  5.14552667106659
130  -1.53084504051781  5.32264230636527
131  -0.198473546802658  5.96290519218796
132  0.905614152365853  5.93928046947942
133   1.99751389897285  5.77878785801579
134   3.06222730202882  5.49292930614091
135   4.08320652328054  5.08128866301882
136   5.04622032069876    4.554123269256
137   6.00065956876478  4.01411675862726
138   6.97555220798902  3.50792388760097
139   7.95391520871703  2.99496073544768
140   8.81744620443891  2.29386845041231
141   9.30680294362055  1.28880232365914
142   9.25517805126949 0.605733598454372
143   8.90964345889259 0.0218308080092014
144   8.34122521801344 -0.326736492345367
145   7.70823680444821 -0.479082039247586
146   7.27138476535084 -0.98224985133389
147   7.13082021199872 -1.06753626807784
148   6.95067241056129 -1.09660639749734
149   6.76825029337161  -1.1076679921661
150   6.58577722205542 -1.10237886849381
151   6.40465869717149 -1.08102517619438
152   6.22626881441195 -1.04452941330961
153   6.05175717529809 -0.994351246688854
154   5.88193169455684 -0.932182450532215
155   5.71725595849546 -0.859748086847964
156   5.55790008344534 -0.778700359496895
157    5.4037982143643 -0.690571650638234
158   5.25469984557041 -0.596759061794128
159   5.11021686376015 -0.498520968827571
160   4.96986644423417 -0.396979531100097
161   4.83310776542308 -0.293127530405755
162    4.6993723959997 -0.187838052874735
163   4.56808879693725 -0.0818755798275331
164   4.43870150396939 0.0240925003943861
165   4.31068552546179 0.129484641900943
166   4.18355653346292  0.23379460869118
167   4.05687745217046 0.336581941934627
168   3.93026205144122 0.437463563324979
169   3.80337612830644 0.536106536915523
170   3.67593681385336 0.632221930210788
171   3.54771048354756 0.725559663942093
172   3.41850968293215 0.815904214104973
173   3.28818941293518 0.903071023248934
174   3.15664305357629 0.986903484240919
175   3.02379814435209  1.06727037313809
176   2.88961218580315   1.1440636241558
177   2.75406858083304  1.21719635630114
178   2.61717279673187   1.2866010767221
179   2.47894879940185  1.35222799983505
180   2.33943578928246  1.41404343401768
181   2.19868525280345  1.47202819943314
182   2.05675833250087  1.52617605163577
183   1.91372351184144  1.57649209605219
184   1.76965460608953  1.62299118808436
185   1.62462904725556  1.66569632216208
186   1.47872644862643  1.70463702026887
187   1.33202743222222  1.73984773601916
188   1.18461270060256    1.771366294138
189   1.03656233276336  1.79923238719477
190   0.88795528249905   1.8234861518176
191  0.738869056646279  1.84416684562623
192  0.589379550133898  1.86131164409619
193  0.439561014749267  1.87495457385676
194  0.289486138946644  1.88512559586092
195  0.139226216777433  1.89184984872359
196  -0.0111486150074877  1.89514705951369
197  -0.161569091578934  1.89503112652955
198  -0.311966505257574  1.89150987613891
199  -0.462272379366851  1.88458499360724
200  -0.61241814808241  1.87425212591117
201  -0.762334859259561  1.86050115274681
202  -0.911952917084522  1.84331662020108
203  -1.06120188147775  1.82267832977871
204   -1.2100103414149  1.79856207362425
205  -1.35830587964226  1.77094050485661
206  -1.50601514656675  1.73978413001868
207  -1.65306406132677  1.70506240888602
208  -1.79937815816813  1.66674494550201
209    -1.944883096277   1.6248027536044
210  -2.08950535125039  1.57920957992186
211  -2.23317310657544  1.52994327050961
212  -2.37581736407001  1.47698716869607
213   -2.5173732934629  1.42033153858674
214  -2.65778184337957  1.35997501553835
215  -2.79699163901456  1.29592609449584
216  -2.93496119548818  1.22820467825455
217  -3.07166147959333   1.1568437199801
218   -3.2070788549634  1.08189100686598
219  -3.34121844443319  1.00341114367838
220  -3.47410793544307 0.921487805210175
221   -3.6058018359274 0.836226334701524
222    -3.736386155052 0.747756770957137
223  -3.86598343159793 0.656237390741265
224  -3.99475796024735 0.561858856193398
225  -4.12292097250103  0.46484906077139
226  -4.25073541787747 0.365478772217872
227  -4.37851986984338 0.264068176074683
228  -4.50665096046655 0.160994424359505
229  -4.63556364178439 0.0567002836810179
230  -4.76574849247854 -0.0482960543377526
231  -4.89774524995421 -0.153390001860013
232   -5.0321317477253 -0.257878547862695
233  -5.16950749543455 -0.360947434049011
234  -5.31047120011412 -0.461657989008914
235  -5.45559163934431 -0.558934365677831
236  -5.60537130562957 -0.651552342107917
237  -5.76020238756036 -0.738131585365073
238  -5.92031480444584 -0.817134769069736
239  -6.08571663513983 -0.886880519363627
240  -6.25612998407593 -0.945584959499015
241  -6.43093416959589 -0.991462004762437
242  -6.60915041300076 -1.02293334814899
243   -6.7895365157253 -1.03896911488198
244  -6.97077997266404 -1.03920571899577
245  -7.15076640633721 -1.02164566433621
246  -7.29599110845004 -0.944860165040404
247  -7.76276957445917 -0.479093955898131
248  -8.40629350392384 -0.406993255731904
249  -9.00907564081271 -0.138730695001044
250  -9.41827510305156 0.393030559839602
251  -9.53726478638538  1.06347935379188
252  -9.16430225800993  2.11505257042838
253  -8.34404535749978  2.86653875579336
254  -7.39323548961356  3.43048336300398
255   -6.4168027029058  3.94101736659843
256  -5.44887521271037  4.46681620248386
257  -4.47782534442378  4.98983582926843
258  -3.45438102502316  5.40450711678379
259   -2.3923162413658  5.71208850213181
260  -1.29776354733421  5.86720742503555
