// Id               X                Y
  1  -0.0700576204429506 -0.0707196138574404
  2  0.889692106158502 -0.0895854458783553
  3   1.80706107162517 0.038504447142424
  4   2.66812206271434 0.355481639340957
  5   3.46321539731642 0.787215331499584
  6    4.2198237051709  1.25859537292986
  7   4.97497237014982   1.7119607780389
  8   5.76253737586045  2.08940721373902
  9   6.59914068585839  2.32861551185201
 10   7.46850891237723  2.36499146770732
 11   8.32137970829005  2.14213345062969
 12    8.7124844723468  1.84662111129144
 13   8.96401542633492   1.4075000704635
 14    8.9336370206816 0.907581295102339
 15   8.59932025114379 0.557248897960385
 16   7.90371375491151 0.574624767212923
 17   6.97940637547667 0.811672194875371
 18   6.97940548047745 0.811672031613747
 19   6.80874406876377 0.766235923053635
 20   6.64433831094878 0.696687204214939
 21   6.48866538190757 0.609335010246611
 22   6.34402567793459 0.512989187780703
 23   6.21457997598362 0.418588353003997
 24   6.08960080884614 0.324134324687431
 25   5.96396458641736 0.229678017801335
 26   5.83689115317211 0.137825975985765
 27   5.70716418269944 0.0501609809113541
 28   5.57396701967095 -0.0320971343177884
 29   5.43699461605472 -0.107991358399626
 30   5.29639417983061 -0.176849307768978
 31   5.15262946429471 -0.238317378112735
 32   5.00631592076615 -0.292361156805475
 33   4.85807423899575 -0.339219047319023
 34   4.70843746000999 -0.379322421925259
 35   4.55781670412983 -0.413208753799292
 36   4.40651416819568 -0.441448258680701
 37   4.25476599667086 -0.46459373596387
 38   4.10278891087552 -0.483155413336798
 39   3.95074013564212 -0.497601074752851
 40   3.79860342545557 -0.508360324161097
 41   3.64633268571365 -0.515808920940638
 42   3.49395775434741 -0.520275404735338
 43   3.34156006505807 -0.522058427552157
 44   3.18924353529493 -0.521438467179987
 45   3.03711846899613 -0.518684840592722
 46   2.88529305207234 -0.514059793555875
 47   2.73386869125213 -0.507820540501803
 48   2.58293792468354 -0.500219811047685
 49   2.43258362568301 -0.491505340317172
 50   2.28287814552335 -0.48191863137183
 51   2.13388347850286 -0.47169339511681
 52   1.98565293414346 -0.461054009630352
 53   1.83823162624953 -0.450214001210986
 54   1.69165638381329 -0.439374667483253
 55   1.54595887408267 -0.428724165569307
 56   1.40116702847027 -0.418436671148043
 57   1.25730252697415 -0.408671402400181
 58   1.11438095518437 -0.399571972380323
 59  0.972409441382935 -0.391265683412659
 60  0.831373531413687 -0.383862430774785
 61  0.691231873618212 -0.377454556181352
 62  0.551908648013317 -0.37211705309913
 63  0.413285813298507 -0.367908349515683
 64  0.275211054862422 -0.36487200123341
 65  0.137511874474685 -0.36303823590195
 66  -1.09540932734113e-07 -0.362424850642612
 67  -0.137511944681087 -0.363037786644519
 68  -0.275210849945858 -0.364871104771842
 69  -0.413285286014705 -0.36790701372294
 70  -0.55190779761075 -0.372115293462937
 71  -0.691230884151366 -0.377452403353393
 72  -0.831372498091763 -0.383859922519098
 73  -0.972408415459943 -0.391262864164294
 74  -1.11438005405828 -0.399568898475621
 75  -1.25730175936197 -0.408668131237802
 76  -1.40116640025236 -0.418433265857082
 77  -1.54595846859276 -0.428720700245363
 78  -1.69165622907354 -0.439371217313589
 79  -1.83823174665486 -0.450210645171482
 80  -1.98565341881449 -0.461050834867969
 81  -2.13388439886254 -0.471690490006902
 82  -2.28287955511625 -0.481916084796669
 83  -2.43258561600368 -0.491503244665673
 84  -2.58294059883935 -0.500218259105789
 85  -2.73387213741031 -0.507819622755084
 86  -2.88529736817072 -0.514059598220228
 87   -3.0371237632443 -0.518685451420098
 88  -3.18924990093145 -0.52143996010836
 89  -3.34156756927963 -0.522060868070035
 90  -3.49396643353585 -0.520278845129003
 91  -3.64634252825895 -0.515813397657605
 92  -3.79861436428462 -0.508365855793514
 93  -3.95075207293061 -0.497607658515496
 94  -4.10280178115218 -0.48316301545222
 95  -4.25477982057772 -0.464602274862282
 96   -4.4065289765868 -0.441457600795899
 97  -4.55783250028801  -0.4132187153664
 98  -4.70845421049203 -0.379332774689801
 99  -4.85809185629303 -0.339229534928162
100   -5.0063342201017 -0.292371534042419
101  -5.15264815283309 -0.238327463604904
102  -5.29641284042616 -0.176859062449437
103  -5.43701277380057 -0.108000947602558
104  -5.57398415652518 -0.0321070163862232
105  -5.70717983900184 0.0501500222153227
106  -5.83690488350772 0.137812740636939
107  -5.96397596841193 0.229660868045008
108  -6.08960913339739 0.324111008480542
109  -6.21458255972983 0.418554969798786
110  -6.34402015294339  0.51294231596296
111  -6.48864478715771  0.60926891113734
112  -6.64429639536073 0.696600826567984
113  -6.80867792078926  0.76613451763578
114  -6.97931973623757 0.811565252861506
115  -6.97932063278158 0.811565416416518
116  -7.90363252593497 0.574553872308578
117  -8.59923948261656 0.557208980135683
118  -8.93354003528233 0.907550008995639
119  -8.96391026532879  1.40745913827929
120  -8.71239280675187  1.84656926098049
121  -8.32131744636096   2.1420815878122
122  -7.46851564883518  2.36496927439941
123  -6.59929109794461  2.32865182910552
124  -5.76300183550821  2.08967707972252
125  -4.97603959698323  1.71305516041421
126  -4.22248228436951  1.26158579836746
127  -3.47154469422589 0.791767832280748
128  -2.69199956081183 0.355992398736958
129  -1.85775891428238 0.0256295757268328
130  -0.971285505885693 -0.111973795779505
131  0.00408876428901758 0.504552345051928
132  0.883232532520781 0.507318280194157
133   1.75102121996093 0.651731332037242
134   2.57590033714153 0.968430833646952
135   3.35627696068228  1.39908187168885
136   4.12435666697868  1.87237770859274
137   4.91867854261011  2.33007490396704
138   5.77776108571263  2.70803240184601
139   6.79114281700246  2.91650965214136
140   7.87052791718133  2.82375337464069
141   8.82176797976729  2.26877069455172
142   9.22633778513576  1.71042716014067
143   9.36563435244858   1.0589505055329
144   9.28731653989191 0.529885893710545
145   9.16556626142052 0.0455147651321593
146   9.24216900333843 -0.645729481872271
147   9.19144900867632 -1.01850338444313
148   9.01893451639809 -1.27926501398504
149   8.90205483678821  -1.3928405166151
150   8.76914543080176 -1.49874317037392
151   8.62162771712634 -1.60442403137104
152   8.46658210481377 -1.71347770179385
153   8.30495891604133 -1.83070258496362
154   8.14599783312855 -1.94974905096532
155   7.99122373684257 -2.06622820138363
156   7.83740716424709 -2.17873688699913
157   7.68218641033693 -2.28585124719481
158   7.52383245533036 -2.38663645873763
159   7.36131048791101 -2.48059686133549
160   7.19421981488219  -2.5675976605104
161   7.02262705660241 -2.64780726420998
162   6.84686553795488 -2.72162408246769
163   6.66736209248139 -2.78957777053922
164   6.48451964741326 -2.85222730171449
165   6.29865926551796 -2.91008232358101
166   6.11000612634411 -2.96356195713388
167    5.9186996020829  -3.0129880079701
168    5.7248193655333 -3.05859750872611
169   5.52848349332363 -3.10054864734289
170    5.3299887733217 -3.13892779597046
171    5.1296926042545  -3.1738104743028
172   4.92790802968831 -3.20529881202034
173   4.72490652306527 -3.23352521595836
174   4.52092756259144 -3.25864941743577
175   4.31618286776949 -3.28085346762755
176   4.11085904080506 -3.30033582356293
177    3.9051198335071  -3.3173055009984
178   3.69910768367682  -3.3319768702518
179   3.49294485053135 -3.34456524004788
180   3.28673497526072  -3.3552832170555
181   3.08056390025046 -3.36433788102556
182   2.87449907275679 -3.37192862403712
183   2.66858978357602 -3.37824532708303
184   2.46286775810684 -3.38346672758644
185   2.25734471603865 -3.38775886226323
186   2.05201139648724 -3.39127326968164
187   1.84684033971238 -3.39414498766224
188   1.64178649373527 -3.39649067859408
189    1.4367903237203 -3.39840709256616
190   1.23179116633296  -3.3999702737854
191   1.02673382530462 -3.40123614545454
192  0.821578095838596 -3.40224248677595
193  0.616309792758898 -3.40301218327394
194  0.410938239770125 -3.40355730280495
195  0.205488077996889 -3.40388313091804
196  -1.2478333894074e-06 -3.40399143966566
197  -0.205490660278081 -3.40388259073167
198  -0.410940937856839 -3.40355622361218
199  -0.616312607480461 -3.40301057093364
200  -0.821581038795872  -3.4022403562618
201  -1.02673677675853 -3.40123352525232
202  -1.23179411040195 -3.39996720568225
203  -1.43679328451782 -3.39840363064693
204  -1.64178942062838 -3.39648688844678
205  -1.84684326964876 -3.39414094265698
206  -2.05201436088737 -3.39126905071294
207  -2.25734767488087  -3.3877545589108
208  -2.46287072916216 -3.38346243561887
209  -2.66859279839896 -3.37824114892915
210  -2.87450211683482 -3.37192467080659
211  -3.08056698887537 -3.36433426985061
212  -3.28673815289047 -3.35528006971836
213  -3.49294814067308 -3.34456268443646
214  -3.69911111240956  -3.3319750381289
215  -3.90512345082545 -3.31730452399538
216  -4.11086289480728 -3.30033583152722
217  -4.31618699824785 -3.28085458528855
218  -4.52093201322482 -3.25865175828169
219  -4.72491133796272 -3.23352887739007
220  -4.92791324459331 -3.20530387299468
221  -5.12969825245531 -3.17381699396091
222  -5.32999489019802 -3.13893581537274
223  -5.52849010084784 -3.10055819701927
224  -5.72482642755323 -3.05860862278609
225   -5.9187069859215 -3.01300073578608
226  -6.11001367245279 -2.96357634240018
227  -6.29866681176196 -2.91009838119173
228  -6.48452701452178 -2.85224500191277
229  -6.66736906785589 -2.78959703192634
230   -6.8468718869642 -2.72164477358057
231  -7.02263252771489 -2.64782923261769
232  -7.19422419311468  -2.5676207687198
233     -7.36131362125 -2.48062105005503
234  -7.52383436370216 -2.38666175998882
235  -7.68218729965228 -2.28587780747353
236  -7.83740750168585 -2.17876488621287
237  -7.99122413262918 -2.06625781232084
238  -8.14599903089553 -1.94978022154414
239  -8.30496285428792 -1.83073392477911
240  -8.46658912561831 -1.71350824178945
241  -8.62164073792274  -1.6044500975181
242  -8.76916531912902 -1.49876183465436
243  -8.90208151401139 -1.39284862277392
244  -9.01896412297937 -1.27926141292801
245  -9.19146197353681 -1.01849456258692
246  -9.24216281091688 -0.645725041029245
247  -9.16552072722483  0.04551167578033
248   -9.2872491987811 0.529882905026781
249  -9.36554711603757  1.05893188032829
250  -9.22624662267993  1.71038151835319
251  -8.82169026654789  2.26871655954897
252  -7.87048535015207  2.82373238640344
253  -6.79113234680347  2.91656859061319
254  -5.77784144626037  2.70823987651496
255  -4.91831874020281  2.33082990916853
256  -4.12228075202956  1.87425379469957
257  -3.35156950059096  1.40102876141995
258  -2.57062901833832 0.964254094330791
259  -1.74721390361237 0.632208844868586
260  -0.876388865351282 0.476998323398484
