// Id               X                Y
  1  -0.0701335110084293 -0.0811264182604129
  2  0.886805974760736 -0.0936832020343716
  3    1.8025013961903 0.0665757200784907
  4    2.6603799744158 0.381365965255865
  5   3.45774664463022 0.800291097245106
  6   4.21619958267746  1.26297731135689
  7   4.97125552692794  1.71023995762895
  8   5.75662979680594  2.08284609866461
  9   6.58865356333084   2.3200114648768
 10   7.45140373256353  2.34876563498279
 11   8.29065195983675  2.11571273225401
 12   8.67574588568784  1.83614018694527
 13   8.96379948538848   1.4127568494828
 14   8.99786247679205 0.892485859225274
 15   8.70382981403102 0.509667091647683
 16   7.98915518418718 0.549051354723753
 17   6.92489296705251 0.902750471138569
 18   6.92489128113872  0.90274985092864
 19   6.76568813773041 0.824186897343762
 20   6.61942395873825 0.721678464386828
 21   6.48400795216594  0.60800562233461
 22   6.35730298545373 0.495229585300513
 23   6.23839574805312 0.391104361666683
 24   6.11746094463813 0.290858162320845
 25   5.99128378734388 0.194133806576711
 26   5.86084691480782 0.103040753371816
 27   5.72643057326104 0.0183344447205642
 28    5.5884581837373 -0.0595928502007306
 29   5.44746308552351 -0.130583753263167
 30   5.30398697319138 -0.194672479587175
 31   5.15850749397734 -0.252039028925274
 32   5.01140953202821 -0.302958016830885
 33   4.86299123318722 -0.347752973561188
 34   4.71348551930665 -0.386764583992749
 35   4.56308239086567 -0.420333714231664
 36   4.41194806689941 -0.448795026316544
 37   4.26024472620384 -0.472476451439172
 38   4.10815034591932 -0.491702325586722
 39    3.9558252698239 -0.506802785788126
 40   3.80332300813526 -0.518118760090623
 41   3.65067933933405 -0.525985758969849
 42   3.49797244254314 -0.530730021609241
 43   3.34530056713675 -0.532670964939761
 44   3.19276501502997 -0.532120420127487
 45   3.04046370322005 -0.529380703811838
 46   2.88848950181666 -0.524742998304236
 47    2.7369299896857 -0.518486408500417
 48   2.58586729283508 -0.510877607223113
 49   2.43537766225829 -0.502170857864892
 50   2.28553083245734 -0.492608208439288
 51   2.13638932062764 -0.482419700664676
 52   1.98800784967969 -0.471823499889464
 53    1.8404330673228 -0.461025910338223
 54   1.69370369311188 -0.450221282545259
 55   1.54785112203433 -0.439591835306352
 56   1.40290029055117 -0.429307398142572
 57    1.2588702418453 -0.419525040646968
 58   1.11577342667336 -0.410388522950188
 59  0.973612673608703 -0.40202752385033
 60   0.83237535147543 -0.394556706975368
 61  0.692025523191092 -0.388074827986067
 62  0.552496203654586 -0.382664162042698
 63  0.413684268401598 -0.378390458245581
 64  0.275449841682091 -0.37530343552012
 65   0.13762060871539 -0.373437632992884
 66  3.04173930730774e-07 -0.372813318851547
 67  -0.137619993374702 -0.373437168486652
 68  -0.275449206641752 -0.375302513687516
 69  -0.413683604694327 -0.378389093570169
 70  -0.552495508207984 -0.382662376523759
 71  -0.692024800452871 -0.388072651372699
 72  -0.832374614310294 -0.394554176938656
 73  -0.973611943392536 -0.402024686013785
 74  -1.11577273270199 -0.410385430727695
 75  -1.25886962036714 -0.419521754880227
 76  -1.40289978379307 -0.429303986564453
 77  -1.54785077749023 -0.439588371866224
 78  -1.69370356316519 -0.450217846617225
 79  -1.84043320911201 -0.461022585812991
 80  -1.98800832505304 -0.471820374142147
 81  -2.13639019605207 -0.482416863397297
 82  -2.28553217879237 -0.492605750412618
 83  -2.43537955434761 -0.502168869549429
 84  -2.58586980888491 -0.510876177405596
 85  -2.73693321040697 -0.518485622877747
 86    -2.888493509293 -0.524742938078091
 87  -3.04046857945106 -0.52938144426924
 88  -3.19277084003692 -0.532122029162659
 89   -3.3453074164851 -0.532673501454064
 90  -3.49798038395428 -0.530733533743331
 91  -3.65068842813439  -0.5259902822026
 92  -3.80333328136984 -0.518124315387901
 93  -3.95583674211003 -0.506809377931937
 94   -4.1081630207336 -0.491709940212387
 95  -4.26025862122906 -0.472485048003644
 96  -4.41196317772207 -0.448804536764506
 97  -4.56309867344086 -0.420344043485415
 98  -4.71350288787292 -0.386775609946967
 99  -4.86300955788848 -0.34776454823639
100  -5.01142862010606 -0.302969975304266
101  -5.15852707130971 -0.25205120649441
102  -5.30400665188207 -0.194684747075441
103   -5.4474823540892 -0.130596063013616
104  -5.58847639238471 -0.0596053067244198
105   -5.7264469587367 0.0183215084698682
106  -5.86086067026651 0.103026709858587
107  -5.99129412365453 0.194117659631031
108  -6.11746703799771 0.290838387237695
109  -6.23839515090977 0.391077438887579
110  -6.35729441422414 0.495192199838401
111  -6.48398707304812 0.607950995246871
112  -6.61938421070488  0.72159954518376
113  -6.76561550126458 0.824078682698843
114  -6.92479891048342 0.902632394296016
115  -6.92480056448725 0.902633002802245
116  -7.98907829872691 0.548982065801183
117  -8.70375701583284 0.509632373124003
118  -8.99777006634347 0.892461171263666
119   -8.9636973960592  1.41271768896657
120   -8.6756533093212  1.83608951384867
121  -8.29057468952364  2.11565712853288
122  -7.45136277504627  2.34870361493434
123    -6.588698027577  2.31998574592696
124  -5.75681697334021   2.0832137892902
125  -4.97172602916787  1.71156001772188
126  -4.21818912287635  1.26533773618563
127  -3.46553848931658 0.802298202853163
128  -2.68206411012913 0.380859087620538
129  -1.84833527391457 0.0643848924899562
130  -0.970030183246476 -0.0920919474294905
131  0.0100810254506325 0.485298497879563
132  0.881012090414366 0.522784158794893
133   1.73885150839893 0.685824359004245
134   2.56281316474719 0.995338311182382
135   3.34920208042427  1.41203667799941
136   4.12203256867202  1.87675654526149
137   4.91991808191762  2.32823883886808
138    5.7817736367368  2.69945356242164
139   6.77613839293847   2.9080090815236
140   7.82752509235262  2.80643425218304
141   8.73543150642272  2.28626098254726
142   9.15676603671994  1.70751636084898
143   9.34799179573992  1.05779088157846
144    9.3762618796066 0.533420105830708
145   9.34059168229237 0.0495531772248443
146   9.23863434925435 -0.640565033882424
147   9.07004235373989 -1.05930309308049
148   8.92124472601572 -1.27266210261772
149   8.84941940480534 -1.35753778084897
150   8.74742305567691 -1.46531272094873
151   8.61512110802606 -1.59081781202404
152     8.468108936497 -1.71890187325149
153   8.31207639853637 -1.84615191699198
154   8.15558708003413 -1.96647957557726
155   8.00003544333706 -2.07921647111188
156   7.84317885980742 -2.18593753459443
157   7.68409856201525 -2.28699349730948
158   7.52214395088082 -2.38253639411406
159   7.35687107200256 -2.47264145419571
160   7.18805297789188 -2.55734034781108
161   7.01565213458204 -2.63665910797156
162   6.83976372864059 -2.71065386805574
163   6.66055236125679 -2.77943236412262
164   6.47819999357066 -2.84315764598253
165   6.29287326931225 -2.90203798075515
166   6.10470969434001 -2.95630986532169
167   5.91381761882953 -3.00622019434218
168   5.72028839487216 -3.05201036113356
169   5.52426235758406 -3.09389531085337
170   5.32603222204316 -3.13204778373382
171   5.12594782885472 -3.16662913021694
172    4.9243300969463 -3.19780805751323
173   4.72146546934794 -3.22576061460804
174   4.51760725574346 -3.25066955896354
175    4.3129773786568 -3.27272387546942
176   4.10776895897298 -3.29211803838656
177    3.9021491090068 -3.30905093509609
178   3.69626146571242 -3.32372442878907
179    3.4902283199926 -3.33634157149554
180   3.28415231905432 -3.34710452345162
181   3.07811771903088 -3.35621226503582
182   2.87219114002566 -3.36385819784673
183   2.66642177191225 -3.37022772734318
184   2.46084102559425 -3.37549590994568
185   2.25546175733842 -3.37982524144256
186   2.05027745145499 -3.38336366642409
187   1.84526211899802 -3.38624290271482
188    1.6403720056322 -3.38857719701042
189   1.43555016887559 -3.39046264666999
190   1.23073424401445 -3.39197721957084
191   1.02586636590689 -3.39318156028579
192   0.82090296161201 -3.39412057904293
193  0.615821862908786 -3.39482569196737
194  0.410625069733462  -3.3953174477573
195  0.205336933575265  -3.3956081752198
196  -1.35876130241088e-06 -3.39570424997344
197  -0.205339657197697 -3.39560762049189
198  -0.410627810944165 -3.39531634613359
199  -0.615824631130161 -3.39482405925988
200  -0.82090576307192 -3.39411843931613
201  -1.02586920293719 -3.39317894621139
202  -1.23073711498527 -3.39197417280928
203  -1.43555306888176 -3.39045921821746
204  -1.64037492786564 -3.38857344744859
205  -1.84526505652841 -3.38623890230424
206  -2.05028039904232 -3.38335949498914
207  -2.25546471296245 -3.37982098800853
208   -2.4608439915659 -3.37549167210859
209  -2.66642475559791 -3.37022361037393
210   -2.8721941542919 -3.36385431355175
211  -3.07812078250672 -3.35620873041756
212  -3.28415545625912 -3.34710145922885
213  -3.49023156132509 -3.33633910055443
214  -3.69626484725899 -3.32372267464134
215  -3.90215267210072 -3.30905002040749
216  -4.10777274942827 -3.29211808361134
217  -4.31298144557871 -3.27272499757626
218  -4.51761164981718 -3.25067187017349
219  -4.72147024042342  -3.2257642210011
220  -4.92433529074004 -3.19781305731628
221  -5.12595348241895 -3.16663561161512
222  -5.32603835800846 -3.13205582209289
223  -5.52426897567388 -3.09390496570478
224  -5.72029545162913 -3.05202167554033
225  -5.91382500168673 -3.00623319813026
226  -6.10471726178162 -2.95632456497104
227  -6.29288087238151  -2.9020543508756
228  -6.47820747479747 -2.84317562764334
229   -6.6605595454877 -2.77945187039287
230  -6.83977042512465 -2.71067479213063
231  -7.01565813950254 -2.63668133743343
232  -7.18805809768056 -2.55736377545072
233  -7.35687514120203 -2.47266599315335
234  -7.52214687964576 -2.38256197673436
235  -7.68410037111344 -2.28702007303483
236  -7.84317968467819 -2.18596507936141
237  -8.00003553521389 -2.07924499227657
238  -8.15558688956453 -1.96650903800948
239  -8.31207818442985 -1.84618090786841
240  -8.46811355792977 -1.71892978721411
241  -8.61513091809312 -1.59084207783345
242  -8.74743765030174 -1.46533208110245
243  -8.84944462579523 -1.35754358838894
244  -8.92127201423169 -1.27266171512098
245  -9.07006213978662 -1.05929863258409
246  -9.23863226389969 -0.640563855177917
247  -9.34055190819048 0.0495589021363877
248  -9.37619752175993 0.533422187530279
249  -9.34790755422918  1.05777321199181
250  -9.15667396261814  1.70747389743729
251  -8.73533895053188  2.28620802132222
252  -7.82746688171684  2.80635324641615
253  -6.77613255734062  2.90796391980977
254  -5.78176341291053  2.69978778380269
255  -4.91932038739356  2.32936133095036
256  -4.12042844622128   1.8782987879782
257  -3.34668564395128  1.41176482367893
258  -2.55924043313454 0.990188896672645
259   -1.7321074751586 0.676201954232234
260  -0.867106204590637 0.514612057225038
