// Id               X                Y
  1  -0.0703709002232254 0.0381765902573141
  2  0.870640433100577 0.0230285538905899
  3   1.80184377698411 0.0121368553806311
  4   2.71893726818475 0.162343267025989
  5   3.58605477018458 0.489291720226895
  6   4.39168937571677 0.927205528544897
  7   5.16084061727468  1.40305409875593
  8   5.92843115697279  1.86244596471007
  9   6.72980614843337  2.24984365224245
 10   7.59912160673801  2.45407062467666
 11   8.48215550976494  2.24493271302798
 12   8.79864057306945  1.85718493918178
 13   8.87142831461343  1.36384378836265
 14   8.66932316972835 0.902590548353393
 15   8.26584763887552 0.591925887259625
 16   7.74100295908198  0.45132447149287
 17   7.02738549024244 0.427465201478427
 18   7.02734731254315 0.427462805456936
 19   6.88106219780464 0.417398919177184
 20    6.6951237591581 0.400650293051268
 21   6.51452429633481 0.378756702709972
 22   6.35040353595736 0.353323397982157
 23   6.20443910515429 0.326027794150172
 24    6.0620743006013 0.295172314145111
 25   5.91913128386789  0.26018047874846
 26   5.77687685022869 0.221735981645534
 27   5.63517362514055 0.180367180671857
 28   5.49394436608318  0.13672520416822
 29    5.3531732511438 0.091557407548256
 30   5.21280565037063 0.0456390340254186
 31   5.07269859170151 -0.000283345485045919
 32   4.93262293011005 -0.0455237057240238
 33    4.7922969976619 -0.0894664711882378
 34   4.65142898808881 -0.131564546664167
 35   4.50975821324896 -0.171333353465117
 36    4.3670927803296 -0.208345797977372
 37   4.22334491037519 -0.242230725846073
 38   4.07855758173777 -0.272677690900393
 39   3.93282019943481 -0.299464493479013
 40   3.78606885979999 -0.322486381084395
 41    3.6382415846339 -0.341709712760071
 42   3.48940749815535 -0.357152760688279
 43   3.33972953350334 -0.368897467446465
 44   3.18942082269876 -0.377094295055599
 45   3.03871550053883 -0.381958777080305
 46   2.88784840876299 -0.383762800738102
 47   2.73703913387891 -0.382822726054301
 48   2.58648217567992 -0.379485914797023
 49   2.43634339981462 -0.374117264080856
 50   2.28675777796406 -0.367086745260837
 51   2.13782912529007 -0.358758544996636
 52   1.98963529965754 -0.349482456136005
 53   1.84223277650002 -0.339587370644577
 54   1.69565853097298 -0.329376524799157
 55    1.5499372513319 -0.319124829277131
 56   1.40508755631214   -0.309077584895
 57   1.26111972214121 -0.299449711763236
 58   1.11803949019264 -0.290426296204846
 59  0.975846350730092 -0.282163449321421
 60  0.834521597990833 -0.274789225548978
 61  0.694019117907897 -0.268405514221575
 62  0.554265496478856 -0.263090965244124
 63  0.415138409627575 -0.258903494773864
 64  0.276493255903475 -0.255884691709761
 65  0.138168748084914 -0.254062496547017
 66  9.30808528645737e-08 -0.253453185379821
 67  -0.138168413919402 -0.254062177083052
 68  -0.276492697270765 -0.255884048022635
 69  -0.415137606328981 -0.258902521052677
 70  -0.554264421418816 -0.263089654872833
 71  -0.694017976445831 -0.268403870342383
 72  -0.834520478557539 -0.274787251490897
 73  -0.975845270805637 -0.282161148408669
 74  -1.11803858401754 -0.290423682449835
 75  -1.26111900561724 -0.299446797946508
 76  -1.40508702736201 -0.309074388790076
 77  -1.54993701849355 -0.319121384591431
 78  -1.69565864275215 -0.329372871709475
 79  -1.84223325478114 -0.339583560189401
 80  -1.98963623608468 -0.349478559423724
 81  -2.13783059493503 -0.35875464933987
 82  -2.28675982019846 -0.367082955529134
 83  -2.43634608210826 -0.374113708467561
 84  -2.58648557698004 -0.379482744326933
 85  -2.73704331443605 -0.38282011338273
 86  -2.88785343105538 -0.383760939762859
 87  -3.03872143778979 -0.381957879511867
 88   -3.1894277404076 -0.377094585191047
 89  -3.33973748335604 -0.368899175926878
 90   -3.4894165212213 -0.357156116137355
 91  -3.63825170864259 -0.341714931764481
 92  -3.78608010042435 -0.322493656118308
 93  -3.93283258198494 -0.299473975620612
 94  -4.07857118869077 -0.272689462780004
 95  -4.22335990977904 -0.242244767456073
 96  -4.36710930786313 -0.208361979851304
 97  -4.50977630268805 -0.171351433913629
 98  -4.65144856001643 -0.131584160458331
 99  -4.79231786893804 -0.0894871109713568
100  -4.93264482561711 -0.0455447006867577
101  -5.07272113716696 -0.000303846963571667
102   -5.2128283875436 0.0456200687689873
103  -5.35319569077411 0.0915412335238372
104  -5.49396600495382 0.136713276878617
105  -5.63519392297238 0.180361109284522
106  -5.77689519626309 0.221737462812326
107  -5.91914694376057 0.260191222630131
108   -6.0620861263269 0.295193918478439
109  -6.20444294948342 0.326061044924542
110  -6.35039551629357 0.353369640318425
111  -6.51449575023471 0.378818324055861
112  -6.69507384210741 0.400730596576632
113  -6.88100600238591 0.417499505894877
114  -7.02734969183962 0.427580793846822
115  -7.02738931222465 0.427583283517044
116  -7.74000098815686 0.451457097022999
117  -8.26472012388588 0.591465710788472
118  -8.66861578010682 0.901011210068371
119  -8.87235695066077  1.36110974936162
120  -8.80244364453197  1.85437188117147
121  -8.48907696801378  2.24388700670551
122   -7.6088981833627  2.45967021906768
123  -6.73977321215065  2.26244585296285
124   -5.9392325484506   1.8799646345018
125  -5.17692007766464  1.42094878107742
126  -4.42152441228517 0.937098182382888
127  -3.63904449348894 0.480625392315207
128  -2.79923097899482 0.128153238679355
129  -1.90684667599882 -0.0466243381148139
130  -0.986075226645317 -0.0620766426014418
131  -0.0169784393988187 0.627673437700119
132  0.878337822651773 0.632346598015771
133   1.77369301682374 0.625034424184169
134   2.65722456039233  0.77592307800387
135   3.49618862699946  1.10199265952104
136   4.29194938713125  1.53954333418819
137   5.07934569334301  2.01764670719695
138   5.90000691973797  2.47906450143506
139   6.83488265163533   2.8522736374383
140   7.87479269906753  2.97083042656175
141   8.80618532597409  2.57609677983602
142   9.29094506741426  2.06730869420932
143   9.43468607940208  1.39373837416287
144   9.21263090719056 0.755555153016105
145   8.83873629147969  0.20135527222324
146   9.13366087490778 -0.392140844953119
147   9.34208498984344 -0.809603192939669
148   9.22347811666951 -1.22597062912297
149   9.04102071221723 -1.44382233408948
150   8.86742722980007 -1.59121045152203
151   8.69809761288792 -1.71408518876853
152    8.5277705417843 -1.82792303417399
153   8.35265354823511 -1.93877578491747
154   8.18044224784294  -2.0426082404007
155   8.01233132555311 -2.13903524063914
156   7.84570354834728 -2.22989188198349
157   7.67941081415768  -2.3162366597453
158   7.51261004015678 -2.39902431850436
159    7.3446370103743 -2.47903375107248
160   7.17497891049926 -2.55675996976158
161   7.00324288295963 -2.63237305567135
162   6.82912234633484 -2.70575037925881
163   6.65237222044264 -2.77656110674855
164    6.4728002287801 -2.84437081451311
165   6.29026739073126 -2.90873876787148
166   6.10468653139153 -2.96929029148226
167   5.91600958054074 -3.02575766117076
168   5.72420742837797 -3.07798950679878
169   5.52934387538406  -3.1259149526266
170   5.33175298444809 -3.16949276038249
171   5.13186764578352  -3.2087551940414
172   4.93007034248466 -3.24382473923146
173   4.72670328493875 -3.27488864209782
174   4.52208396126309  -3.3021765305093
175   4.31650792451121 -3.32594456838599
176    4.1102460931973 -3.34646416997067
177   3.90354241234732 -3.36401404599179
178   3.69661085822233 -3.37887503180341
179    3.4896316084665 -3.39132664110396
180   3.28275059144431 -3.40164409460343
181   3.07608083837204 -3.41009540890312
182   2.86970127751145 -3.41693837925016
183   2.66365787616648 -3.42241713183548
184   2.45796835275381 -3.42675855876407
185    2.2526219979387 -3.43016916528977
186   2.04758021878275 -3.43283232567271
187   1.84278487924758 -3.43490616598267
188   1.63816002450705 -3.43652252386105
189   1.43361830001122 -3.43778691220143
190   1.22907685554457 -3.43877968393317
191   1.02447004531727 -3.43955857630868
192  0.819752323767469 -3.44016240261892
193  0.614922193944289  -3.4406153716025
194   0.40999754739535 -3.44093160238837
195   0.20501127443122 -3.44111876868659
196  -1.13858326501112e-06 -3.44118061737723
197  -0.205013698888106  -3.4411182759743
198  -0.410000195377228 -3.44093061337142
199  -0.614925088622239 -3.44061388363256
200  -0.819755500337398 -3.44016041948257
201  -1.02447331457372  -3.4395561142898
202  -1.22908015337275 -3.43877677317608
203  -1.43362164142962 -3.43778359584938
204  -1.63816331736228 -3.43651885769942
205  -1.84278815617376 -3.43490221464182
206  -2.04758353619215 -3.43282816098271
207  -2.25262530851731 -3.43016486734563
208  -2.45797167195479 -3.42675421352401
209  -2.66366124758946 -3.42241283089607
210  -2.86970467790229 -3.41693422298412
211  -3.07608426118601 -3.41009150562162
212  -3.28275406468759 -3.40164055964445
213  -3.48963513295255 -3.39132359942524
214  -3.69661442441357 -3.37887261752397
215  -3.90354603037153 -3.36401239896604
216  -4.11024977378529 -3.34646343422165
217  -4.31651167198712 -3.32594488987994
218  -4.52208779214956 -3.30217805211947
219   -4.7267072340896 -3.27489149963146
220  -4.93007445957854  -3.2438290603552
221  -5.13187199651381 -3.20876109918521
222   -5.3317576463882 -3.16950036683225
223  -5.52934891198007 -3.12592438459939
224  -5.72421283478537 -3.07800091302487
225  -5.91601524355781 -3.02577122978611
226  -6.10469232748414 -2.96930621931481
227  -6.29027323749351 -2.90875722179128
228  -6.47280608286621 -2.84439189809259
229  -6.65237806052473 -2.77658483009473
230  -6.82912816142171 -2.70577663108327
231  -7.00324868891012 -2.63240157565105
232  -7.17498475740913 -2.55679034624332
233  -7.34464296625722 -2.47906545997766
234     -7.51261621293 -2.39905677206785
235  -7.67941739766433 -2.31626924980417
236  -7.84571083772705 -2.22992401050911
237  -8.01233967604351 -2.13906630861805
238  -8.18045211255838 -2.04263746295074
239  -8.35266712503503 -1.93880078212155
240  -8.52778814405118 -1.82794139946009
241  -8.69811966707639  -1.7140929023691
242  -8.86744578352727 -1.59120732649635
243  -9.04101744845392 -1.44381699024322
244  -9.22342500563039 -1.22600481046916
245  -9.34205745993145 -0.809676670176368
246  -9.13337436857732 -0.391821458929112
247  -8.83840410722793 0.201770222385686
248  -9.21295204613171 0.755825177470791
249  -9.43566679074377  1.39403957292143
250  -9.29303589846575  2.06802574409251
251  -8.80892846710223  2.57753003115405
252  -7.88016749584523  2.97817776443908
253  -6.83986008056857  2.86458643211046
254  -5.89984883919817  2.49537797020486
255  -5.07837307012903  2.03276956716097
256  -4.29569868636271  1.54462876357826
257  -3.51058608868889  1.08650459723327
258  -2.68201755017919 0.733279969275618
259  -1.80244420615072 0.556326988101459
260  -0.906163310212104 0.537402322860573
