// Id               X                Y
  1  -0.505522113831064   6.0779313569765
  2  0.547020170844773  6.06537816020111
  3   1.58632792775325  5.92951422654856
  4   2.59112244846469  5.66818520517091
  5   3.56557128914253  5.28098846335382
  6    4.4934619404112  4.74337624712791
  7   5.37229920845786  4.14895932332205
  8   6.27194986837152  3.59539822850765
  9   7.17765344440313  3.07718420149919
 10   7.97457389407513  2.53061196839124
 11   8.57471533210496  1.79235456320195
 12   8.67714770440512  1.27231910906626
 13    8.5288837859272 0.762473730784467
 14   8.12149067611417 0.420599299534633
 15   7.59608005351624 0.388082662704446
 16   7.14430542787566  0.64624776413194
 17   6.68280078548184  1.67963322490708
 18   6.56957321067631  1.91610072607381
 19   6.48566949003334  2.08139497590224
 20   6.41644839357869  2.21059306494279
 21     6.355934896184  2.31822843453131
 22   6.30012326791028  2.41338606491553
 23   6.24601610659253  2.50202692472363
 24   6.19154079295862  2.58804689567537
 25   6.13514997303802  2.67384469504359
 26   6.07582297353729  2.76095185577496
 27   6.01272306495297  2.85022601224893
 28   5.94531408228912  2.94217719502034
 29   5.87315130494156  3.03698395577829
 30   5.79592336482971  3.13463623553665
 31   5.71342358657121  3.23499642340877
 32   5.62548070548259   3.3377987149199
 33   5.53201155664504  3.44273164772333
 34   5.43295525357575  3.54941211024675
 35    5.3283025155458  3.65743371927137
 36   5.21806877622161   3.7663612342455
 37   5.10229899164103  3.87575021781183
 38   4.98105940494385   3.9851516403311
 39   4.85443593516408  4.09412058167012
 40   4.72253121350388  4.20222153041704
 41   4.58546294725539  4.30903332085437
 42   4.44336257684608  4.41415288783686
 43   4.29637435427176  4.51719825662103
 44   4.14465464123116  4.61781080403985
 45   3.98837131762353  4.71565691337607
 46   3.82770318869335   4.8104291096369
 47   3.66283930366325  4.90184674896587
 48   3.49397812433141  4.98965631828169
 49   3.32132650967343  5.07363138469192
 50   3.14509850994696  5.15357222141662
 51    2.9655139885606  5.22930512860979
 52   2.78279711041045  5.30068146434197
 53   2.59717475021308  5.36757640255571
 54   2.40887488304586  5.42988743997176
 55    2.2181250219601  5.48753268123595
 56   2.02515076483839   5.5404489395476
 57   1.83017450567902  5.58858969727727
 58   1.63341435543912   5.6319229766938
 59   1.43508330568966  5.67042917430347
 60   1.23538865573314  5.70409891326721
 61   1.03453171140978  5.73293096701584
 62  0.832707752241313  5.75693030385103
 63  0.630106253280519  5.77610629743717
 64  0.426911339305154  5.79047114212738
 65  0.223302441914998  5.80003850546756
 66  0.0194551246450911    5.804822443359
 67  -0.184457962698267  5.80483659651595
 68  -0.388266041775124  5.80009368021453
 69  -0.591799118068168  5.79060527298851
 70  -0.794886890534709  5.77638190390705
 71  -0.997357700355534  5.75743343233597
 72  -1.19903755876877  5.73376970858076
 73  -1.39974929125678  5.70540149847607
 74  -1.59931183172012  5.67234164978863
 75  -1.79753969569345   5.6346064732499
 76  -1.99424265609078  5.59221730620196
 77   -2.1892256383792  5.54520222236935
 78  -2.38228884446913  5.49359784737313
 79   -2.5732281060325   5.4374512365606
 80  -2.76183545856279  5.37682176985539
 81  -2.94789991754074  5.31178301796984
 82   -3.1312084279918  5.24242453575681
 83  -3.31154694913698  5.16885354189686
 84  -3.48870162758033  5.09119644951579
 85  -3.66246000660013  5.00960021942218
 86  -3.83261221685696  4.92423351579312
 87   -3.9989520965512  4.83528765223059
 88   -4.1612781980858  4.74297732261306
 89  -4.31939465474019  4.64754111411651
 90  -4.47311190540313  4.54924179693054
 91   -4.6222473079474   4.4483663742418
 92  -4.76662571132359  4.34522585520499
 93  -4.90608009967006  4.24015468061296
 94  -5.04045246794833  4.13350969011749
 95  -5.16959511835984  4.02566845408631
 96  -5.29337262847696  3.91702677175569
 97   -5.4116646341959  3.80799493046954
 98  -5.52436994653857  3.69899266951003
 99  -5.63141134528471  3.59044147932518
100  -5.73274355003696  3.48275598674425
101  -5.82835878349371  3.37632809441206
102  -5.91830301870616    3.271514728982
103  -6.00267756582565  3.16860454974228
104  -6.08167206382638   3.0678000928804
105  -6.15556175074964  2.96915392860753
106  -6.22475804182048  2.87252199181026
107  -6.28983113970753  2.77745500430792
108  -6.35156800087189  2.68305489337689
109  -6.41106448357925  2.58775791891987
110  -6.46982942524531  2.48898419810358
111  -6.52993531878497  2.38262714757213
112  -6.59419250318972  2.26233490864178
113  -6.66629771322905   2.1184561397321
114  -6.75160128280838  1.93537643138799
115  -6.86393436279103  1.67403777970192
116  -7.25704726104275 0.665131241272076
117  -7.67389586857147 0.349364220432626
118  -8.19616040303338 0.295595551082975
119  -8.65656115953279 0.555895247151301
120  -8.89074352744357  1.02795006384461
121  -8.86806888662762  1.55294539375178
122  -8.34691875870867  2.34065875598146
123  -7.59353672432407  2.90721670971073
124  -6.77285963917818  3.38496815738549
125  -5.96109758763804  3.87124581904265
126  -5.17653278279755  4.40087114566136
127  -4.39039016396175  4.93901947981519
128  -3.51566389048301  5.38998238690102
129  -2.56003459274032  5.73716098149227
130  -1.53631427023423  5.94006973266252
131  -0.224504493596516  6.59672184522173
132  0.877747081239154   6.5621233446653
133   1.96597422245623  6.38661228333842
134    3.0230678080448  6.07592994318685
135   4.03358240334102  5.63907379965176
136   4.97876690287407   5.0796754686978
137   5.88980923480067  4.46976820069774
138   6.81538180320327  3.88043721377828
139    7.7518340293587  3.29872606284583
140   8.58848137469565  2.56990282397877
141   9.08608652444386  1.57166699357188
142   9.04706704457294 0.863600751167642
143   8.69427108165045 0.251380892194554
144     8.097064421478 -0.11655692241825
145   7.42074888666882 -0.273811751530377
146   6.93201271671159 -0.777541298648732
147   6.79294564927896 -0.853717312665378
148   6.60897492597542 -0.873501167180701
149   6.42382519003476 -0.875118494655878
150    6.2396097073839 -0.860138900320454
151   6.05772262313065 -0.828949602893776
152   5.87950342671142 -0.78249572000475
153   5.70607326558193 -0.722223592562342
154   5.53822458102379 -0.649814347004162
155    5.3764099782551 -0.566996472221364
156   5.22078637497759 -0.475438492483301
157   5.07127110469114 -0.376695600553628
158   4.92759141579197 -0.272189505279322
159   4.78932903905261 -0.163203136500282
160   4.65596202872524 -0.050882434306806
161   4.52690153935469 0.0637571180134737
162   4.40152259668101 0.179820779263978
163   4.27918946230333 0.296523062418452
164    4.1592758344971 0.413175777433646
165   4.04118076291335 0.529176280674329
166   3.92434056039495 0.643996551020925
167     3.808237333618 0.757173374979837
168   3.69240454886744 0.868299839804103
169   3.57643011662199 0.977018162339275
170   3.45995740674654  1.08301379449332
171   3.34268458615728  1.18601066801286
172   3.22436263168491  1.28576740068925
173   3.10479233943924   1.3820742683974
174   2.98382061885774  1.47475075089791
175   2.86133632612497  1.56364347719997
176   2.73726585644412  1.64862442298063
177   2.61156867808007  1.72958924300959
178   2.48423295423204  1.80645565189242
179    2.3552713632438  1.87916179415489
180   2.22471719510971  1.94766456835793
181   2.09262077405029  2.01193788908767
182   1.95904623390856  2.07197088545389
183   1.82406865541775  2.12776604563966
184   1.68777156160827  2.17933732469253
185   1.55024475896473  2.22670823774049
186   1.41158250644049  2.26990996367932
187   1.27188199112644  2.30897948553184
188   1.13124208744752  2.34395779345293
189  0.989762375640818  2.37488817501506
190  0.847542394600964  2.40181461519984
191  0.704681103791652  2.42478032567901
192  0.561276528769651  2.44382641973556
193  0.417425564953167  2.45899074578997
194  0.273223914599543  2.47030688917562
195  0.128766132521934   2.4778033487297
196  -0.015854243178697  2.48150289205561
197  -0.160544498236543  2.48142209103429
198  -0.305212509197933   2.4775710373158
199  -0.449766491447201  2.46995323606198
200  -0.59411474880741  2.45856567504951
201  -0.738165444750665   2.4433990652723
202  -0.881826414952644  2.42443824829684
203  -1.02500504080468  2.40166276473065
204  -1.16760820352424  2.37504757720348
205  -1.30954233864679  2.34456394021913
206  -1.45071361091694   2.3101804081519
207  -1.59102822993236  2.27186397162769
208  -1.73039292738309   2.2295813116893
209  -1.86871561747495  2.18330016067209
210  -2.00590626327698  2.13299075879762
211  -2.14187797344859  2.07862739630134
212  -2.27654835620354   2.0201900325703
213  -2.40984116044558  1.95766598633938
214  -2.54168823752441  1.89105169445636
215  -2.67203186041338  1.82035454098305
216  -2.80082743923641  1.74559476331086
217  -2.92804667136135  1.66680744741076
218  -3.05368115856374  1.58404463028354
219  -3.17774651043415  1.49737753431868
220  -3.30028692944481  1.40689896612159
221  -3.42138023633898  1.31272592233816
222  -3.54114324303995  1.21500245833279
223  -3.65973731391453  1.11390289356119
224  -3.77737387694434  1.00963545090923
225  -3.89431955854826 0.902446455594902
226  -4.01090052609695  0.79262524957797
227  -4.12750553807261 0.680510004063266
228  -4.24458713174619 0.566494626358551
229  -4.36266032496174 0.451036948204938
230  -4.48229818312549 0.334668335852792
231  -4.60412358151241 0.218004777459443
232  -4.72879652855897 0.101759351431563
233   -4.8569963771021 -0.0132441930418418
234  -4.98939838032678 -0.126057314949151
235  -5.12664389431044 -0.235592876246159
236  -5.26930378396799 -0.340613130013776
237  -5.41783438888578 -0.439721793687505
238  -5.57252587590506 -0.531364377827912
239  -5.73344369508965 -0.61384460749431
240  -5.90036697453467 -0.685372246982761
241  -6.07273663465025 -0.744170773559666
242  -6.24964606473948 -0.788685277596628
243  -6.42993112563853 -0.817883346128446
244  -6.61232649333156 -0.831278847012808
245  -6.79477550921098 -0.826672903683558
246  -6.93812988612564 -0.759970854214509
247  -7.46589867894734 -0.302109147084138
248  -8.15519019610591 -0.239301094682432
249  -8.79472921505043 0.0413606108746687
250  -9.22289702930685 0.599997754778394
251  -9.34129139966615  1.29797497915355
252   -8.9600360006762   2.3449534504241
253  -8.16875351370956  3.12396574790087
254  -7.26058473823253  3.75199357643597
255  -6.33028848568714  4.34189307624766
256  -5.41006498836379  4.94771827783946
257  -4.47018571275482  5.52548153780406
258  -3.46708090190435  5.98646273165863
259  -2.41169261536116  6.31223423810086
260  -1.32185256131791  6.49147971462538
