// Id               X                Y
  1  -0.0715313218655298  2.40438394065211
  2  0.986526417249847  2.39993481408445
  3   2.03984907646379  2.39221478635107
  4    3.0848844907665  2.34886633251995
  5   4.13094316178374  2.21698887938553
  6   5.08760997857434  2.03131418242313
  7    6.0602402553718  1.86212865553131
  8   7.03817767350432  1.70010358995219
  9   7.96966280713549  1.45901053109455
 10   8.79721468916133 0.983598403734912
 11   9.26897338719256 0.0482594898558691
 12   9.07645118002645 -0.47620362467827
 13   8.63818476406988 -0.784356201130807
 14   8.10674492705356 -0.80094367060177
 15   7.63889065870531 -0.561846553725885
 16   7.20956606029402 -0.00467893595838312
 17   6.72934967483819 0.775448274513915
 18   6.66228596356651 0.843270841988265
 19   6.59822079891138 0.903114691351977
 20    6.5332736034059 0.959614522332403
 21    6.4622464040492  1.01721899922584
 22   6.38335888505645  1.07683962201412
 23   6.29615649432429  1.13811603032086
 24   6.20073357178949  1.20037761192781
 25   6.09746639627996  1.26286663671768
 26    5.9869197471211  1.32485134374177
 27    5.8697667592198  1.38567845489115
 28   5.74671882992052  1.44479973152601
 29   5.61847342832781  1.50178163064472
 30   5.48568037030688  1.55629779473299
 31   5.34892669605655  1.60811542064872
 32   5.20873369212846  1.65707863112127
 33   5.06556113591128  1.70309326293508
 34   4.91981453804147  1.74611404664085
 35   4.77185301226799  1.78613458129778
 36   4.62199651648473  1.82317969560022
 37   4.47053198574639  1.85729969237038
 38   4.31771826645255  1.88856595998269
 39   4.16378994843312  1.91706753327632
 40   4.00896026014836  1.94290828593059
 41   3.85342320588363  1.96620452857664
 42   3.69735511286361  1.98708286006533
 43   3.54091573643854  2.00567817542735
 44    3.3842490496006  2.02213177535035
 45    3.2274838217676  2.03658955151197
 46   3.07073407188072  2.04920024227055
 47   2.91409946261899  2.06011376601357
 48   2.75766568599469  2.06947964648163
 49   2.60150487584154  2.07744554694879
 50   2.44567606986521  2.08415592939672
 51   2.29022573311661  2.08975085178685
 52   2.13518834605351  2.09436491210029
 53   1.98058705376728  2.09812634273942
 54   1.82643436836808  2.10115625377666
 55   1.67273291374888  2.10356801885242
 56   1.51947620072204  2.10546679357111
 57   1.36664942054068  2.10694915319018
 58   1.21423024576642   2.1081028342982
 59   1.06218962903065  2.10900656400247
 60  0.910492592196242  2.10972995980438
 61  0.759099000545609   2.1103334837092
 62  0.607964318731803  2.11086843505996
 63  0.457040347212012  2.11137696797101
 64  0.306275939657376  2.11189212094783
 65  0.155617703351736  2.11243784821754
 66  0.00501068583104548   2.1130290443822
 67  -0.145600948034082  2.11367155619068
 68  -0.296273243647735  2.11436217746537
 69  -0.447061783748529  2.11508862549593
 70  -0.59802100958642  2.11582949950897
 71  -0.749203531077548   2.1165542241304
 72  -0.900659421285222  2.11722298306486
 73  -1.05243549136309  2.11778665050458
 74  -1.20457454319307  2.11818673001836
 75   -1.3571145983579  2.11835531280971
 76  -1.51008810379549  2.11821506920151
 77  -1.66352111645802  2.11767928890944
 78  -1.81743247148124   2.1166519869876
 79  -1.97183294065518  2.11502809313082
 80  -2.12672439022635  2.11269374214716
 81  -2.28209894904578  2.10952668272351
 82  -2.43793819954583  2.10539681997029
 83  -2.59421240467046  2.10016690457023
 84  -2.75087978335307  2.09369337767182
 85  -2.90788584507912  2.08582737607159
 86  -3.06516279015363  2.07641589697461
 87  -3.22262897624064  2.06530311612585
 88  -3.38018844336127  2.05233184796185
 89  -3.53773047874423  2.03734513241254
 90  -3.69512918973186  2.02018793102719
 91  -3.85224303744092  2.00070891630103
 92  -4.00891426616554  1.97876234369571
 93  -4.16496814365748  1.95421000733016
 94  -4.32021190543883  1.92692329939702
 95  -4.47443327226388  1.89678542218395
 96  -4.62739838426814  1.86369384287118
 97  -4.77884897019376  1.82756313839797
 98  -4.92849855093777  1.78832845422366
 99  -5.07602747701837  1.74594989894771
100  -5.22107664857163  1.70041831271675
101   -5.3632399216634  1.65176296166189
102  -5.50205556688383  1.60006176780928
103  -5.63699786597358  1.54545456586247
104  -5.76747116417147  1.48815936834045
105  -5.89281044484243  1.42849045196476
106  -6.01229425032748  1.36687504951059
107  -6.12517622979154  1.30386295364389
108  -6.23073880047076  1.24012146787543
109  -6.32836619835984  1.17640861838879
110  -6.41762995435968  1.11351804957266
111  -6.49839778435983  1.05217515453493
112  -6.57107659856702 0.992772914384989
113  -6.63745080068384 0.934462370460939
114  -6.70270883736548 0.872708713824281
115  -6.77074413956058 0.802822444366145
116  -7.24211799748365 0.0168683269273789
117  -7.66231994910094 -0.54741588029063
118   -8.1249899006763 -0.797135231125355
119   -8.6569372069238 -0.795292298051092
120  -9.10464635806193 -0.501122963490784
121  -9.31396745275703 0.0164879971036167
122  -8.87115871360389 0.963542748918771
123  -8.05550443648277  1.45531303854163
124  -7.13225505150772  1.70784993268934
125  -6.17997088268934  1.87377799404295
126  -5.23353488481615  2.04171870901301
127  -4.29289533644892  2.22567705260963
128   -3.2568337810448  2.36334678965091
129  -2.20873421808817  2.40126676260138
130  -1.14121999250932  2.38726056529298
131  -0.043201421666164   2.9921219766135
132   1.04088606882058  2.98533405414164
133   2.12467607347608  2.97374501874393
134   3.20676877591907  2.92269070163559
135    4.2800239033447  2.78576068711254
136   5.34189836654984  2.57563921080996
137   6.40462618903593  2.36663548788415
138   7.46771304541553  2.13874731793165
139   8.49810348644794  1.76961493894098
140    9.3717955979245  1.10281608298163
141   9.68887008274305 0.0544609702404735
142   9.57865099505151 -0.639404994091759
143   9.06198662955453  -1.1181616775386
144    8.3783400101212  -1.3013494023553
145   7.67320987805694 -1.28797610572004
146   7.44415141304559 -1.97929603908646
147   7.35950446404925 -2.11366495938934
148   7.18807413047629 -2.10507415018105
149   7.01856511763368  -2.0786492979521
150   6.85177006500433 -2.04010429940478
151   6.68847460966429 -1.99270408146923
152   6.52879109013962 -1.93886971736629
153   6.37248694612384 -1.88051862967466
154   6.21913957753336   -1.819312501384
155   6.06822650494195 -1.75670689784133
156   5.91919997659554 -1.69393938020756
157   5.77154578414997 -1.63201703836043
158   5.62482053345488  -1.5717212646966
159   5.47866710937882 -1.51362972511511
160   5.33281350135979 -1.45814861943354
161   5.18706211192843 -1.40554750492026
162   5.04127557254382 -1.35599115379327
163   4.89536282510801   -1.309565792246
164   4.74926719085356 -1.26629926696094
165   4.60295685529031  -1.2261758819833
166   4.45641757148018 -1.18914706208666
167   4.30964717536564 -1.15513897327354
168    4.1626515017641   -1.124058028519
169   4.01544135888068 -1.09579497293657
170   3.86803030053178 -1.07022803846296
171   3.72043300499213 -1.04722549995069
172   3.57266412192898  -1.0266478491574
173    3.4247374858268 -1.00834972187075
174   3.27666561920076 -0.992181657641707
175   3.12845946531226 -0.977991734331764
176   2.98012830095164 -0.965627095719649
177   2.83167978731496 -0.954935375994985
178     2.683120122579 -0.945766017335879
179   2.53445426443767 -0.937971473864713
180   2.38568619515853 -0.931408295521754
181   2.23681920590497 -0.925938087566317
182   2.08785618120697 -0.921428344570875
183   1.93879986849161 -0.917753161216569
184   1.78965312139602 -0.91479382544103
185   1.64041910906273 -0.912439302222412
186   1.49110148666955 -0.910586618346423
187   1.34170452501608 -0.909141159848879
188   1.19223319906075 -0.908016894489457
189   1.04269323689439 -0.907136531677767
190   0.89309113179417 -0.906431631852042
191  0.743434120787118 -0.905842676520594
192  0.593730133636978 -0.905319109127013
193  0.443987716421607 -0.904819355686127
194  0.294215933959046 -0.904310832833785
195   0.14442425532691 -0.903769949593552
196  -0.00537757334801965 -0.903182107822117
197  -0.155179664735364 -0.902541704970444
198  -0.304972130754542 -0.901852141493539
199  -0.454745223640498 -0.901125833952452
200  -0.604489473611608 -0.900384233565269
201  -0.754195819065989 -0.899657848664258
202  -0.903855725126221 -0.898986268189526
203   -1.0534612862194 -0.89841818198551
204  -1.20300530824481 -0.898011392263714
205  -1.35248136578166 -0.897832809163703
206  -1.50188382977123 -0.897958421911214
207  -1.65120786123057 -0.898473235683229
208  -1.80044936688699 -0.899471163013472
209  -1.94960491324118 -0.901054857499184
210  -2.09867159655207 -0.903335476813577
211  -2.24764686766494 -0.906432361715315
212  -2.39652831254108 -0.910472618007905
213  -2.54531339183218 -0.915590589354714
214  -2.69399914588438 -0.921927210577745
215  -2.84258187512034 -0.929629233568142
216  -2.99105680975381 -0.938848321115171
217  -3.13941778712707 -0.949740007573781
218  -3.28765695950071 -0.962462528909447
219  -3.43576455977244 -0.977175527630938
220  -3.58372875735795 -0.994038639534657
221  -3.73153564151307 -1.01320996782034
222  -3.87916937518981 -1.03484444440478
223  -4.02661256999881 -1.05909206607147
224  -4.17384694347823 -1.08609597166323
225  -4.32085433587541 -1.11599029203876
226   -4.4676181881682 -1.14889765166945
227  -4.61412562016962 -1.18492612225303
228  -4.76037030191479 -1.22416531507937
229   -4.9063563867617 -1.26668113952077
230  -5.05210386895035 -1.31250854289715
231  -5.19765582405426 -1.36164129097859
232  -5.34308803335212 -1.41401759944093
233  -5.48852135837025 -1.46950032034268
234  -5.63413669444456 -1.52785068923672
235   -5.7801910916507 -1.58869573013455
236  -5.92703150537116 -1.65149161105483
237  -6.07510000721855 -1.71548833254823
238  -6.22492256825071 -1.77970380525047
239  -6.37707490308409 -1.84291504351476
240  -6.53212442429466 -1.90366741246052
241  -6.69055398342973 -1.96028434667088
242  -6.85266886872411 -2.01081656180203
243  -7.01844000280728 -2.05279315647183
244  -7.18717186856842  -2.0828623601613
245  -7.35821817954381 -2.09517005189326
246  -7.44415826764955 -1.96180852314983
247  -7.68331043883435 -1.27410375373121
248  -8.38758680407644 -1.30460716111244
249  -9.07519016329825  -1.1378316219816
250  -9.60446373918376 -0.673151118074095
251  -9.73404420767275 0.0172496804475054
252  -9.44712632971859   1.0741299608708
253  -8.58739274814984  1.75907232094363
254   -7.5625110994975   2.1454099217883
255  -6.50205711585449  2.39173319934643
256  -5.43701027969384  2.60189981634147
257  -4.37151416809636  2.80853325143422
258  -3.29630966588733  2.94806974942342
259  -2.21279827761483  2.98785511812541
260  -1.12890475468179   2.9774020871605
