// Id               X                Y
  1  -0.0676784253317787  0.81669128024593
  2  0.899442347180319 0.811456505575255
  3   1.85957995099627   0.8871179922015
  4   2.80547579496883    1.021857798037
  5   3.73761122468973  1.18909454611468
  6   4.66065284266265  1.35882911709132
  7   5.58168342347207  1.47373716911488
  8   6.49773844423879   1.4524546222271
  9   7.36470794293629  1.19734904367329
 10   8.06437122314621 0.644088883139672
 11   8.44745540127172 -0.165153168698454
 12   8.44870051749969 -0.663264900083421
 13   8.26966660130354 -1.15015823422519
 14   7.87711383795069  -1.5347751403052
 15   7.35887439248497 -1.65316474062598
 16   6.87790448816104 -1.47018633619385
 17   6.01722929774615 0.304105140915286
 18   5.91758502240366 0.330665078335599
 19   5.82863742576934 0.347960385713295
 20   5.74277993692002 0.359962200107296
 21   5.65724785399773 0.368238403796771
 22   5.56823442673378 0.373851718014273
 23   5.47357598993573 0.377416072415272
 24   5.37303869393721 0.379454517936304
 25    5.2674740156121 0.380546817864167
 26   5.15797080869619 0.381269041799825
 27   5.04545365810286 0.382095307013567
 28   4.93061585599145 0.383352502866638
 29   4.81396365253004 0.385225479817203
 30   4.69586484234854 0.387785825196827
 31   4.57658244885535 0.391025387785481
 32   4.45629873197066 0.394885840253433
 33   4.33513432141637  0.39928154013679
 34     4.213164188819 0.404115762984265
 35   4.09043091387544 0.409291426902523
 36   3.96695549484359 0.414717618730898
 37   3.84274596170623 0.420313088025031
 38     3.717804029782 0.426007645778378
 39   3.59212999870743 0.431742186175741
 40   3.46572609665552 0.437467867140304
 41   3.33859849500908 0.443144839621787
 42   3.21075825197096 0.448740800863863
 43   3.08222146091656 0.454229557327543
 44   2.95300886897725 0.459589713596017
 45   2.82314519531494 0.464803550666187
 46    2.6926583270166 0.469856117791253
 47   2.56157851548371 0.474734534383365
 48   2.42993764692223  0.47942748064933
 49   2.29776862207602  0.48392484587538
 50   2.16510485386134 0.488217499825962
 51   2.03197987570196 0.492297153798076
 52   1.89842704564424 0.496156281839718
 53    1.7644793291011 0.499788078101999
 54   1.63016914407953 0.503186432177523
 55   1.49552825531112 0.506345909837372
 56   1.36058770672287 0.509261731372691
 57   1.22537778450873 0.511929743570983
 58   1.08992800537553 0.514346384185265
 59   0.95426712624293 0.516508639672251
 60  0.818423172805198 0.518413998131661
 61  0.682423485007053 0.520060399942793
 62  0.546294777763812 0.521446188732283
 63  0.410063215282246 0.522570065163438
 64   0.27375449721201 0.523431045728854
 65  0.137393954657545  0.52402842833949
 66  0.00100665386451855  0.52436176609139
 67  -0.135382494795993  0.52443085018742
 68  -0.271748625063165 0.524235702607713
 69  -0.408066802834702 0.523776578756972
 70  -0.544311916623315 0.523053979958957
 71  -0.680458572946546 0.522068675304557
 72  -0.816480999036967 0.520821731978418
 73  -0.952352955066941 0.519314552785936
 74   -1.0880476578579 0.517548919186476
 75  -1.22353771782535 0.515527037737346
 76  -1.35879509075233 0.513251587517921
 77  -1.49379104596137 0.510725765914468
 78  -1.62849615266422  0.50795333021483
 79  -1.76288028682587 0.504938632929929
 80  -1.89691266190416 0.501686649790745
 81  -2.03056188842642 0.498203001140073
 82  -2.16379606959069 0.494493970106488
 83   -2.2965829428725 0.490566524621517
 84  -2.42889008071999 0.486428355024059
 85  -2.56068516626351 0.482087944531164
 86  -2.69193636154029 0.477554695849984
 87  -2.82261278447016 0.472839142979131
 88   -2.9526851045352 0.467953281776998
 89  -3.08212625316316 0.462911054805259
 90  -3.21091222053466 0.457729023651639
 91  -3.33902287417981 0.452427253593433
 92  -3.46644268681751 0.447030419240549
 93  -3.59316120565593 0.441569113882724
 94  -3.71917304152437 0.436081307833176
 95  -3.84447711581539 0.430613849984525
 96  -3.96907488776886 0.425223839312606
 97  -4.09296729858975 0.419979605299746
 98  -4.21615020358373 0.414960923067826
 99  -4.33860809689376 0.410257943814344
100  -4.46030594176455 0.405968137015867
101  -4.58117890086431 0.402190314682666
102  -4.70111975404245 0.399014556542948
103  -4.81996382501903   0.3965066549136
104  -4.93747110946491 0.394685765540173
105  -5.05330414468612 0.393494757559341
106  -5.16699673349458  0.39276517026325
107    -5.277905732416 0.392184144393684
108  -5.38515584098634 0.391280836598557
109  -5.48767001544492 0.389460871852058
110  -5.58451812507055 0.386101385439573
111  -5.67576484461016 0.380627824010876
112  -5.76342482051041 0.372387580894787
113  -5.85131693229019 0.360277976739635
114  -5.94235576906839 0.342645678576895
115  -6.04399233879185 0.315444918382298
116  -6.89078900986554 -1.46553582663734
117   -7.3692580662387 -1.65414292603598
118  -7.88890417881326 -1.54372606843631
119  -8.28850631351755 -1.16788878650697
120  -8.47952980055418 -0.686363151944876
121  -8.49226196567003 -0.188940032847928
122  -8.13261242713433 0.630309664449045
123  -7.44664661409877  1.19934756719815
124  -6.58543051374273  1.46848899263106
125  -5.67164714421267  1.49838422231792
126  -4.75296020860363  1.38676703133559
127  -3.83370303876466  1.21623640797254
128  -2.90695598590313  1.04513219439078
129  -1.96839523458892 0.904009096590018
130  -1.01865547453432  0.82015615141731
131  -0.0507457413184992  1.40311120645288
132  0.887016138690426  1.42656812452668
133   1.82143226014466  1.50707455241568
134   2.75622639603597  1.64090152889067
135   3.70153308027869  1.80749887622909
136   4.72552350826173  1.97472254935271
137   5.78871708419459   2.0574840832238
138   6.86833796308903  1.94909657061746
139   7.88584146078582  1.53310340747637
140   8.66334362685486 0.741036565653886
141   8.94982109205639 -0.331559219861012
142   8.80657725558771 -1.03457226448588
143   8.42994570741555 -1.64292415446117
144   7.88694724796113 -2.10195989044859
145   7.24682487362418 -2.40850696115061
146   6.52295415904705 -2.59355610644489
147   6.47182068315804 -2.60125695785549
148   6.34066291968293 -2.61794540440974
149   6.20680273577614 -2.63094348417407
150   6.07191777780467 -2.64045811540696
151     5.936633732157 -2.64692243327623
152   5.80194140338837 -2.65081300504123
153   5.66851767862243 -2.65263508925933
154   5.53656665912631 -2.65285186518028
155    5.4059369295586 -2.65183982583625
156   5.27630829916386 -2.64988215288123
157   5.14733308458743 -2.64718384094125
158   5.01870732309535 -2.64389226208753
159   4.89019454118492 -2.64011523737825
160   4.76162576917922 -2.63593446517345
161   4.63288936025106 -2.63141477746207
162   4.50391776246333 -2.62661015544006
163   4.37467499026826 -2.62156758369371
164   4.24514637722683 -2.61632941419106
165   4.11533086410806 -2.61093482315362
166   3.98523547747248 -2.60542063552463
167   3.85487150450938 -2.59982177339233
168   3.72425193028433 -2.59417144177401
169   3.59338980603318 -2.58850116792978
170   3.46229730486871 -2.58284075624684
171   3.33098527787365  -2.5772182088279
172    3.1994631593582 -2.57165964878843
173   3.06773909693502 -2.56618925934684
174   2.93582020558209 -2.56082925769444
175   2.80371286995014 -2.55559989774202
176   2.67142304202429 -2.55051950914068
177   2.53895650288323 -2.54560456029534
178   2.40631907339532 -2.54086974693795
179   2.27351677107917 -2.53632809452758
180   2.14055591729536 -2.53199107386423
181   2.00744320295388 -2.52786872128161
182   1.87418572178076 -2.52396976240005
183   1.74079097986297 -2.52030173405687
184   1.60726688874219 -2.51687110363501
185   1.47362174781811 -2.51368338287775
186   1.33986422022321 -2.51074323574651
187   1.20600330505417 -2.50805457895067
188   1.07204830779317   -2.505620674939
189  0.938008810017335 -2.50344421678041
190  0.803894638977663 -2.50152740483346
191  0.669715837312753 -2.49987201495924
192   0.53548263297647 -2.49847945821433
193   0.40120540936959 -2.49735083186804
194  0.266894675631189 -2.49648696169922
195  0.132561037045985 -2.49588843542641
196  -0.00178483446311793 -2.49555562725634
197  -0.136132229769257 -2.49548871341656
198  -0.270470431900444 -2.49568767869998
199  -0.404788745311879 -2.49615231392926
200  -0.539076525060481 -2.49688220440784
201  -0.673323205878266 -2.49787670933398
202  -0.807518331156286 -2.49913493225568
203  -0.941651581870274 -2.50065568262573
204  -1.07571280549769 -2.50243742849829
205  -1.20969204498142 -2.50447824052392
206  -1.34357956777741 -2.50677572720024
207  -1.47736589494725 -2.50932696168036
208  -1.61104183010771 -2.51212839999951
209  -1.74459848775389 -2.51517579129656
210  -1.87802732002538  -2.5184640798681
211   -2.0113201402656 -2.52198730016726
212  -2.14446914077868  -2.5257384647808
213  -2.27746690087559 -2.52970944743708
214  -2.41030637982112 -2.53389086168481
215  -2.54298088758724 -2.53827193868587
216  -2.67548402491815 -2.54284040598157
217   -2.8078095833533 -2.54758237223015
218  -2.93995139655222 -2.55248222176343
219  -3.07190313726339 -2.55752252463226
220  -3.20365806077103 -2.56268396878573
221  -3.33520870675632 -2.56794531733474
222  -3.46654658707315 -2.57328340103089
223  -3.59766190797309 -2.57867313793409
224  -3.72854339776745 -2.58408759455254
225    -3.859178337281 -2.58949805358937
226  -3.98955291226937  -2.5948741086426
227  -4.11965303676936 -2.60018369934439
228  -4.24946582465264 -2.60539311879078
229  -4.37898194739013 -2.61046682115387
230  -4.50819918921337 -2.61536707597997
231  -4.63712763065452 -2.62005315740651
232  -4.76579695367929 -2.62448008942505
233  -4.89426628801463 -2.62859637568037
234  -5.02263649245947 -2.63234053653062
235  -5.15106360748331 -2.63563540276296
236  -5.27977022213654 -2.63837955056818
237  -5.40904847640225 -2.64043445745405
238  -5.53924236256904 -2.64160711769721
239   -5.6706854727172 -2.64162928930639
240  -5.80356497817065 -2.64014069217731
241  -5.93772386301199  -2.6366919331893
242  -6.07251566085388 -2.63078590903415
243  -6.20693872290229 -2.62194929890544
244  -6.34033190182163 -2.60975524124244
245  -6.47104049371892 -2.59398707104747
246  -6.52223511869266  -2.5866514360638
247   -7.2478787409206 -2.40843846188806
248  -7.89188933488155 -2.11091671767652
249  -8.44276662345166 -1.66184331094957
250  -8.83211705668579 -1.06181478674193
251  -8.99188541368842 -0.362633950121351
252  -8.73243124727722 0.716405483431443
253  -7.97347921772347  1.52565499941795
254  -6.96347620376285  1.95937153563406
255  -5.88500106530512  2.07979876831693
256  -4.82121863649021  2.00226075103667
257  -3.79730092449802  1.83458808212989
258  -2.85323666725827  1.66382535905061
259  -1.91973342484652  1.52329085534473
260  -0.985684540328721  1.43469520190388
