// Id               X                Y
  1  -0.0712631545836764   3.0160032778113
  2  0.893031072461903  3.00753169396779
  3   1.86658268346704  2.94684509077951
  4   2.84139874073637  2.78499330894579
  5   3.80965741466056  2.48354979955537
  6    4.7330096922455  1.99788783818653
  7   5.49231488854715  1.39734686908978
  8   6.16974209941403 0.699528908599953
  9   6.72110490087772 -0.101966943671961
 10   7.02719163012783  -1.0621221663322
 11   6.76265710267416 -2.10849234968236
 12   6.16610161010493 -2.40947461825382
 13   5.62408644289523 -2.28863826220949
 14   5.27472324593285 -1.88960595732474
 15   5.19666707730496 -1.38333301086843
 16   5.49351842759032 -0.674286416866731
 17   5.73308836664505 -0.00255226616000976
 18   5.73309419031193 0.0899115175147341
 19   5.72691545057156 0.175047065094271
 20   5.71482208844429  0.26143062165375
 21   5.69543866259656 0.354301581484339
 22   5.66752935813899 0.453792897942513
 23   5.63026387015078 0.558453292548009
 24   5.58319512666569 0.666663853203931
 25   5.52602898455046 0.777173680105139
 26   5.45286053795157 0.897776940167783
 27   5.36493117065817  1.02265962097884
 28   5.26578799629624  1.14581314575381
 29    5.1569590521017  1.26578038918092
 30   5.03994896721269  1.38156581186822
 31    4.9160978161853  1.49252173115792
 32   4.78650960234901  1.59826584789896
 33   4.65207182556924  1.69858970943574
 34   4.51350924559336   1.7933895401019
 35   4.37143506778892  1.88262561169241
 36    4.2263875304198  1.96630209119148
 37   4.07885236210669    2.044458020173
 38   3.92927519872862  2.11716313515877
 39   3.77806792693821  2.18451526610614
 40   3.62561180149938  2.24663797571341
 41   3.47225909074613  2.30367808001794
 42   3.31833420419464  2.35580308572974
 43   3.16413475573975  2.40319867773345
 44   3.00993274989903  2.44606636567793
 45   2.85597597375175  2.48462134269965
 46   2.70248967568223  2.51909056047224
 47   2.54967868204983  2.54971099185357
 48   2.39773024594723  2.57672803029556
 49   2.24681818994326  2.60039395299533
 50   2.09710946094775  2.62096633713759
 51    1.9487755697826  2.63870623558642
 52   1.80201539978559  2.65387569668176
 53   1.65711134978474  2.66673340862904
 54   1.51463494827227  2.67752232579537
 55   1.37989564231904  2.68621697841216
 56   1.24960860077648  2.69338702398303
 57   1.12090936799978  2.69941327044137
 58  0.993294115158288  2.70447398946964
 59  0.866511287417041  2.70870615790841
 60  0.740394660060477  2.71222102010157
 61  0.614816311978242  2.71510960528884
 62   0.48966801668147  2.71744563430712
 63  0.364852444152556  2.71928735825178
 64  0.240278512517019  2.72067881775798
 65  0.115858721461148  2.72165070830719
 66  -0.00849250697222596  2.72222094630239
 67  -0.132859980256391  2.72239498251458
 68  -0.257328677082776  2.72216588649062
 69  -0.381984698934668  2.72151421001894
 70  -0.506916454090575  2.72040761851637
 71  -0.632216379789091  2.71880026865402
 72  -0.757983721272856   2.7166318777025
 73  -0.884329384173346  2.71382640004249
 74  -1.01138513784226  2.71029011371203
 75  -1.13932319049635  2.70590864903509
 76  -1.26840634273216  2.70054137906853
 77  -1.39917245515756  2.69400535922479
 78  -1.53569056363997   2.6858481974157
 79  -1.67892433792009  2.67563945025673
 80  -1.82460705017968  2.66331627105189
 81  -1.97218626582001  2.64862586975788
 82  -2.12138433958758  2.63130201797921
 83  -2.27200425891716  2.61107565355509
 84  -2.42387498978936  2.58767882228329
 85  -2.57682901515044  2.56084701999602
 86  -2.73069101224531    2.530320981684
 87  -2.88527134665182  2.49584828329267
 88  -3.04036195225698  2.45718492934509
 89  -3.19573349534711  2.41409702673079
 90  -3.35113327012316  2.36636261248616
 91  -3.50628353873948  2.31377368528364
 92  -3.66088017404955  2.25613847242598
 93  -3.81459154140022  2.19328393504262
 94  -3.96705757175791  2.12505846619851
 95  -4.11788890342658  2.05133467304048
 96  -4.26666574663834  1.97201208367418
 97   -4.4129356770961  1.88701965897117
 98  -4.55620881234766  1.79631827498405
 99  -4.69594773471789  1.69990414422905
100  -4.83154824296234  1.59781585503602
101  -4.96230626550467  1.49015066260712
102  -5.08736825731828  1.37709935618237
103  -5.20567196852988   1.2590101008466
104  -5.31590740396812  1.13648150833384
105   -5.4165572561119  1.01045674403671
106   -5.5060520441214 0.882294155203595
107  -5.58263634402797 0.754510936031891
108  -5.64067892161129 0.640086491909188
109  -5.68794900675149 0.528437697268489
110  -5.72498821721932 0.420426581965514
111  -5.75227350872246 0.317743710053798
112  -5.77066432893239 0.221969721657239
113  -5.78147238123193 0.133077693379512
114  -5.78601219776465 0.0457471142295839
115  -5.78385995951254 -0.0487439363223592
116   -5.5257926627057 -0.714368354062641
117  -5.20771940274759  -1.4142905575477
118  -5.26835627049731 -1.92375191789184
119  -5.60195528073553 -2.33711758627246
120  -6.13771244523072 -2.48281599428417
121  -6.74771796467589 -2.21305982759243
122  -7.06443253061537  -1.1824263355999
123  -6.80466663967038 -0.221309147288578
124  -6.28396473838628 0.598855266054455
125  -5.62577942714875  1.31784893574149
126  -4.87237358578755   1.9425436279788
127  -4.00876718152412  2.42214483150858
128  -3.03385895509961  2.75711443944366
129  -2.08036337215856  2.92848425202288
130  -1.05160374706079  2.99098333777695
131  -0.098310461190337  3.60348614696583
132   1.01480658918282  3.58269884669994
133   2.12276682661338  3.47599036726306
134   3.21067954242874   3.2437479269279
135   4.25562471938995  2.86541523944936
136   5.22182873047364  2.32178866106913
137   6.06078031168844  1.60022560103345
138   6.77650983195912 0.756000131466855
139   7.31300996969174 -0.21400827456323
140   7.55968302813722 -1.29426951197272
141   7.10231314461392 -2.29580192616936
142    6.5485256825815 -2.74676690959738
143   5.82488320412488 -2.77545606975225
144   5.18432247034496 -2.42458744872501
145   4.64244060845662 -1.93409456974575
146    3.9108517224204 -2.20850060956046
147   3.78427504291591  -2.1784605384847
148   3.68314106170577 -2.08842237092085
149   3.60881828737762 -1.97599934731185
150   3.55020298626124 -1.85557595564587
151   3.49973614340681 -1.73408363843176
152   3.45275885124553 -1.61479099002359
153    3.4066596461931 -1.49945088596017
154   3.36010314360263 -1.38928655442726
155   3.31254453228595 -1.28559827007227
156   3.26876460206422 -1.19929618699264
157   3.22660823968378 -1.12523021195667
158   3.18268420145757 -1.05729425176062
159   3.13614935553339 -0.994445818913069
160   3.08660290527383 -0.936101385946469
161   3.03393758720913 -0.881874921636519
162   2.97824004974277 -0.831479469080366
163   2.91970565429175 -0.784673309745991
164   2.85857357049987 -0.741234279910981
165    2.7950846547266 -0.700951763446254
166   2.72945873081208 -0.663626916966162
167    2.6618854051461 -0.629074886484119
168   2.59252286087254 -0.597126108808544
169    2.5215005355538 -0.567625986798591
170   2.44892311795412 -0.540433262928084
171   2.37487448356345 -0.51541770281395
172   2.29942096368825  -0.4924576270455
173   2.22261378235443 -0.471437642427608
174   2.14449069931754 -0.452246746744043
175   2.06507695278933 -0.434776860039261
176   1.98438556159116 -0.418921773581275
177   1.90241695225225 -0.404576489186302
178    1.8191577165966 -0.391636923076451
179   1.73457802270794 -0.379999942407961
180   1.64862662437926 -0.369563653818776
181   1.56122101458689 -0.360227715150805
182   1.47222614677624 -0.351893065954274
183   1.38139933426453 -0.344459393416198
184   1.28818304396001 -0.337813349517622
185   1.18717569555479 -0.331576957816808
186   1.08164988954884 -0.325969561566218
187   0.97454658769489 -0.321092569051794
188   0.86639470490127 -0.316895295873573
189  0.757459447045872 -0.313319454843788
190  0.647913193960193 -0.310307714934891
191  0.537884135656772 -0.307806339037512
192  0.427475924685457 -0.305767187890122
193  0.316777349981298 -0.304149368298709
194  0.205867806908277 -0.302920417930404
195  0.0948207596098826 -0.302057043318361
196  -0.016293824674714 -0.301545520692685
197  -0.127407565372324 -0.301381882525939
198  -0.238451976961489 -0.301571975628746
199  -0.349356764248833 -0.302131417063895
200  -0.460047870132712 -0.303085408599675
201  -0.570444961281519 -0.304468311518512
202  -0.680457827549409 -0.30632285083187
203  -0.789980669701459 -0.308698845517189
204  -0.898881959823041 -0.311651488142397
205  -1.00698371532214 -0.315239383510954
206  -1.11400951157015 -0.31952224254024
207   -1.2193954337424 -0.32455287576232
208  -1.31897269505961 -0.330172986265741
209  -1.41186438745626 -0.33631113448612
210  -1.50240430264796 -0.343260707552916
211  -1.59112837738384 -0.351131329800162
212    -1.678272878637 -0.360022489585075
213  -1.76396936419213 -0.370033098574166
214   -1.8482979495116 -0.381263441321317
215  -1.93130803650854 -0.393815249390465
216  -2.01302790918829 -0.407791329240049
217  -2.09346958178005 -0.423295255545449
218  -2.17263130083324 -0.440431316448269
219  -2.25049873757089 -0.459304770298224
220  -2.32704534124085 -0.480022435345936
221  -2.40223204680766 -0.50269363497672
222  -2.47600637075596 -0.527431530119572
223  -2.54830082841504 -0.554354862191269
224  -2.61903055595021 -0.583590081388202
225  -2.68809004418103 -0.615273727905545
226  -2.75534904442587 -0.649554763919543
227  -2.82064807257451 -0.686596353427698
228  -2.88379462093337 -0.726576456519236
229  -2.94456228248808 -0.76968676207621
230  -3.00269649932912 -0.816130300547584
231  -3.05793227826677 -0.866120027080509
232  -3.11003007807361 -0.919883957380077
233  -3.15883451640184 -0.977686177120226
234  -3.20435521531459 -1.03987473159271
235  -3.24686286050554  -1.1069681393973
236  -3.28700683004646 -1.17983501735539
237  -3.32625387056031 -1.26074808492699
238  -3.37055112130357 -1.36321270535865
239  -3.41371998957265 -1.47320516549906
240  -3.45610986946625 -1.58886710941521
241  -3.49903991254496 -1.70888865275805
242  -3.54517210082674 -1.83153365936722
243  -3.59933503349318 -1.95362339977562
244  -3.66944301191882 -2.06837702679358
245  -3.76721376237942 -2.16166900195586
246  -3.89265602382591 -2.19571563241446
247  -4.63224902141759  -1.9432808540313
248  -5.15310952199172 -2.45463419879683
249  -5.77545894920023 -2.83499798652674
250  -6.49872701598506 -2.84368317822636
251  -7.07513009979171 -2.42316083446692
252  -7.58208671072379  -1.4466334564931
253  -7.39154225140045 -0.355784282747654
254  -6.89250468669105 0.633157285332671
255  -6.20304885691741  1.49798324625712
256  -5.38163351844198  2.23828320344784
257  -4.43942187013174  2.82009608500945
258  -3.40250192087792  3.21505654492354
259   -2.3190179709854  3.46348727409429
260  -1.21067877807498  3.55863536509348
