// Id               X                Y
  1  -0.518468980240394  16.6552118604265
  2  0.539075619009003  16.6205826962965
  3   1.58879731494122  16.3975467559676
  4    2.5630835113254  15.9821218236991
  5    3.3954174789254  15.4587390601149
  6   4.11813806376979  14.7970061738941
  7   4.70132807426947   14.001174480969
  8   5.22604826447405  13.1519109973387
  9   5.79602634435174  12.3765919494682
 10   6.43473226946078  11.6630774080719
 11   7.08589996186854   10.928745039261
 12   7.36763495894514  10.4434557083458
 13   7.51231404558185  9.90260990945713
 14   7.43157157100194  9.35290414803102
 15   7.09024000154721  8.93713132782165
 16   6.42810038987901  8.81413662139084
 17    6.2144583638275   8.8717949384611
 18   6.04937209825369   8.9526021449718
 19   5.90066937006167  9.05859617630471
 20   5.76854416538027  9.18553458060625
 21   5.65443278678126  9.32987627200501
 22   5.55726664191798  9.48756674114275
 23   5.47641489281336  9.65664467958395
 24   5.40925154481736  9.83677645512105
 25   5.35168818724001  10.0395613048067
 26   5.30682334452117  10.2495430143777
 27   5.27227548135144  10.4641925364932
 28   5.24521448256831  10.6820531680054
 29   5.22289716274149  10.9022236369029
 30   5.20273083077176  11.1241110955454
 31   5.18236155930918  11.3472852822219
 32   5.15968876759916  11.5713768254207
 33   5.13287580179958  11.7960125296754
 34   5.10034587069648  12.0207772633161
 35   5.06077478727503  12.2451963193549
 36   5.01308004133458  12.4687323876945
 37   4.95640790380103  12.6907925870209
 38   4.89011855513215  12.9107417498739
 39   4.81376949867943  13.1279189834503
 40   4.72709743766583  13.3416551921612
 41   4.62999896637689  13.5512898625619
 42   4.52251053137099  13.7561859391813
 43   4.40478820042163  13.9557420782337
 44   4.27708779473447  14.1494019454496
 45   4.13974590520658   14.336660524929
 46   3.99316223500585  14.5170676280784
 47   3.83778360518932  14.6902289405808
 48   3.67408984311304  14.8558050293041
 49   3.50258165884788  15.0135087612436
 50   3.32377051285944  15.1631015755825
 51   3.13817039511517  15.3043890103218
 52   2.94629137422829  15.4372158281654
 53   2.74863473506503  15.5614610219889
 54   2.54568950226006  15.6770329155829
 55   2.33793014197002  15.7838645154658
 56   2.12581524115253  15.8819092174011
 57   1.90978697896238  15.9711369282069
 58   1.69027122520833   16.051530629641
 59   1.46767812352117  16.1230833859713
 60   1.24240303991881  16.1857957792094
 61   1.01482777940568  16.2396737446618
 62  0.785321993227624  16.2847267731943
 63   0.55424471694106  16.3209664442875
 64  0.321945994362075   16.348405254603
 65  0.0887685547517655  16.3670557095736
 66  -0.144950479602526  16.3769296498252
 67  -0.37887787074463  16.3780377895267
 68  -0.612682537270422  16.3703894496654
 69  -0.846033827841209  16.3539924754973
 70  -1.07859980069836   16.328853333822
 71  -1.31004551386345  16.2949773921648
 72  -1.54003133236675  16.2523693882852
 73  -1.76821126224191  16.2010341045584
 74  -1.99423132626782  16.1409772674991
 75  -2.21772800368431  16.0722066977749
 76  -2.43832676552847  15.9947337401139
 77  -2.65564074899135  15.9085750050688
 78  -2.86926962838041  15.8137544550435
 79  -3.07879875687904  15.7103058645439
 80  -3.28379867212004   15.598275678388
 81  -3.48382507916601  15.4777262805531
 82  -3.67841944596817  15.3487396693394
 83  -3.86711036743756  15.2114215104785
 84  -4.04941587302708  15.0659055077772
 85  -4.22484686671604  14.9123579903343
 86  -4.39291189448732  14.7509825665042
 87   -4.5531234293903  14.5820246389065
 88  -4.70500584462533  14.4057755146917
 89  -4.84810520772446  14.2225757856253
 90  -4.98200097185424  14.0328176000874
 91  -5.10631956336904  13.8369454126322
 92   -5.2207497704516  13.6354547869856
 93  -5.32505973173856  13.4288888570366
 94  -5.41911521559009  13.2178321294129
 95  -5.50289878274769  13.0029014513385
 96  -5.57652935223307  12.7847341771393
 97  -5.64028165705486  12.5639738513645
 98  -5.69460509376218  12.3412540880804
 99  -5.74014154107032  12.1171817636867
100  -5.77774183575735  11.8923211525982
101  -5.80848071326656  11.6671812207725
102  -5.83367007641143   11.442208954125
103  -5.85487033250826  11.2177923406247
104  -5.87389905942384  10.9942774384267
105  -5.89283516200711  10.7720048062954
106  -5.91401457972373  10.5513713453212
107  -5.94000993329847  10.3329241551756
108  -5.97358027023962  10.1174934574633
109  -6.01756565347848  9.90637460744873
110   -6.0746701802831  9.70159911359314
111  -6.14681971320065  9.50678374705129
112   -6.2301301931675  9.33461719572682
113  -6.33011853067298  9.17451597632631
114  -6.44805224453301  9.02895313148866
115  -6.58571750682986  8.90032864328357
116  -6.77096174234331    8.777887257277
117  -7.44193559710432  8.65401265110323
118  -7.90217978631647    8.917018151965
119  -8.14516923646299  9.39741068172959
120  -8.13871182933676  9.94005114018385
121  -7.94755233310435  10.4502717197674
122  -7.35711462430992  11.2090112850836
123  -6.71573254514553   11.904543957468
124  -6.12925936484083  12.6442909501508
125   -5.6243461153166  13.4495688136318
126  -5.14619511113896  14.2838958441161
127  -4.46718760342204  15.0891939802594
128  -3.61671239292938  15.7466890323251
129  -2.65436241590777  16.2085722814974
130  -1.59557450120611  16.4668370089458
131  -0.659506168021807  17.2166403544463
132  0.420408013433593  17.1898353139405
133   1.48314451068716  16.9725378512153
134   2.49914978205117  16.5842515848744
135   3.45079398237319  16.0598738478439
136     4.288092139728  15.3718962039108
137   4.97739724578845  14.5398273902425
138   5.57902279250921  13.6503821141012
139   6.22622877040304  12.8032499316051
140   6.92431340822803  12.0018194464497
141    7.5871351277865  11.1711023286197
142   7.90140270194877  10.6165619857621
143   8.05669058084875  10.0126483836484
144   7.99083911528255  9.39432466267028
145   7.78222481695692  8.80668551879995
146   8.27494809479352   8.3584683254569
147   8.46645102506457  7.83692052191908
148   8.34392259262117   7.4289895595929
149   8.09832874830372  7.12080957876616
150   7.78811999394161  6.89586712457948
151   7.43524990925165  6.75112383980236
152   7.05728056740232  6.68234381246158
153   6.67010275136836   6.6815615506431
154   6.28594578900209  6.74125272405471
155   5.91473502828298  6.85562183135851
156   5.56425434984083  7.01620347369884
157    5.2400212028863  7.21456365783233
158   4.94534510989826  7.44265789574215
159   4.68157578821276  7.69288282577749
160   4.44837229160744  7.95822397367135
161   4.24403231364947  8.23244940486564
162   4.06586418170227   8.5102582471702
163   3.91055866098767  8.78734122170932
164   3.77452033574174   9.0603533718838
165   3.65413417478923  9.32682161017842
166   3.54595947300025  9.58501565341343
167    3.4468556093658  9.83380737169683
168   3.35405076989756  10.0725362423629
169   3.26516699124444  10.3008910060747
170   3.17821424812696  10.5188115006339
171   3.09156435506616  10.7264105432022
172    3.0039131995156  10.9239135247599
173   2.91423775789563  11.1116126177355
174   2.82175258303212  11.2898326135203
175   2.72586895327783  11.4589058993623
176   2.62615860339635   11.619154622927
177   2.52232292151845  11.7708785288478
178   2.41416771711192  11.9143472611048
179   2.30158314504097  12.0497961388484
180   2.18452808324327  12.1774245701216
181   2.06301815724405  12.2973963962358
182   1.93711662715482  12.4098415755906
183   1.80692744951081  12.5148587270042
184   1.67258995494889  12.6125181610757
185   1.53427471296493  12.7028651320411
186   1.39218026787602  12.7859231380445
187   1.24653051640253  12.8616971796285
188   1.09757255527226  12.9301769495944
189  0.945574860544093  12.9913399684257
190  0.790825675782027  13.0451546965723
191  0.633631491971924  13.0915836490077
192  0.474315506153371  13.1305865123988
193  0.313215954677818  13.1621232272989
194  0.150684234981883  13.1861569553136
195  -0.0129172419335653  13.2026568133315
196  -0.177217489201939  13.2116002322583
197  -0.341839651573266   13.212974792661
198  -0.506403922609034  13.2067794072037
199  -0.670530579807661  13.1930247582921
200  -0.833843027533757  13.1717329532522
201  -0.995970735870763  13.1429364197482
202  -1.15655197867686   13.106676120772
203  -1.31523630354647   13.062999211944
204  -1.47168670504837  13.0119562874221
205  -1.62558151428234  12.9535983618269
206  -1.77661605638293  12.8879737161222
207  -1.92450415848244  12.8151247010144
208  -2.06897961164971  12.7350845503316
209  -2.20979770218795  12.6478742181088
210  -2.34673693401393  12.5534992251623
211  -2.47960107060796  12.4519464904052
212  -2.60822163962149  12.3431811330984
213  -2.73246107329188  12.2271432659741
214  -2.85221670974328  12.1037448544751
215  -2.96742595750556  11.9728667910225
216  -3.07807302677706   11.834356420923
217  -3.18419774785582  11.6880258538862
218  -3.28590711272972  11.5336514988246
219   -3.3833902626084  11.3709753684872
220  -3.47693766375092  11.1997088165992
221  -3.56696511830091  11.0195395003408
222  -3.65404299354064  10.8301425189191
223  -3.73893057488644  10.6311968874913
224  -3.82261472599502  10.4224087944288
225  -3.90635107107166  10.2035434798388
226  -3.99170471720704  9.97446803815652
227  -4.08058611973418  9.73520785527807
228  -4.17527604479409    9.486019452294
229  -4.27843168954991  9.22748178281621
230  -4.39306400438779  8.96060601748565
231  -4.52247457183863  8.68696015152177
232  -4.67013995925684  8.40879933313076
233  -4.83953366078267  8.12918627731664
234  -5.03388211901318  7.85208044976816
235  -5.25586281092287  7.58237406115769
236  -5.50726785952462  7.32586504586249
237  -5.78867015011787  7.08919530642428
238  -6.09912440372134   6.8798668309422
239  -6.43587633300369  6.70659446595154
240  -6.79387833809821  6.58036850282396
241  -7.16470856532106  6.51605585857046
242  -7.53548869397395  6.53197571005852
243   -7.8877769786728   6.6433599505433
244  -8.19984357717287  6.86156785822757
245  -8.42683644192904  7.21134634069821
246   -8.4052358070533  7.75805536246668
247  -8.07143770996001  8.33277591508025
248   -8.4650946832763  8.81319155572656
249  -8.70398828863252  9.36913352772087
250  -8.70178659524859  9.96901787698299
251  -8.49750308952598  10.5687157503491
252  -7.91012426478291  11.4534989147203
253  -7.21172390553484  12.2527831033773
254  -6.55059071409134  13.0840545523704
255  -5.95140018162458  13.9685392107404
256  -5.33585857685097  14.8564739598036
257  -4.60498392632578  15.6593137963738
258  -3.74127463432938  16.3134775771739
259  -2.76597461245504  16.7746926664706
260  -1.72351789790644  17.0405987067528
