// Id               X                Y
  1  -0.424646472993525  13.6083844701449
  2  0.618025124454408  13.5849596223542
  3   1.65564951979891  13.3493681467691
  4   2.60514191997587  12.9027030140502
  5   3.48768078318237  12.3101338478194
  6   4.21829507468684  11.5194040335178
  7   4.81149363215156   10.633159004271
  8   5.42419636096585  9.76522580189256
  9   6.09536763305981  8.94925796736971
 10   6.76155608856948  8.15977708015493
 11   7.26966083516723  7.31354456037504
 12   7.35755343140653  6.77413955291775
 13   7.21454684781899  6.23979578743267
 14   6.79782655693253  5.87615120560845
 15    6.2645068706997  5.86743277736769
 16    5.8451283171613  6.19565631712138
 17   5.70495068234448  6.39349740653356
 18   5.59907985312992  6.59676799472817
 19    5.5214229956677  6.79061564392667
 20   5.46628173313344  6.96190296134778
 21   5.42141349079089  7.13077640748705
 22   5.38386117796355   7.2987487330287
 23   5.35181309009448  7.46612717489718
 24    5.3234560241731  7.63291655116475
 25   5.29767858512895  7.79921672604488
 26   5.27291030117977  7.96508964273576
 27   5.24847991100007  8.13075322333521
 28   5.22302539177437  8.29631962214424
 29     5.196157957181  8.46201951291682
 30   5.16677437541402  8.62793700002374
 31   5.13459611269973  8.79425362342326
 32   5.09880019329915  8.96101718776458
 33   5.05910685534848  9.12835256015849
 34   5.01492128370712  9.29629899721014
 35   4.96591815935105  9.46496092933341
 36   4.91161342198726  9.63443458603979
 37   4.85158042058158  9.80492757624464
 38   4.78522402322073  9.97683161860967
 39   4.71165169226387  10.1511011369417
 40   4.62892976578948  10.3304049707425
 41   4.53538509924697   10.515838596595
 42   4.43229470071621  10.7026351699602
 43   4.32027822743774  10.8882912010199
 44   4.19961035298667  11.0714141875471
 45   4.07048964489102  11.2510127610665
 46   3.93311179053032  11.4262885437339
 47   3.78769267000086  11.5965580689601
 48   3.63447556462374  11.7612173281066
 49   3.47373241477426  11.9197234885551
 50    3.3057626086511  12.0715845284425
 51   3.13089073690066  12.2163528741302
 52   2.94946395816673  12.3536211882687
 53   2.76184928506318  12.4830193598794
 54   2.56843094411847  12.6042121808509
 55   2.36960788761417  12.7168974177959
 56    2.1657914971667  12.8208041126343
 57   1.95740349894798  12.9156910184677
 58   1.74487409907164  13.0013451224671
 59   1.52864034020997  13.0775802362578
 60   1.30914467473607  13.1442356527599
 61   1.08683374466749  13.2011748800649
 62  0.862157354127744  13.2482844697048
 63  0.635567615947226  13.2854729598929
 64  0.407518250509261   13.312669954895
 65  0.178464012112046  13.3298253603235
 66  -0.0511397840031596  13.3369087914214
 67  -0.280837662260016  13.3339091677637
 68  -0.510174344178036  13.3208345036162
 69  -0.738695092240757  13.2977118987016
 70  -0.965946069871556  13.2645877295331
 71  -1.19147474691012  13.2215280369266
 72  -1.41483037935661   13.168619100971
 73  -1.63556459111948  13.1059681908008
 74  -1.85323208399143  13.0337044732705
 75  -2.06739150002154  12.9519800624133
 76  -2.27760645782325  12.8609711908853
 77  -2.48344678117956   12.760879486036
 78  -2.68448993462562  12.6519333376269
 79  -2.88032267651499  12.5343893526175
 80  -3.07054293524376  12.4085339065247
 81  -3.25476190823808    12.27468482328
 82  -3.43260637453823  12.1331932509076
 83  -3.60372119710846  11.9844458571624
 84  -3.76777196368255  11.8288675639853
 85  -3.92444766139376  11.6669252059377
 86  -4.07346317192446  11.4991328085692
 87  -4.21456114532522  11.3260598061826
 88  -4.34751229833182  11.1483448784509
 89  -4.47211191995687  10.9667213813606
 90  -4.58816678896943  10.7820695467954
 91  -4.69545439700123  10.5955418174374
 92  -4.79358333390196  10.4089419018338
 93  -4.88151857130025  10.2260138913993
 94  -4.95905024498535   10.049712596468
 95  -5.02863915601451  9.87673702745908
 96  -5.09154882493745  9.70551737267937
 97  -5.14847338616121  9.53545676983769
 98  -5.19992132509739  9.36627786560016
 99   -5.2463355010402  9.19783016149593
100  -5.28814500633012  9.03001577944059
101  -5.32579467650088  8.86275362500974
102  -5.35976594372404  8.69595910667684
103   -5.3905941976373  8.52953150958013
104  -5.41888494272685  8.36334621630685
105  -5.44532984556914  8.19725131376348
106   -5.4707231144722  8.03106974629059
107  -5.49597815416959  7.86460952918242
108  -5.52214410933311  7.69768444091883
109  -5.55042251405363  7.53014200892119
110  -5.58218857161612  7.36187803057011
111  -5.61903755926521  7.19278022257684
112  -5.66293345651092  7.02245027167798
113  -5.71685613076194  6.84894453029558
114  -5.79344311186988  6.65068166869952
115  -5.89654745583893  6.44524121742872
116  -6.03309461066191    6.244556204923
117  -6.44608404839833  5.90393615600795
118  -6.97910335162759  5.89490418682785
119  -7.40745198535498  6.24113968830032
120  -7.56808381279108  6.76738156634661
121  -7.49435787387493  7.30640334817499
122  -7.00477736055372  8.14361743929099
123  -6.38242164748516  8.87617455983387
124  -5.76288894741599  9.60655461961592
125  -5.19732306095936  10.3790397978698
126  -4.64950417986368  11.2086552279492
127  -4.05110323545679  11.9388780797206
128  -3.32903961822525  12.5653441114493
129  -2.50350657635475  13.0602080757456
130  -1.47414574168223  13.3832557607049
131  -0.0792404466352878  14.0773346715398
132   1.04168938336252  14.0018152535344
133   2.12288385583793  13.7001143862875
134   3.11976599924642  13.1886645215444
135   4.02339279579795  12.5295693892808
136   4.76887357074367  11.7017469703321
137   5.38720095105447  10.7792960961205
138   6.02646375639982   9.8721366765439
139    6.7092698405699  8.99433606407385
140   7.37294015139821  8.09425173433114
141   7.75986672765841  7.03946938258078
142   7.68449340166087  6.32074994929095
143   7.30336206684387  5.70833402893952
144   6.68149093030721  5.35192516860924
145   5.99040161962206  5.19184299502849
146   5.54485217346492  4.59639782977119
147    5.3512105589104  4.51022848415867
148   5.14953656512352   4.4723608591065
149   4.94764465278979  4.47237218692285
150   4.74911133822612  4.50165304021411
151   4.55763652878091  4.55328819045961
152   4.37471130138668  4.62392287423301
153   4.20158823241492  4.71161905492075
154   4.03941746591093  4.81497931510552
155   3.88909878335525  4.93257309825112
156   3.75107359359474  5.06269011585519
157    3.6252310745561  5.20337647243042
158   3.51095464875598  5.35261995753472
159   3.40727290575771  5.50852630650746
160   3.31301318435125  5.66942912810826
161   3.22693351662353  5.83392178108677
162   3.14780339127549  6.00084970268232
163   3.07445834501212  6.16927743521893
164   3.00582676266746  6.33845409162305
165    2.9409496718748  6.50777808123883
166   2.87899557784173  6.67676897429063
167   2.81928719057565  6.84504483744901
168   2.76136644490652  7.01231036931564
169   2.70520640496039   7.1783666807778
170   2.65182172778512  7.34312015752426
171    2.6013323664986   7.5063119872957
172   2.55036922111278  7.66734634797313
173   2.49695505936102  7.82576765261986
174    2.4399700035231   7.9812093228574
175   2.37866401904821  8.13332686939356
176   2.31249329400994  8.28177354445031
177     2.241056605165  8.42619309952219
178   2.16406536048787  8.56621874713159
179   2.08132714726228  8.70147490408259
180   1.99273536658699   8.8315804035928
181   1.89826175712146  8.95615252192673
182   1.79795027697265  9.07481141302621
183   1.69191156798589  9.18718465958146
184   1.58031760822257  9.29291171608798
185   1.46339636760026  9.39164806785382
186   1.34142640304097  9.48306897021732
187   1.21473140198792  9.56687266840457
188    1.0836747263536   9.6427830323426
189  0.948654033245103  9.71055157359992
190  0.810096059712615  9.76995884437614
191  0.668451658975806  9.82081525138312
192  0.524191166189516  9.86296134970593
193  0.377800153335893   9.8962677111387
194  0.229775606131801  9.92063448480175
195  0.0806225227707948  9.93599078143928
196  -0.0691491020369114  9.94229401365378
197  -0.219026979830253  9.93952931097212
198  -0.368499020412592  9.92770910166136
199  -0.517055736668818  9.90687291537326
200  -0.664192694778766  9.87708741645308
201  -0.809413138219184  9.83844663250422
202  -0.952230897143996  9.79107230202246
203  -1.09217366763284  9.73511423326636
204  -1.22878671142606  9.67075054722399
205  -1.36163699025208  9.59818767193259
206  -1.49031771378345  9.51765996303186
207  -1.61445325013503  9.42942884433475
208  -1.73370432532311  9.33378138963423
209  -1.84777342522565   9.2310283001304
210  -1.95641031210737  9.12150126850371
211  -2.05941758008652  9.00554975937293
212   -2.1566562040945  8.88353727607917
213  -2.24805109231648  8.75583722552482
214  -2.33359674659671  8.62282853700892
215  -2.41336329583233  8.48489124006167
216   -2.4875034506295  8.34240226687949
217  -2.55626146290783  8.19573183533702
218  -2.61998628802621  8.04524093973454
219  -2.67915376941586  7.89128088394454
220  -2.73440989703358  7.73419697950912
221  -2.78667127149215  7.57434262732712
222  -2.83740956583485  7.41212321600387
223  -2.88940805139371  7.24808096882592
224  -2.94492882342723  7.08272475492171
225  -3.00263465771911  6.91616807230003
226  -3.06217809983338  6.74856810598658
227  -3.12388084156916  6.58019564347229
228  -3.18835794062524  6.41141443308446
229   -3.2564056947412  6.24268664864312
230  -3.32896246733108  6.07459298860638
231  -3.40708881963131   5.9078608745101
232   -3.4919489725798  5.74339857025797
233  -3.58478266667369  5.58233225477447
234  -3.68685623933058  5.42603906880191
235  -3.79938022856622  5.27616153648677
236  -3.92338371589353  5.13457865684507
237    -4.059552105997  5.00330485110894
238  -4.20807170580329   4.8843110302339
239  -4.36856299643214  4.77933179281854
240  -4.54016904783259  4.68980751989923
241  -4.72176320082685  4.61711555203127
242  -4.91211691949128  4.56314002211358
243  -5.10977360554576  4.53117590568019
244  -5.31107605776908  4.52818627400689
245  -5.51305958756676  4.56243301168547
246  -5.70801571531907  4.64480631674627
247  -6.16216248207665  5.23279848636673
248  -6.85697748073504  5.37227300482464
249  -7.48844946171792  5.70986576342268
250  -7.88564069166127  6.31143454531725
251  -7.97727440608897  7.02814157428582
252  -7.61646419639391  8.09198270572795
253  -6.97899534197199  9.01155204500563
254  -6.29388875721924  9.89255982420335
255  -5.62770364294007  10.7879737878187
256  -4.97519869759597  11.6947379244888
257  -4.20950113654279  12.5099093473885
258  -3.30715288055638   13.172635727854
259  -2.28100503679361  13.6274292722239
260  -1.18903584470711  13.9026813228545
