// Id               X                Y
  1  -0.109363553597435  5.62488174942636
  2  0.968792000015345   5.5679159380049
  3   2.02096225607585  5.39885862712466
  4   2.94224613177448   5.1085497925333
  5   3.90709735187913  4.68806543897994
  6   4.68675357730093  4.17725957925201
  7   5.45235536537518  3.65469631935754
  8   6.24184939463671  3.16532692267411
  9   7.05000847705949  2.70993718330739
 10    7.8607978705809   2.2725769311462
 11   8.65813818409698  1.81755037949484
 12   9.08005280770885  1.50766428445059
 13   9.45499903170142  1.11861204978499
 14   9.71448279381993 0.545130135541359
 15   9.59378175896991 -0.0460596652043958
 16   8.89695584478788 -0.315582125728934
 17   8.45498348689766 -0.235075706974869
 18   8.35159898718325 -0.197129553386322
 19   8.28616138882229 -0.169137191966386
 20   8.22240763810139 -0.138798344689651
 21   8.15956436997815 -0.105912613485374
 22   8.09507523930041 -0.0689753628950446
 23   8.02513137612279 -0.0252070134892521
 24   7.94709595911835 0.0283257490271787
 25   7.86005359419624 0.0940463232642426
 26   7.76450118010547 0.173706931296219
 27   7.66177818995165 0.268352197141836
 28   7.55351357331131  0.37839755607936
 29   7.44114237747882  0.50383218559964
 30   7.32549902356117 0.644582123472296
 31   7.20684766123485 0.800519187925161
 32   7.08688262891163 0.968589826348484
 33   6.96712643463501  1.14464152017271
 34   6.84734469859809  1.32629346583456
 35   6.72669856210957  1.51187256616906
 36   6.60415401837413  1.70004084515831
 37   6.47861768410669  1.88970284564818
 38   6.34900010261449  2.07996150099535
 39   6.21424947431029  2.27008030088021
 40   6.07337280832783  2.45944177883079
 41    5.9254543599428  2.64750169154284
 42   5.76967666473761  2.83374310075955
 43   5.60534516975014  3.01763690167411
 44   5.43191391890875  3.19861486424933
 45    5.2490078679474  3.37605837132233
 46   5.05643752397813  3.54930215071292
 47    4.8542033704298   3.7176490203691
 48   4.64249012824181  3.88039006635999
 49   4.42165334808351  4.03682500918868
 50   4.19220230020866  4.18627934334415
 51   3.95478315866223  4.32811733475508
 52    3.7101649981892  4.46175227526615
 53   3.45922837293319  4.58665687067587
 54   3.20295268350071  4.70237687469957
 55   2.94239498165035  4.80854982946044
 56   2.67865095097689  4.90492790861317
 57   2.41279147345724  4.99139962338263
 58   2.14577892715642  5.06800082150312
 59    1.8783860519371  5.13490403630763
 60   1.61115584372492  5.19238093439563
 61   1.34443134386438  5.24074618379404
 62   1.07843918275508  5.28030429617734
 63  0.813361592428928  5.31132016953332
 64  0.549329963117893  5.33401618559513
 65  0.286330867089584  5.34857857955688
 66  0.0240971037767529  5.35515109109199
 67  -0.237895351888862  5.35381058381118
 68  -0.500262117245909  5.34454488524177
 69  -0.763474698341906  5.32725704806603
 70  -1.02773075620362  5.30179180772237
 71  -1.29299148542401  5.26795724763204
 72  -1.55909950937428  5.22552642669202
 73  -1.82586051772161  5.17422971239367
 74  -2.09303202357254  5.11376102690528
 75  -2.36024246414325   5.0438123876805
 76  -2.62691233631217  4.96412965012764
 77   -2.8922364812484  4.87456679135204
 78  -3.15523408084648  4.77511868446036
 79  -3.41483290926051  4.66592687228941
 80  -3.66995069573961  4.54726542291434
 81   -3.9195541537756  4.41951808809043
 82   -4.1626940313358  4.28315569845851
 83  -4.39852370961261  4.13871822024168
 84  -4.62631047757457  3.98680189140169
 85  -4.84544625200771   3.8280493429494
 86    -5.055460926942  3.66313968476727
 87  -5.25603816902772   3.4927759988935
 88  -5.44703102270367  3.31766924452287
 89  -5.62847351936709  3.13851979972696
 90  -5.80058474674424  2.95600009377047
 91  -5.96376337522605  2.77074322868886
 92  -6.11857293125357  2.58334246162081
 93  -6.26572033124012  2.39436466081125
 94   -6.4060314533112  2.20437777017138
 95  -6.54042716858493  2.01398900759993
 96  -6.66990110909503  1.82388839495946
 97  -6.79549691110992  1.63489238535851
 98  -6.91827830374366  1.44798528100241
 99  -7.03927946619368  1.26436287644135
100  -7.15940771133327   1.0855022246325
101  -7.27919327467162  0.91337704521389
102  -7.39786655944914 0.751415563919991
103  -7.51330744054697 0.603831154423318
104  -7.62508405307059 0.471381845323474
105  -7.73275811483066 0.354051666333819
106  -7.83520222659058 0.251932318135791
107  -7.93099843446715  0.16479285689437
108  -8.01891699942573 0.0917993372686434
109  -8.09847363107441 0.0313694182421245
110  -8.17050828027766 -0.0188625184002771
111  -8.23755274914755 -0.0618848415464783
112  -8.30331783331272 -0.100683625260153
113  -8.37037025199237 -0.13685476217423
114  -8.43957711425201 -0.17067924551598
115  -8.55350081249832 -0.218840386349242
116  -8.99421584387881 -0.322993327080779
117  -9.70852074050827 -0.0960951379014447
118  -9.86850355554202 0.439920863550401
119  -9.65582145443339  1.03810180926599
120  -9.30766870860841  1.44674814849009
121  -8.90288741293064  1.77287738949386
122  -8.11901340276957   2.2451368193135
123  -7.31459435381058  2.68578840912773
124  -6.50730931365164  3.13418194362638
125  -5.71227801905676  3.60930505890041
126  -4.93624040920713  4.11398014055337
127  -4.15773436236741   4.6019192619769
128  -3.29572398369016  5.04018959421655
129  -2.28250330367322  5.34635645681957
130  -1.19981034549184  5.51242129261651
131  -0.171301800201591  6.20494464280153
132  0.870227305016761  6.15808180420322
133   1.90193387856699  5.98932775755843
134   2.91181929814491   5.6958756270288
135   3.88155795272765  5.27978921689353
136   4.80934229443998  4.77021923509254
137   5.70067965855565  4.21876041625537
138    6.5625698909883  3.69428552550067
139   7.43734257229493  3.19248164807035
140   8.34124873825161  2.65831971818393
141   9.19317692124934  2.01249883251893
142   9.62878885715103  1.52861255616125
143   9.97775648101594 0.979177008117808
144   10.2064383539208 0.466642978245739
145   10.3664213204589 -0.015930852684081
146   10.5425673692753 -0.651089761008071
147   10.6041989472458 -1.56975608066983
148   10.4511530458293 -2.02819079026075
149   10.2145226974274 -2.38669651642886
150   9.92354336588497 -2.66016573546395
151   9.59686608102517 -2.85747893277453
152   9.24873547907717 -2.98512254383138
153   8.89261741610945 -3.04903953668285
154   8.54006553330817 -3.05659676156999
155   8.19915206543389 -3.01625802619759
156   7.87437480387505 -2.93635209023869
157   7.56757761056388 -2.82423954045059
158   7.27905754495749 -2.68613962360943
159   7.00845339132728 -2.52739941468354
160   6.75536675485061 -2.35297160976144
161   6.51940465527999 -2.16763666128903
162   6.29802058413288 -1.97408657135367
163   6.08821779333208  -1.7737706396224
164   5.88843140176839 -1.56885682298996
165    5.6974560293837 -1.36158197751488
166   5.51414237259577 -1.15397684841762
167   5.33737018488419 -0.947798062100093
168   5.16607488106788 -0.744522936591369
169   4.99927964083203 -0.545370086301634
170   4.83611765584854 -0.351327072945517
171   4.67583952850375 -0.163174333305865
172   4.51780597785367 0.0184983358968242
173   4.36146908886835 0.193280853379019
174   4.20634685914317 0.360932861875001
175   4.05199586039444  0.52137032260897
176   3.89798576366133 0.674646517432648
177   3.74387779741597 0.820927816722868
178   3.58920744778073 0.960466372527434
179   3.43347031401985  1.09357250828648
180   3.27610934816576  1.22058903234086
181   3.11650200667622  1.34186828650745
182   2.95394734544175  1.45775082518415
183    2.7876559441548  1.56854263418497
184   2.61674961953052  1.67448635614048
185   2.44028221601164  1.77572212545449
186   2.25729467251796  1.87223687149884
187   2.06691218943045  1.96380868351725
188   1.86847365902187   2.0499639813445
189   1.66165561939167  2.12997312162136
190   1.44653334617668  2.20290295658528
191   1.22354052362777  2.26771724239397
192  0.993353566006162  2.32338457067365
193  0.756789545682491  2.36895098036547
194    0.5148027825773  2.40356961923977
195  0.268586875863021  2.42652045527817
196  0.0196886755921554  2.43725967931812
197  -0.230009691691696  2.43550066454213
198  -0.478508272051594  2.42127656664999
199  -0.723989030854384   2.3949307969693
200  -0.964992386247188  2.35704388138621
201  -1.20039435951733  2.30835668461708
202    -1.429280759558  2.24973063152888
203  -1.65085945605836  2.18213197301574
204  -1.86448580135684  2.10659732781324
205  -2.06977618937685  2.02415296348629
206    -2.266717410163  1.93570378803009
207  -2.45569006506792  1.84193829943121
208  -2.63739301031375  1.74328612469196
209  -2.81271465626204  1.63993135395108
210  -2.98260737024181  1.53186002717197
211  -3.14799786276456  1.41891644739076
212  -3.30973936615147  1.30085239765181
213  -3.46859602287754   1.1773643227596
214  -3.62524623000572  1.04812050632683
215   -3.7802943372224 0.912782855394962
216  -3.93428451065206 0.771027652323436
217  -4.08771443477339 0.622568052513105
218  -4.24104908317635 0.467179157471917
219  -4.39473601354262 0.304724736009756
220  -4.54922372707737 0.135183487393777
221  -4.70498383059525 -0.0413275510588475
222  -4.86253635086034 -0.224534071235583
223  -5.02247594470388 -0.413989913169255
224  -5.18549536479895 -0.609064578622055
225  -5.35240185457064 -0.808929134657944
226  -5.52412258109477 -1.01253730166195
227   -5.7016970788756 -1.21860171349034
228  -5.88625838361724 -1.42557092294887
229   -6.0790118308289 -1.63162007112156
230  -6.28124027962718  -1.8346810543946
231  -6.49445279208393 -2.03259366223752
232   -6.7212396033608  -2.2237231594375
233  -6.96513517995429 -2.40632784302744
234  -7.22724989433937 -2.57592700238507
235  -7.50810495510413 -2.72731848276888
236  -7.80828855696661 -2.85498607547692
237  -8.12784729466517  -2.9525848784027
238  -8.46542384864876 -3.01261188874906
239  -8.81716195456155 -3.02648556200503
240  -9.17573027820877 -2.98527342399028
241   -9.5302821672688   -2.880893645582
242  -9.86793868659824  -2.7065686058432
243  -10.1751201292679 -2.45495727639982
244  -10.4341251134912 -2.11600924337354
245   -10.616498257817 -1.67548031995313
246  -10.6184261718135 -0.758902036809896
247    -10.48550095553 -0.114444534357592
248  -10.3583824044729 0.376546765702071
249  -10.1670699352335 0.887537426338458
250  -9.85129091490998  1.45075498710434
251  -9.43817063274355  1.95265104344908
252  -8.60564520837956  2.62214315546292
253  -7.70617307425101  3.16477270446279
254  -6.83445076650437  3.65942356949472
255  -5.99121669814852  4.15914374513568
256  -5.10331755682612  4.69588822410159
257  -4.18158835007366  5.20021153840219
258  -3.21343934761969   5.6229175418039
259  -2.21352827053747   5.9310909053177
260  -1.20672301323801  6.12211825902133
