// Id               X                Y
  1  -0.0346308151115745  1.62330192523186
  2  0.945909598189536  1.65861423794335
  3    1.9718398925178  1.74780968797522
  4   3.01849584980942  1.80994104220305
  5    4.0531179452224  1.74751967578574
  6   5.01609987373128  1.48421377694339
  7   5.92439108707768  1.10033137858428
  8   6.75259009923438 0.598091713814541
  9   7.43836155035087 -0.0646430100992862
 10   7.83695202760062 -0.931999795088799
 11   7.60807244295819 -1.98005562494563
 12   7.00819748390896 -2.26910313323473
 13   6.47398619517885 -2.14777291227958
 14   6.11935726546737 -1.76960117433302
 15   6.00850096571484 -1.28375213798179
 16   6.25604903121385 -0.534181780666347
 17   6.28219821867892 -0.192951323801504
 18   6.26228859170136 -0.076237904435871
 19   6.22733013921272 0.0407282807481136
 20     6.176992393335 0.157561497560796
 21   6.10998764201213 0.275236139848666
 22   6.02579951811666 0.392730174460891
 23   5.92326526429487 0.510247332010547
 24   5.79969229974031 0.629326146982306
 25     5.653738279557  0.74972039434154
 26   5.49401676210018 0.864322073884209
 27   5.32706965655526 0.969711797092256
 28   5.15553999398972  1.06536561729039
 29   4.98178717960019  1.15079115380433
 30   4.80828370752006  1.22557427699947
 31   4.63696267951643   1.2897860416625
 32    4.4687432263764  1.34403779034402
 33   4.30385129590539  1.38918330312488
 34   4.14222728703701  1.42610685230231
 35   3.98374631731242  1.45565056601028
 36   3.82830126706699   1.4786049968516
 37   3.67581341607772  1.49571610290626
 38   3.52621536680575  1.50768973838289
 39   3.37943087197491  1.51519011678878
 40   3.23536203370116  1.51883485467408
 41    3.0938858619376  1.51919015286439
 42   2.95485785934623  1.51676838629905
 43   2.81811904474645  1.51202869246874
 44   2.68350344803491  1.50537999814437
 45   2.55084438808125  1.49718549547929
 46   2.41997897023949  1.48776765385859
 47   2.29075091959576  1.47741313723709
 48   2.16301214087402  1.46637728627182
 49   2.03662342042832  1.45488803546133
 50   1.91145460083927  1.44314925867373
 51     1.787384452014  1.43134359404306
 52   1.66430037417861  1.41963481766096
 53   1.54209800777951  1.40816983471764
 54   1.42068078930698  1.39708034866332
 55   1.29995947276704   1.3864842594458
 56   1.17985162706158  1.37648683324232
 57   1.06028111514855  1.36718167891676
 58  0.941177558805473  1.35865156059288
 59  0.822475791752349   1.3509690709649
 60  0.704115303224793  1.34419718600849
 61  0.586039673621584  1.33838971840966
 62  0.468196003519255  1.33359168415164
 63   0.35053433712873  1.32983959418498
 64  0.233007081145179  1.32716168087212
 65  0.115568419888388  1.32557806688112
 66  -0.00182627237826925  1.32510088234961
 67  -0.119221021049555  1.32573433440635
 68  -0.236659841783753  1.32747473148459
 69  -0.354187331186635  1.33031046325549
 70  -0.471849256655531  1.33422193541927
 71  -0.589693144486585  1.33918145698636
 72  -0.707768865379188  1.34515307602886
 73  -0.826129216500613  1.35209235814979
 74  -0.94483049928372   1.3599461000662
 75   -1.0639330920993  1.36865196868581
 76  -1.18350201684778  1.37813805382379
 77   -1.3036074983299  1.38832232018962
 78  -1.42432551496432  1.39911194139298
 79  -1.54573833900426  1.41040249536461
 80  -1.66793506381277   1.4220769966179
 81  -1.79101211480244  1.43400473598716
 82  -1.91507373879418  1.44603989260115
 83  -2.04023246250639  1.45801987558757
 84  -2.16660950200174  1.46976334419867
 85  -2.29433508652117   1.4810678451608
 86  -2.42354862529464  1.49170699718755
 87  -2.55439858664838  1.50142715032019
 88  -2.68704187037851  1.50994346361174
 89  -2.82164234526683  1.51693539839221
 90  -2.95836813118257  1.52204174287478
 91  -3.09738721504825   1.5248554914132
 92  -3.23886124394131  1.52491919358237
 93  -3.38293800019159  1.52172168561637
 94    -3.529744195187   1.5146972212201
 95  -3.67938155931601  1.50322762641345
 96  -3.83192996205274  1.48664696721313
 97  -3.98746022640206  1.46424648483705
 98  -4.14605515305726    1.435276107998
 99  -4.30782888332052  1.39893952865537
100   -4.4729204180616  1.35438565693023
101  -4.64141603418997  1.30071459578655
102  -4.81313228611015  1.23704535048362
103  -4.98719637932318  1.16272792715373
104  -5.16167915017833  1.07766479035831
105  -5.33406335714417 0.982281107566275
106  -5.50201734723717 0.877069326776648
107  -5.66317041193619 0.762391987963905
108  -5.81180157147618  0.64089180255027
109  -5.93785201670206 0.520564275437957
110  -6.04205621219596 0.402282688099983
111  -6.12747066879922 0.284269741381706
112  -6.19545187478324 0.166120006385835
113  -6.24656925022427 0.0487447276205877
114  -6.28211503148049 -0.068906788607943
115   -6.3023553450896 -0.186321521035631
116  -6.27621646350378 -0.527575026002845
117  -6.02677840388409 -1.27655779447306
118  -6.13487165023909 -1.76333033406735
119  -6.48552771580536 -2.14554410877118
120  -7.01731876339157 -2.27595260912137
121  -7.62271125038945 -2.00081677796651
122  -7.87563949702482 -0.960274014215077
123  -7.49097330598572 -0.0895032613637556
124  -6.81091981874934 0.576244969233882
125  -5.98496470148543  1.07852626461688
126  -5.07740865613487  1.46327048106597
127  -4.11881174500097  1.73403654165259
128  -3.07004479271333  1.82360687959551
129   -2.0405381618694  1.75801971983403
130  -1.03907818161972   1.6633179198354
131  -0.0336117389771877  2.22173905953449
132    1.0749435022766  2.24337189354151
133    2.1825368359306  2.30843404979439
134   3.29261025774214  2.33498038061699
135   4.39743900005769  2.22461600304852
136    5.4570343408541  1.89865121546269
137   6.45219252044151  1.40887744779934
138   7.34707655897978 0.748481464506539
139   8.04519030265603 -0.122855330664185
140   8.35457968606892 -1.19774601709222
141   7.90866985034419 -2.21779579109403
142   7.34233733905778 -2.64435684618053
143   6.62075036686081 -2.64035817109979
144   5.98522745001142 -2.27976859568612
145   5.41045416337484 -1.82520383045051
146   4.67887122826168 -2.16389294802778
147   4.22389596367805 -2.29144749812432
148   4.11945988117128 -2.17373594899438
149   4.05357149602439 -2.05102858254594
150   4.00158613011113 -1.93670125795808
151   3.95473561047487 -1.84108693277136
152   3.90974844456238 -1.76553815229777
153   3.86802265302093 -1.70997470521573
154   3.83420483013463 -1.67373025656633
155   3.81155326314657 -1.65315282759813
156   3.79376122294416 -1.63876762569326
157   3.77621137612126 -1.62592423790596
158   3.75735296893563 -1.61343421171201
159   3.73556677488737 -1.60047944881445
160   3.70893293439159 -1.58649179764436
161   3.67587638772887 -1.57151421975415
162   3.63569214776848  -1.5562370427986
163   3.58836834035548 -1.54157495295542
164   3.53425740321651 -1.52832233597272
165   3.47384401943794 -1.51701631902042
166   3.40761094576679 -1.50793865447229
167   3.33598289738385 -1.50117798255308
168   3.25932003113634 -1.49670072443243
169   3.17793422416362 -1.49440667609678
170   3.09210936509398 -1.49416381985052
171   3.00211600205325 -1.49582584206287
172   2.90821804422508 -1.49923864661574
173   2.81067339996798    -1.50424163228
174   2.70973162676175 -1.51066762681778
175   2.60563107434664 -1.51834338602813
176   2.49859686417823 -1.52709111725647
177   2.38884009311338 -1.53673073435949
178   2.27655810043306 -1.54708234887374
179   2.16193543871037 -1.55796860037673
180   2.04514519926683 -1.56921661734769
181   1.92635043771197 -1.58065955990737
182   1.80570554834811 -1.59213778958372
183   1.68335751535135 -1.60349974618578
184   1.55944701783427 -1.61460261065323
185   1.43410939135688 -1.62531281617575
186   1.30747545898026 -1.63550645105944
187   1.17967224770348 -1.64506958165795
188   1.05082360558832 -1.65389851347857
189  0.921050733371428 -1.66190000246916
190  0.790472642837072 -1.66899142509704
191  0.659206552941013 -1.67510091394984
192  0.527368233634666 -1.68016746443139
193  0.395072306477067 -1.68414101726286
194  0.262432510391048 -1.68698252073375
195  0.129561940298795 -1.68866397591052
196  -0.00342673414124504 -1.68916846728646
197  -0.136421062870898 -1.68849018064667
198  -0.269308616288103 -1.68663440922683
199  -0.401976786204997 -1.68361754856143
200  -0.534312580490336 -1.67946707973888
201  -0.66620240483896 -1.67422154010011
202  -0.797531824836935 -1.66793047972623
203  -0.928185301089393 -1.66065440135723
204  -1.05804588965768 -1.65246468066719
205   -1.1869948994211 -1.64344346309499
206  -1.31491149723382 -1.63368353268012
207  -1.44167225086783 -1.62328814751789
208  -1.56715059866788 -1.61237083534565
209  -1.69121623352411  -1.6010551409871
210  -1.81373438717463 -1.58947431414941
211  -1.93456499920712 -1.57777092019615
212  -2.05356175431225 -1.56609634657485
213  -2.17057097355751 -1.55461016257611
214  -2.28543035508101 -1.54347927105244
215  -2.39796758377316 -1.53287677310231
216  -2.50799887726248 -1.52298046320339
217  -2.61532761384893 -1.51397090360226
218  -2.71974329275602 -1.50602911664923
219  -2.82102117784531 -1.49933409258664
220  -2.91892299891147 -1.49406050497289
221  -3.01319890509707 -1.49037714354896
222  -3.10359033431013  -1.4884464058768
223  -3.18983250617862 -1.48842447541512
224  -3.27165405765622 -1.49046038452996
225  -3.34877062110401 -1.49469013989081
226  -3.42087015090706 -1.50122008168766
227  -3.48759183496707 -1.51009287556051
228  -3.54850779400897 -1.52123196544354
229  -3.60312619636301 -1.53436887282569
230  -3.65094314488254 -1.54897600994349
231  -3.69157353720181 -1.56425651863228
232  -3.72498411076453 -1.57927214317862
233  -3.75183609376718 -1.59328938792324
234  -3.77370353010601 -1.60623204457717
235  -3.79255463743619 -1.61866625480946
236  -3.80999432932917 -1.63138605807414
237  -3.82736139626374 -1.64536319630034
238  -3.84852186045696 -1.66441711154413
239  -3.88104766545443 -1.69875478416407
240  -3.92227183542576 -1.75275062333361
241  -3.96710564860933 -1.82706529921473
242  -4.01378962806242 -1.92169380744314
243   -4.0653991092815 -2.03521818931712
244  -4.13060507923528 -2.15728757344675
245  -4.23413543479206 -2.27492875870789
246  -4.69044756791468  -2.1485544602406
247  -5.42374740147895 -1.81295200301532
248   -5.9941433519255 -2.27220427410373
249  -6.62445914675294  -2.6409646857097
250  -7.34557368938891   -2.657158994694
251  -7.92087984290551 -2.24320955456254
252  -8.38926059663144 -1.23360681013447
253  -8.09704540345779 -0.154227520197624
254  -7.40647464463054 0.722834805829507
255  -6.51376881013428   1.3857858927006
256  -5.51980934380197   1.8772965913067
257  -4.46301503791453  2.21109697375628
258  -3.36042164062767  2.33880029962574
259   -2.2498936811428  2.32368365107567
260  -1.14233686828581  2.25848194954891
