// Id               X                Y
  1  -0.317690395482142  7.75164374608282
  2  0.762271505440503  7.69181668119144
  3   1.81090284092755  7.48220898638952
  4   2.79576719796118  7.09403210989058
  5   3.70795048844977  6.54856189886281
  6   4.52716956973442  5.86329454527144
  7   5.32306196202155  5.15914591581025
  8   6.10955291831239  4.45790572075016
  9   6.84790808122583  3.74524266342265
 10   7.44092860722187   2.9981418973589
 11   7.78842614033093  2.12783483290554
 12   7.76224527556102  1.59829737466109
 13   7.50515929027945  1.10763331903431
 14   6.90757081543962 0.818992098720704
 15   6.28309106601979  1.12845540062425
 16    6.3195350973018  1.95357519682206
 17   6.32536585368843   2.2718766815149
 18   6.31008451260553  2.42378455553763
 19   6.28757118316487  2.55460384631397
 20   6.25776208517989  2.68179251360569
 21   6.22141234413423   2.8064349208476
 22   6.17897582970454  2.92997788053427
 23   6.13066780793148  3.05393485010844
 24    6.0767325667458  3.17926360383321
 25   6.01752798937424  3.30637111875155
 26   5.95347341457056  3.43529842573754
 27   5.88498505920239  3.56589095157204
 28   5.81242860685966   3.6979102241225
 29    5.7360792736172  3.83108723294128
 30   5.65612590771923  3.96515741953847
 31    5.5726767598727  4.09987282402427
 32     5.485765453099  4.23500142293301
 33   5.39537519027522   4.3703326694022
 34   5.30144311262858  4.50566948148295
 35   5.20387595486806  4.64082804731857
 36   5.10255743381825  4.77563372308369
 37   4.99735363583783  4.90991691361012
 38   4.88811941856897  5.04351121420176
 39    4.7747002422074  5.17624931422208
 40   4.65693542912752  5.30796095029201
 41   4.53465948659781  5.43846991182595
 42    4.4077038089092   5.5675914756858
 43   4.27589863108693  5.69512949486369
 44   4.13907603929996  5.82087280807517
 45   3.99707520220971  5.94459065409461
 46   3.84975092822279  6.06602662886604
 47   3.69698653835711  6.18489155686049
 48   3.53871036834175  6.30085686914838
 49   3.37491237259665    6.413551773718
 50   3.20565487391816  6.52256772056456
 51   3.03107276550291  6.62747094600028
 52   2.85136366171141  6.72781966955882
 53   2.66677311798821  6.82318062414253
 54   2.47758040546976  6.91314130936672
 55   2.28408770350264  6.99731727988326
 56   2.08661303063066  7.07535558451327
 57   1.88548604650003  7.14693585683725
 58   1.68104568707426  7.21177023252255
 59   1.47363882503786  7.26960281789216
 60   1.26361942618977   7.3202090877785
 61   1.05134788741521  7.36339537670365
 62  0.837190383494048  7.39899851151823
 63  0.621518137547822  7.42688557802145
 64  0.404706582622647   7.4469537920914
 65  0.187134413310191  7.45913044133957
 66  -0.030817455131412   7.4633728672599
 67  -0.248766991960267  7.45966846554188
 68  -0.466332186429957  7.44803469135829
 69  -0.683132177095583  7.42851906603709
 70  -0.898788338702439  7.40119919123141
 71  -1.11292529342306  7.36618278631633
 72  -1.32517181988408  7.32360777381104
 73  -1.53516164566499  7.27364244491421
 74  -1.74253413019605  7.21648573996269
 75  -1.94693488118677  7.15236767114759
 76  -2.14801640889983  7.08154988653157
 77  -2.34543902464356  7.00432630651244
 78  -2.53887235442875  6.92102362598302
 79  -2.72799808339972  6.83200122697312
 80  -2.91251484584571  6.73764965933469
 81   -3.0921463622245  6.63838638436486
 82  -3.26665354839064  6.53464725609129
 83  -3.43584971276243  6.42687292383087
 84  -3.59961505561323  6.31549158136346
 85  -3.75790444993478  6.20090242794464
 86  -3.91074413863536  6.08346508224027
 87  -4.05821850301761   5.9634973058791
 88  -4.20045261002984  5.84127919514869
 89  -4.33759622044639  5.71706011797125
 90  -4.46981196102988  5.59106551807987
 91  -4.59726774876786  5.46350244870747
 92  -4.72013224622382  5.33456369043113
 93  -4.83857230628452   5.2044310364836
 94  -4.95275119941341   5.0732779314569
 95  -5.06282710330173  4.94127195315404
 96  -5.16895174261906   4.8085776294695
 97  -5.27126715450932  4.67535839221473
 98  -5.36990399224379  4.54178070685171
 99  -5.46497465300509  4.40801545950351
100   -5.5565687028836  4.27424256360282
101  -5.64474430845516  4.14065411476114
102  -5.72951389018564  4.00745523668757
103  -5.81083861441863  3.87487129502044
104  -5.88860546298615  3.74314280932747
105  -5.96261903194393  3.61252477197382
106  -6.03260296011796   3.4832784714505
107  -6.09817817594857  3.35562683126799
108   -6.1589449375792  3.22972308558182
109  -6.21444990016389  3.10550016116827
110  -6.26439702306748  2.98256876327578
111  -6.30847567102259  2.85993990548928
112  -6.34658832992167  2.73614427842973
113   -6.3782030492033  2.60971732642581
114  -6.40267554468736  2.47959497941727
115  -6.42029178257539  2.32846566037956
116  -6.41968406080889  2.01018050734399
117  -6.39757211627595  1.18461543739548
118  -7.02861439657767 0.888209665030823
119  -7.62003907965391  1.19008424988218
120  -7.86631445429791  1.68399506397051
121  -7.88267489096922  2.21039183664826
122  -7.51985510155246  3.06807807958956
123  -6.92694638044224  3.78495714286803
124  -6.24373830234333  4.42059747548059
125  -5.54407214134335  5.03433439504383
126  -4.84913816633293  5.65518219355231
127   -4.1431397747282  6.27318136600371
128  -3.31090320447927  6.84367993995471
129  -2.35504051902227  7.30417261932235
130  -1.34210257497324  7.58291489903427
131  0.0356668706036187  8.21826157388113
132   1.15436915751789  8.13811564134816
133   2.24393269000329   7.8768171345287
134   3.27135452556075  7.43577951672883
135    4.2132134102252  6.83896526091881
136   5.06976674584608  6.13110388273216
137   5.89193505274371  5.38486868638044
138   6.70161003312001  4.62220818962823
139   7.46014852831151  3.80280879822748
140   8.03677904605877  2.84054429316944
141   8.18155690366268  1.72171939896153
142   7.87732692336523  1.05884952530985
143   7.28936049950629 0.626935845230466
144   6.58267530174054 0.467699614934766
145   5.90988769789661 0.384974708778154
146   5.22779113782203 -0.0698040746616399
147   5.04590961853329 -0.0820903797933054
148   4.88416983926701 -0.0434677115352421
149   4.73867974833663 0.0324962046933919
150   4.61158457068673  0.13450538178133
151   4.50159615331768 0.253974523240416
152   4.40579164925341 0.384420070116018
153   4.32069283774732 0.520997753978748
154   4.24294777702752 0.660375042307206
155   4.16975670772498 0.800462088139892
156   4.09900288383544 0.940043402803892
157   4.02919011918139  1.07845378419521
158   3.95930907476912  1.21534918731273
159    3.8887022275505  1.35056250444991
160   3.81695324555523  1.48401850996387
161   3.74380445518822  1.61568554241622
162   3.66909835750248  1.74554853719343
163   3.59273762870918  1.87359404057469
164   3.51465856781135  1.99980197407142
165   3.43481411928382  2.12414120301972
166   3.35316353182674   2.2465673454339
167   3.26966655340265  2.36702191339164
168    3.1842806578274  2.48543223520825
169   3.09696023265036  2.60171181712541
170    3.0076569988654  2.71576090590198
171   2.91632115597915  2.82746711307384
172   2.82290292302106  2.93670603014243
173   2.72735425412629  3.04334183673059
174   2.62963057109116  3.14722797293941
175   2.52969237296147  3.24820800831063
176   2.42750657405832  3.34611687234566
177   2.32304743782654  3.44078256723949
178   2.21629709900295   3.5320283119535
179   2.10724594434424    3.619674795581
180   1.99589338865472  3.70354205453542
181    1.8822494920191  3.78345068707073
182   1.76633733871336  3.85922258759347
183   1.64819559381397  3.93068166986686
184   1.52788059954481  3.99765492729436
185   1.40546766806691  4.05997388263716
186   1.28105153531149  4.11747628738292
187   1.15474610142315  4.17000789476898
188   1.02668362145752  4.21742417404024
189  0.897013491980328  4.25959188917199
190  0.765900747438209  4.29639050637547
191  0.633524351027356  4.32771341879499
192  0.500075341936345  4.35346898883958
193  0.365754883744582  4.37358141357129
194  0.230772246127439  4.38799141987428
195  0.0953427427655176  4.39665679568237
196  -0.0403143582866415  4.39955276234765
197  -0.175977940064336  4.39667219177732
198  -0.311427149079068  4.38802567044149
199  -0.44644350697832   4.3736414108346
200  -0.580813013650757  4.35356500944091
201  -0.714328232316438  4.32785904869653
202  -0.846790343929874  4.29660253885435
203  -0.978011153185303  4.25989019412824
204  -1.10781502115561  4.21783153626864
205  -1.23604068952412   4.1705498183881
206  -1.36254294759383  4.11818076361824
207  -1.48719407452957  4.06087111933802
208  -1.60988496421374  3.99877704217511
209  -1.73052580857107  3.93206235724357
210  -1.84904618310359  3.86089678147004
211  -1.96539436822934  3.78545425883076
212  -2.07953580444834  3.70591158788333
213  -2.19145078805655  3.62244745052133
214  -2.30113185683873  3.53524171460091
215  -2.40858155884523  3.44447459716888
216  -2.51381110151972      3.3503252566
217  -2.61683978830969  3.25296976552428
218  -2.71769470333105   3.1525788504526
219  -2.81641014566832  3.04931586724924
220  -2.91302662592379  2.94333525452317
221  -3.00758948236086  2.83478144980589
222  -3.10014725818648  2.72378812060765
223  -3.19074997865534  2.61047754532394
224  -3.27944745553904  2.49496002299339
225  -3.36628776860118  2.37733325417683
226  -3.45131614095414  2.25768170470736
227  -3.53457453653275  2.13607603568143
228  -3.61610248612573   2.0125727535827
229  -3.69593986969365  1.88721433727547
230  -3.77413272694289  1.76003020413719
231  -3.85074359231791  1.63103910215356
232  -3.92586845126256  1.50025387071057
233  -3.99966323000683  1.36769019497043
234  -4.07238365007739  1.23338236030161
235  -4.14444338440634  1.09741132017686
236  -4.21649590891444 0.959954505037385
237  -4.28954372746695 0.821372816800589
238  -4.36507088190768 0.682356994263324
239  -4.44517224768063  0.54415874629341
240   -4.5326099258629   0.4089148859691
241  -4.63067536608694 0.280012547066635
242  -4.74275982865047 0.162350466589812
243  -4.87167083256864 0.0624590924182425
244   -5.0185447884342 -0.0110500207681833
245  -5.18104807957461 -0.0469071453749377
246  -5.36277288428804 -0.0314725281394293
247  -6.03717489875721  0.43495870370753
248  -6.71010897845347  0.53121971851763
249     -7.41405817635 0.706097721167873
250  -7.99274458101338  1.15224906054704
251  -8.28224348401245  1.82348194575375
252  -8.12030755700028  2.94143192233645
253   -7.5299261215277  3.89966698256734
254  -6.77034135621881  4.72461176447306
255  -5.94624673474743  5.48336090842795
256  -5.09168096173339  6.20815507833818
257  -4.19086420966663  6.87716443489863
258  -3.22092514725507  7.44438915225167
259  -2.17894362427641   7.8680619567191
260  -1.08211997582524  8.11658697707976
