// Id               X                Y
  1  -0.0418990110293121  0.13014970056259
  2  0.845945229158056 0.201200177588709
  3   1.70824711313512 0.410816692652598
  4   2.53003243875642  0.72905900519324
  5   3.31396818318438  1.11303504733275
  6   4.07945941078141  1.51213502501106
  7   4.85415854013355  1.87347094461884
  8   5.66941446100281  2.12780348629049
  9   6.52351384196564  2.10987373426403
 10   7.25031127901454  1.66243467177372
 11   7.59781049433477 0.880315485721252
 12   7.63746881592024 0.421425762724273
 13   7.61514979428128 -0.0500382737648758
 14   7.66353868519027 -0.515427188453506
 15   7.99917444045575 -0.910073964912091
 16   8.63069312806423 -0.280450219681809
 17   8.61637969253658 -0.0162326598643104
 18   8.47902454068932 0.185608289665269
 19   8.27850700680815 0.322645608027917
 20   8.05483209696188 0.409937344442276
 21   7.82470793516337 0.463881492606651
 22   7.59330298775504 0.493724012390463
 23   7.36324919595287  0.50530796206291
 24   7.13597735547389 0.503790479957192
 25   6.91274888346199 0.493018231369374
 26   6.69457579209239 0.475604328028148
 27   6.48310379523282 0.453412298877953
 28   6.28793464299906 0.429080333599092
 29   6.10325340010907 0.403316097136682
 30   5.92330031920088 0.376285598173355
 31   5.74660950121483  0.34849100350711
 32   5.57238146152674 0.320380741391873
 33   5.40007861580809  0.29230994550616
 34   5.22931243014008 0.264543394936463
 35   5.05979431369994 0.237270438154185
 36   4.89130686059037 0.210622211791255
 37   4.72368426633151 0.184687298523644
 38   4.55679827265711 0.159524496026705
 39   4.39054799153821 0.135172542491088
 40   4.22485257896581 0.111657147213232
 41   4.05964600160978 0.088995840764286
 42   3.89487331924225 0.0672011642054385
 43   3.73048804800371 0.0462826531289459
 44   3.56645028387492 0.0262479867654601
 45   3.40272535485887 0.00710358737288334
 46    3.2392828377124 -0.0111451197788452
 47   3.07609582465755 -0.0284936371233417
 48   2.91314036132027 -0.0449384157958961
 49   2.75039500258916 -0.060476902843408
 50   2.58784045087229 -0.0751075769091433
 51   2.42545925344056 -0.0888299529845595
 52    2.2632355437578 -0.101644549004023
 53   2.10115481708601 -0.113552814695971
 54   1.93920373408936 -0.124557027501425
 55   1.77736994827574 -0.134660162547437
 56   1.61564195436388 -0.143865744385715
 57   1.45400895536344 -0.152177688032111
 58   1.29246074652197 -0.159600136161701
 59   1.13098761446735 -0.166137298391757
 60  0.969580249948865 -0.171793297593057
 61  0.808229672607295 -0.176572027214116
 62  0.646927166216096 -0.180477022741609
 63  0.485664222846216 -0.183511349680011
 64  0.324432494422128 -0.18567750981944
 65  0.163223750156407 -0.186977367064422
 66  0.00202983837223519 -0.187412093701518
 67  -0.159157348755961 -0.186982137669616
 68  -0.320345908997417 -0.18568721114088
 69  -0.481543963839897 -0.183526300499595
 70  -0.64275969368815 -0.180497697597242
 71  -0.804001375936993 -0.176599051941711
 72  -0.965277427384165 -0.171827443222851
 73  -1.12659645246634 -0.166179473261529
 74  -1.28796729882005 -0.159651376071192
 75  -1.44939912168426 -0.152239144217325
 76  -1.61090145866955 -0.143938669032875
 77  -1.77248431641953 -0.13474589148615
 78  -1.93415827068854 -0.124656959604868
 79  -2.09593458136862 -0.113668387359891
 80  -2.25782532404822 -0.101777208861001
 81  -2.41984353982686 -0.0889811207178697
 82  -2.58200340543331 -0.0752786046427091
 83  -2.74432042633945 -0.0606690220816915
 84  -2.90681165674323 -0.0451526732538325
 85  -3.06949595232659 -0.0287308150128468
 86  -3.23239426503392 -0.0114056362107174
 87  -3.39552999439516 0.00681980322497722
 88  -3.55892941801222 0.0259416511434598
 89  -3.72262223591816 0.0459553231907786
 90  -3.88664228120117 0.066855480642215
 91  -4.05102847468064 0.0886358258081021
 92  -4.21582613732701 0.111288565534769
 93  -4.38108882409832 0.134803330113124
 94  -4.54688091120286 0.159165257365545
 95   -4.7132812600431  0.18435186227398
 96  -4.88038839917559 0.210328219660604
 97  -5.04832781345614 0.237039911613237
 98  -5.21726211466657 0.264403176653812
 99    -5.387405135545 0.292291833126143
100   -5.5590415589322 0.320521007917206
101  -5.73255548176041 0.348828815488413
102  -5.90847804150363 0.376859577596552
103  -6.08759286235545  0.40415777751779
104   -6.2712969689368 0.430200642172643
105  -6.46448857658042 0.454710559819369
106  -6.67579151503784 0.477295789290985
107  -6.89421013027452 0.495044468243825
108  -7.11786372138692 0.506048846558709
109  -7.34566751408293 0.507712211806601
110   -7.5763364377241 0.496240348325924
111  -7.80843674978217 0.466558930166562
112  -8.03933291325653 0.412924851071341
113  -8.26388362129897 0.326162765958609
114  -8.46565554003354 0.189901421851846
115  -8.60526286745254 -0.0112106980402011
116  -8.62311497545231 -0.275328802806743
117  -8.00340533925986 -0.918992495906456
118  -7.68550723675172 -0.460398565790584
119   -7.6690766522583 0.00195180866531149
120  -7.70728757000215 0.470148168323862
121  -7.67870039456384 0.930597836092153
122  -7.33532811057406  1.71505443049166
123  -6.60254956256464  2.15349907899643
124  -5.74737685749799  2.15948669839016
125  -4.93325897424514  1.89899253562127
126  -4.15903370503192  1.53404146090647
127  -3.39409543196056  1.13108149169643
128  -2.61081064730637 0.743047310136817
129  -1.78954712977127 0.420595685992046
130  -0.927501931805201 0.206841741284204
131  -0.0407901795935249 0.751388139069063
132  0.822613705796449 0.822857785599898
133   1.66681293978277  1.03204237060207
134    2.4841251501169   1.3504236324391
135   3.28596497682504  1.73576435736165
136   4.10464979461887  2.13367821350297
137    4.9922478426843  2.46979868042457
138   6.01594046467256  2.62092834269984
139   7.02702452010636   2.4144527021763
140    7.7990092984011  1.86391940592868
141   8.26535043020107  1.06314385096238
142   8.38830704233466 0.383076426963657
143   8.31982686277587 -0.320923450267123
144    8.0442302059936 -0.995908475521129
145   7.49885925770172 -1.58507429064686
146   6.76004976732766 -2.05438010471568
147   6.60702322171953 -2.12885520546784
148    6.5659484059821 -2.14769429164101
149   6.52417460975946 -2.16639360028492
150   6.47272014274914 -2.18883593763947
151   6.40747084805371 -2.21642570242411
152   6.32365317618324 -2.25055030664982
153   6.21279412381017 -2.29360606861809
154    6.0938508739946 -2.33744281354462
155   5.96964378118313 -2.38088242938766
156   5.84180802346656 -2.42333803423955
157   5.71140200777658   -2.464500236797
158    5.5787022799722 -2.50434479500067
159   5.44416810377521 -2.54281413157648
160   5.30811014384878 -2.57991345500163
161   5.17066084009761  -2.6156996685698
162   5.03194948198261 -2.65022363899615
163   4.89210516241637 -2.68352755177756
164   4.75124823418898 -2.71564657088946
165   4.60948493287661 -2.74661035356681
166   4.46690598632343 -2.77644404300485
167   4.32358768526016 -2.80516895006933
168   4.17959401558321 -2.83280310343143
169   4.03497899672471 -2.85936175044958
170   3.88978881131933 -2.88485783064004
171   3.74406357783938 -2.90930241854716
172    3.5978387532056 -2.93270512713575
173   3.45114620954776 -2.95507446480572
174   3.30401504597381 -2.97641814283767
175   3.15647219448502 -2.99674333321712
176   3.00854287053078 -3.01605687882293
177   2.86025090854113 -3.03436545905587
178   2.71161901338113 -3.05167571444409
179    2.5626689508163 -3.06799433387732
180   2.41342169387466 -3.08332810808535
181   2.26389753727509  -3.0976839529021
182   2.11411618861547 -3.11106890579811
183   1.96409684251051  -3.1234900991359
184   1.81385824210314 -3.13495471360072
185   1.66341873114271 -3.14546991526792
186   1.51279629897215   -3.155042779771
187   1.36200862017431 -3.16368020701686
188   1.21107309021042 -3.17138882984264
189   1.06000685808086 -3.17817491991622
190  0.908826856810898 -3.18404429404233
191  0.757549832386366 -3.18900222384946
192  0.606192371620722 -3.19305335159849
193  0.454770929316298 -3.19620161457613
194  0.303301854983907 -3.19845018021941
195  0.151801419303866 -3.19980139376641
196  0.000285840446830651 -3.20025673984974
197  -0.151228689675394 -3.19981681904858
198  -0.302725979190678 -3.19848133999962
199  -0.454189810055625 -3.19624912724201
200  -0.605603911827641 -3.19311814454446
201  -0.756951935376398 -3.18908553303879
202  -0.908217426456207 -3.18414766307129
203  -1.05938379901041 -3.17830019828646
204  -1.21043430801307 -3.17153817008527
205  -1.36135202157248 -3.16385606025684
206  -1.51211979192458 -3.15524788927639
207  -1.66272022483057 -3.14570730749797
208  -1.81313564675668 -3.13522768625377
209   -1.9633480690473 -3.12380220570535
210  -2.11333914808922 -3.11142393617821
211  -2.26309014017975 -3.09808590964769
212  -2.41258184941456 -3.08378117802713
213  -2.56179456634078 -3.06850285492947
214  -2.71070799428909 -3.05224413761858
215  -2.85930115907983 -3.03499830591913
216  -3.00755229602736 -3.01675869489523
217  -3.15543870563033 -2.99751863812086
218  -3.30293656577663 -2.97727137834012
219  -3.45002068342013 -2.95600994226409
220  -3.59666416220548 -2.93372697622464
221  -3.74283795419929 -2.91041453951622
222  -3.88851025372606 -2.88606385270906
223  -4.03364567989266  -2.8606649993183
224  -4.17820418369416 -2.83420658133641
225  -4.32213961063292 -2.80667533253055
226  -4.46539786163513 -2.77805569769496
227  -4.60791464583513 -2.74832938909922
228  -4.74961294788071 -2.71747492726292
229  -4.89040059881121 -2.68546714950136
230  -5.03016880237759 -2.65227660728306
231  -5.16879309182083  -2.6178686622285
232  -5.30613852178112 -2.58220201043414
233  -5.44206901577173 -2.54522681580694
234  -5.57644841849151 -2.50688620656824
235  -5.70900327971435  -2.4671621415988
236  -5.83917702425456 -2.42613991107193
237  -5.96676829867914  -2.3838215982898
238  -6.09071722803708 -2.34051809796325
239  -6.20937574232732 -2.29682334590535
240  -6.31988595497019 -2.25393413726755
241  -6.40329348288948 -2.22000120829082
242  -6.46863960994698 -2.19238984164057
243   -6.5204016628433 -2.16982572418141
244  -6.56268187304183 -2.15090435759609
245  -6.60430254738965 -2.13181411038462
246  -6.75757483235538 -2.05719472064005
247   -7.4968071787487 -1.58810405777209
248  -8.05035146721142 -1.00524972342713
249  -8.34797157946762 -0.333429772004965
250  -8.44269993537226 0.370181098816547
251  -8.34307810644823  1.05572613032396
252  -7.89774590871754  1.87330480565051
253  -7.11152006813101  2.45010289331586
254  -6.08947327086178  2.65739203442324
255  -5.06162669757033  2.49826044858241
256  -4.17671261878617  2.15602350898833
257  -3.36072092335978  1.75350490806795
258  -2.56098001024652  1.36404029754514
259   -1.7453158551463  1.04147010920771
260  -0.902245918062461 0.827689816305995
