// Id               X                Y
  1  -0.41082630438121  3.90443056669917
  2  0.650201280106183  3.90203660603457
  3   1.71023441420494  3.81359867232041
  4   2.75208786389411  3.63534624186976
  5    3.7536255168941  3.36360521553279
  6   4.72609228603026  2.97068996742852
  7    5.6694923270753  2.49421816050678
  8   6.59129288591742  1.99586142925675
  9   7.45143283617625  1.44701020526565
 10   8.14712890943039 0.760697125698744
 11   8.46947553473638 -0.256528578795587
 12   8.20945197049785 -0.771548981003173
 13   7.73287325281537 -1.02321391633981
 14   7.20919795719251 -0.94899017151927
 15   6.81649917254488 -0.609448773377669
 16   6.58828728535652 0.0430072344197937
 17   6.43559086512087 0.987561801452727
 18   6.38713237518081  1.09682609153137
 19   6.34121532070067  1.18737405098795
 20   6.29502683592575  1.26927841218065
 21   6.24665213827357  1.34747444924364
 22   6.19383366122649  1.42598440135508
 23   6.13505516595708  1.50658142965206
 24    6.0695446727308  1.58969709534537
 25   5.99694334002645   1.6750769415522
 26   5.91718707043137  1.76219275413737
 27   5.83038683257025  1.85041403798989
 28   5.73677270603765  1.93910976136913
 29    5.6366444095586  2.02769205110407
 30   5.53033962598522  2.11563770518677
 31   5.41821110719038  2.20249209140878
 32   5.30061389211394  2.28786597200821
 33   5.17789853244401  2.37142790246317
 34   5.05040900395676  2.45289630035526
 35   4.91848284984791  2.53203210598396
 36   4.78245234608469  2.60863300496074
 37   4.64264561202331  2.68252915712084
 38   4.49938712136577  2.75358029044731
 39   4.35299731267294  2.82167379968516
 40   4.20379125492284   2.8867234854341
 41   4.05207650156998  2.94866857629734
 42   3.89815040180858  3.00747273692967
 43   3.74229720756483  3.06312284561631
 44   3.58478531611083  3.11562742096347
 45    3.4258649274191   3.1650146706996
 46   3.26576629552803  3.21133021175981
 47   3.10469864416898  3.25463455958538
 48   2.94284972452052  3.29500050408637
 49   2.78038593129132   3.3325104852833
 50   2.61745286400902  3.36725406218908
 51   2.45417621669887  3.39932554285465
 52   2.29066289138812  3.42882181818684
 53   2.12700225031704   3.4558404207628
 54   1.96326744228056   3.4804778136675
 55   1.79951675681786  3.50282790316531
 56   1.63579497472211  3.52298076191315
 57   1.47213469450297  3.54102154541023
 58   1.30855762252431  3.55702958254765
 59   1.14507582025344  3.57107762076102
 60  0.981692906043193  3.58323120689002
 61  0.818405211648101   3.5935481860637
 62  0.655202895634367  3.60207830252872
 63  0.492071017244362  3.60886288817152
 64  0.328990575295265  3.61393462645915
 65  0.165939517437498  3.61731738157479
 66  0.00289372563968376  3.61902608461365
 67  -0.160172015856484  3.61906667080663
 68  -0.323283063632101  3.61743606383515
 69  -0.486463962649112  3.61412220538013
 70  -0.649737491692112  3.60910413010187
 71  -0.81312370024147  3.60235208827028
 72  -0.976638930567861  3.59382772024771
 73  -1.14029481920281  3.58348428896284
 74  -1.30409727243865  3.57126697839068
 75  -1.46804541116883  3.55711326785291
 76  -1.63213048123735  3.54095339364933
 77  -1.79633472659703  3.52271091108331
 78  -1.96063022409281  3.50230337129192
 79  -2.12497768076678  3.47964312833916
 80  -2.28932519748445  3.45463829263458
 81  -2.45360700676838  3.42719384667879
 82  -2.61774219845939   3.3972129380869
 83  -2.78163345474289  3.36459836234112
 84  -2.94516582667188  3.32925424315935
 85  -3.10820559781918   3.2910879110031
 86  -3.27059929666524  3.25001196934268
 87  -3.43217293612174   3.2059465233842
 88  -3.59273157271404  3.15882152732463
 89  -3.75205928372033  3.10857918553106
 90  -3.90991965056492  3.05517632407906
 91  -4.06605680366129  2.99858663783566
 92  -4.22019702385307   2.9388027222465
 93  -4.37205081227954  2.87583782515444
 94  -4.52131524753047  2.80972730592885
 95   -4.6676763682452  2.74052986458755
 96  -4.81081127487207  2.66832869440933
 97  -4.95038965362556  2.59323280508596
 98  -5.08607449679712  2.51537884890481
 99  -5.21752192426173  2.43493384373168
100  -5.34438020728403  2.35209921408917
101  -5.46628836649918   2.2671165211408
102  -5.58287509426068  2.18027506485563
103  -5.69375930543843  2.09192114929361
104  -5.79855415970152   2.0024678091666
105  -5.89687749202316  1.91240285676135
106  -5.98837106944075  1.82228975333339
107  -6.07273366602012  1.73275531663553
108  -6.14976848309178  1.64444835221655
109  -6.21945555059525   1.5579506204446
110  -6.28205769600003  1.47358644987241
111  -6.33829669466938  1.39103290248241
112  -6.38962233240162  1.30856643995355
113  -6.43834127611066  1.22211329583814
114  -6.48638626836923  1.12639659918314
115  -6.53609612454359  1.01178423346752
116  -6.67231308171769 0.0674097702542027
117  -6.87450280064922 -0.594211551000842
118  -7.24259793493464 -0.959579756549709
119  -7.75566377061541 -1.08325504070401
120  -8.25646529418268 -0.888441934710248
121  -8.57508523420163 -0.404253043203857
122  -8.34647582564483 0.633783762982749
123  -7.70129994270234  1.33913510340704
124   -6.9142460348486  1.86850244562024
125  -6.08856846558617   2.3251679522648
126  -5.25624281286575  2.76244714757213
127   -4.4074235663846  3.17374514004789
128  -3.42871074668408  3.50592654479279
129   -2.4215460748745   3.7254757546888
130  -1.43440790262525  3.83095997653666
131  -0.147425431806001  4.43628599172522
132  0.959500423221514  4.41329720391623
133   2.06036795248065  4.29738094274835
134   3.14696459898026   4.0871106890636
135   4.20440911823586   3.7607816066673
136   5.21979958013044  3.32209895361993
137   6.19698851235535  2.80414722484213
138   7.15311555833775   2.2429851075425
139   8.04847024361443   1.5817751146359
140   8.73088345179214 0.698974673863385
141   8.84870454555644 -0.407357111500491
142   8.62060504606559 -1.08205032920335
143   8.01800391513435 -1.46061901057045
144   7.30233727954644 -1.48175714743964
145   6.60993886543017 -1.30072265928236
146   6.08123455348121 -1.80318173270768
147   5.95446611729969 -1.85877692843891
148   5.80496030414985 -1.81134776001013
149   5.66384378436746 -1.74229317082037
150   5.52853153598229 -1.66253915973192
151   5.39885966795941 -1.57461584459155
152   5.27450244629487 -1.48099683854827
153   5.15477595079069 -1.38384843742524
154    5.0388450422648 -1.28488771701058
155   4.92585007292024 -1.18546391470917
156   4.81497535739117 -1.08664651337598
157   4.70549103161898 -0.989283116526517
158   4.59677708015477 -0.894037373373174
159   4.48833180501944 -0.801417780347625
160   4.37976751754815 -0.711802724358414
161   4.27079756787979 -0.625463323054623
162   4.16121909798782  -0.5425839210646
163   4.05089505523228 -0.463279728575364
164   3.93973771251217 -0.387611342016956
165   3.82769476713751 -0.315596276978193
166   3.71473829102649 -0.247217941094284
167   3.60085637487166 -0.18243260829971
168   3.48604713544821 -0.121174948544754
169   3.37031471290808 -0.0633625695206639
170   3.25366688601565 -0.00889989066156709
171   3.13611393615729 0.0423184651098625
172   3.01766839106827 0.090404682644811
173   2.89834529155771 0.135475153953976
174   2.77816266491932  0.17764827357275
175   2.65714196065075 0.217042629899668
176   2.53530829578821 0.253775570101483
177    2.4126904484063 0.287962093779375
178   2.28932061039178 0.319714016874449
179    2.1652339552415 0.349139344429477
180   2.04046809404815 0.376341796562143
181   1.91506249010873  0.40142044244747
182   1.78905788861151 0.424469408733562
183   1.66249580011578  0.44557763932859
184   1.53541805985936 0.464828691831743
185   1.40786647163113 0.482300561843946
186   1.27988253559139 0.498065530273201
187    1.1515072536156 0.512190031018939
188   1.02278100269618 0.524734537566499
189  0.893743465844975 0.535753467461575
190  0.764433610096384 0.545295103680759
191  0.634889702086112 0.553401531787614
192  0.505149352897371 0.560108591603103
193  0.375249585179738 0.565445842003677
194  0.245226916802798 0.569436537426235
195  0.115117456420498 0.572097614715807
196  -0.0150429927516923 0.573439689091743
197  -0.145218823925254 0.573467058215246
198  -0.275374514962634 0.572177713594945
199  -0.405474516006889  0.56956335884593
200  -0.535483138590906 0.565609434599566
201  -0.665364448402708   0.5602951501248
202  -0.795082164179787 0.553593521946065
203  -0.924599565689852 0.545471419908341
204  -1.05387941441809 0.535889621228825
205  -1.18288389140312 0.524802873073093
206  -1.31157455760958 0.512159964095104
207   -1.4399123432312 0.497903805191471
208  -1.56785757327743 0.481971519468847
209  -1.69537003753961 0.464294541169434
210  -1.82240911330461 0.444798723150728
211  -1.94893394862089 0.423404452641994
212  -2.07490371204106 0.400026775650181
213  -2.20027791097813 0.374575531897451
214  -2.32501677450428 0.346955504954324
215  -2.44908168713412 0.317066596735004
216  -2.57243564790444 0.284804042128573
217  -2.69504371493615 0.250058688390263
218  -2.81687338230401 0.212717374635821
219  -2.93789482816844 0.172663458168566
220  -3.05808097732079 0.129777544199252
221  -3.17740734458166 0.0839384807559225
222  -3.29585167253927 0.0350246783441076
223  -3.41339344686747 -0.0170841966588676
224  -3.53001345625504 -0.0725051214162033
225   -3.6456936474572 -0.131349186854983
226  -3.76041759534807 -0.193718610473736
227  -3.87417195751493 -0.259703225162999
228  -3.98694931918244 -0.329376297355388
229  -4.09875287052816 -0.402789406287354
230  -4.20960340160855 -0.479965967365464
231  -4.31954913082814 -0.560892837260925
232  -4.42867883563701 -0.645509344989901
233  -4.53713850628099 -0.733693113574597
234  -4.64515113239795 -0.825242222797766
235  -4.75303813367376 -0.919853600877924
236  -4.86123942722526 -1.01709783956757
237  -4.97032763375044 -1.11639044437053
238  -5.08101123899653 -1.21695803979836
239  -5.19412215956664 -1.31779430014465
240  -5.31058355074258 -1.41759445691901
241  -5.43134725236633 -1.51465663664504
242  -5.55726546625676 -1.60678213681278
243  -5.68886400245488 -1.69138842102403
244  -5.82651276349636 -1.76577336976271
245  -5.97348751842899 -1.81878203484276
246  -6.10066116614058 -1.76612339813427
247  -6.64280170225167 -1.27857243367954
248  -7.32281108404281 -1.50020189471419
249  -8.03833939920608 -1.52652921290647
250   -8.6699164762708 -1.19907636025572
251  -8.95156936404837 -0.547114933796658
252  -8.92768012788527 0.562773637142947
253  -8.29460588626039  1.47950661982886
254  -7.43455500432827  2.18492671208482
255  -6.48806762594442  2.76589632786903
256  -5.51175304978694  3.29439858255844
257  -4.50013192507827  3.75269516435297
258  -3.44410350606801  4.09202511124652
259  -2.35745107971292  4.30890906667253
260  -1.25312970602009   4.3938374800503
