// Id               X                Y
  1  -0.286628815354476  6.31985232812566
  2  0.769147740263604   6.2821247837083
  3   1.80891661313909  6.11493944814382
  4    2.8129732946642   5.8142009468563
  5   3.75532042448803  5.38055016875475
  6   4.60635048469763  4.82721328934194
  7   5.46113334485666  4.22009072145119
  8   6.36050162499139  3.68529613644808
  9    7.2897850208784  3.21980725653487
 10    8.1338059989317  2.74043976897304
 11   8.80729980401106  2.06380171170071
 12   8.96603397415464  1.55727321760857
 13    8.8809418775554  1.03530706801357
 14   8.53116389534785 0.641869772419018
 15   8.02556133845603   0.5166472083174
 16   7.52943030037624 0.674056180952361
 17   6.82563989147142   1.7512303760139
 18   6.67583289244028  1.99142954705025
 19   6.57953460614814  2.14404114350832
 20   6.50791888690146  2.25583008356747
 21   6.44802298949053  2.34794934961135
 22   6.39318933243218  2.43112367977684
 23   6.33966859350444  2.51110550606729
 24   6.28534037856714  2.59115191195815
 25   6.22878837536972  2.67310888793651
 26   6.16911736548161  2.75815401682429
 27   6.10562244853114  2.84695014713971
 28    6.0378162138716  2.93986757388185
 29   5.96530072767223  3.03703363060541
 30   5.88776229642434  3.13841734880739
 31   5.80493630848815  3.24385524885521
 32   5.71660164380554  3.35307695884577
 33   5.62257467887628  3.46571880963844
 34   5.52270934064629  3.58133587345202
 35   5.41689906486002  3.69941265463397
 36   5.30508021974507  3.81937438721139
 37   5.18723576163934  3.94059962361389
 38   5.06339815942198  4.06243449503846
 39   4.93365067593323  4.18420853443137
 40    4.7981263059523  4.30525153143332
 41   4.65700400055205  4.42491051370136
 42   4.51050224722002  4.54256569738669
 43   4.35887054522399  4.65764418968601
 44   4.20237970373227  4.76963040093536
 45     4.041312086069  4.87807251556059
 46   3.87595286818531  4.98258489459226
 47   3.70658309565568  5.08284680614502
 48    3.5334749086771  5.17859827568468
 49   3.35688888798613  5.26963403732683
 50   3.17707316378318  5.35579654621223
 51   2.99426377496265  5.43696883651005
 52   2.80868575743409  5.51306776281245
 53   2.62055453045008  5.58403791946416
 54   2.43007728215253  5.64984633945923
 55   2.23745418556146  5.71047794810858
 56   2.04287937926418  5.76593168105049
 57   1.84654171584181  5.81621715531249
 58   1.64862531913938  5.86135178860988
 59   1.44931000681638  5.90135828179078
 60   1.24877163540143  5.93626240288876
 61    1.0471824178006  5.96609103329516
 62  0.844711252253439  5.99087045467751
 63  0.641524089737411  6.01062486874263
 64  0.437784355249447  6.02537515097344
 65  0.233653428017498  6.03513784464932
 66  0.0292911769301364  6.03992440351234
 67  -0.175143459435734  6.03974069109367
 68  -0.379491863698688  6.03458674265798
 69  -0.583595119743679  6.02445679260836
 70  -0.787293400845245  6.00933956663556
 71  -0.990425383125311  5.98921883448721
 72  -1.19282769793366  5.96407421656443
 73  -1.39433443104762  5.93388223622035
 74  -1.59477666906077  5.89861761025673
 75   -1.7939820841828  5.85825477333425
 76  -1.99177453820624  5.81276963848755
 77    -2.187973675106  5.76214160628467
 78  -2.38239446052518  5.70635584982501
 79   -2.5748466169487   5.6454059216692
 80  -2.76513389865887   5.5792967508184
 81  -2.95305315545965  5.50804811992486
 82   -3.1383931556247  5.43169872878713
 83  -3.32093318500933  5.35031094934837
 84  -3.50044151820974  5.26397634486408
 85  -3.67667397062215   5.1728219441842
 86  -3.84937287605921  5.07701711713654
 87  -4.01826696303329  4.97678068806224
 88  -4.18307267431764  4.87238767573725
 89  -4.34349743116686  4.76417481473007
 90  -4.49924514413449  4.65254387567503
 91  -4.65002392141489  4.53796183921152
 92   -4.7955554915017  4.42095723177517
 93  -4.93558546001521    4.302112373984
 94  -5.06989328924189  4.18205182599928
 95  -5.19830090446557  4.06142780230721
 96  -5.32067909228952  3.94090364771994
 97  -5.43695128421516  3.82113655062848
 98  -5.54709479761397  3.70276052167064
 99  -5.65114003188797  3.58637033915344
100  -5.74916843305224  3.47250672422053
101    -5.841310245975  3.36164250603465
102  -5.92774322132562  3.25416897260324
103  -6.00869362424912   3.1503809199644
104  -6.08444122806308  3.05045797282213
105  -6.15533068171636  2.95443826167661
106  -6.22179309045377  2.86217787650248
107  -6.28438438912531  2.77328473759195
108  -6.34385202579267  2.68700688611644
109  -6.40125182320114  2.60203727431329
110  -6.45815844863237  2.51615921109333
111  -6.51705707168413  2.42557691788995
112  -6.58210727314952  2.32358715129403
113  -6.66073276556304  2.19777298025082
114  -6.76728911858361  2.02355830660105
115  -6.93377094853469  1.74689146406478
116   -7.5800946750677 0.738437238213662
117  -8.06255644572126 0.539376395044935
118  -8.57766362136579 0.613710709427714
119  -8.96491747012748 0.969239869100189
120  -9.09560481252174  1.48091916217184
121  -8.97090464332431  1.99652552736149
122  -8.31759621985943  2.69269696099876
123  -7.49478787843323   3.1628953770207
124  -6.64302285951842  3.57805852353956
125  -5.82276451094695  4.04419871986402
126  -5.04588046295199  4.58629751322046
127  -4.25477119270513  5.16369391058478
128  -3.34587978026742  5.64927192905146
129   -2.3653439497878  6.00587092471039
130  -1.33103933547998  6.19633619326659
131  -0.0475762675997504  6.85599597951135
132   1.04786879252606  6.80060296732279
133   2.12585554554283  6.60957846211162
134   3.16772956240463   6.2817053961287
135   4.15129962184571  5.81312087606506
136   5.05515657202233   5.2092739646296
137   5.94269552333053  4.58629654012273
138   6.87032246290626  4.02436261316102
139   7.83138713764589  3.51111487852407
140   8.73152298747968  2.88311717593494
141   9.36421876279695  1.97942599229147
142   9.45255596043802  1.29522600177043
143   9.24921831263541 0.639540729721242
144   8.76933810860187   0.1550114287886
145   8.16125501229256 -0.141687356943234
146    7.8614887827964 -0.74688418125505
147   7.70675121141979 -0.856634728724335
148   7.50473648389753 -0.93918567482748
149   7.29627379732196 -0.998743394197951
150   7.08388124225644 -1.03578843182712
151   6.87004329119902 -1.05100369254323
152   6.65708697940979 -1.04555345382276
153    6.4470072829625 -1.02091240734472
154   6.24140722607886 -0.978747063749519
155     6.041510670255 -0.920817136273164
156   5.84820011787126 -0.848899297814224
157   5.66204512676374 -0.764743567434253
158   5.48333177339592 -0.670043216481232
159   5.31209950023474 -0.566408563997103
160   5.14817964944297 -0.455348037329137
161   4.99123155347314 -0.338257574929319
162   4.84077540309163 -0.216416927318838
163   4.69622192064999 -0.090991125005062
164   4.55689902748322 0.0369642778334181
165   4.42207580317747 0.166495346345344
166   4.29098418612448 0.296740322649016
167   4.16283894971689  0.42691952598009
168   4.03685646341678  0.55632543125104
169   3.91227260096075 0.684313668456879
170   3.78835989630126 0.810295569842823
171   3.66444370385538 0.933732726773097
172   3.53991676098438  1.05413378254039
173   3.41425127604803  1.17105338281053
174   3.28700757897085  1.28409287007109
175   3.15783854009169  1.39290201489739
176    3.0264893772066   1.4971809092755
177   2.89279303203847  1.59668116424872
178   2.75666185115582  1.69120575705281
179   2.61807670295224  1.78060720001932
180   2.47707481520536  1.86478405602715
181   2.33373752764211  1.94367610908161
182   2.18817889143648  2.01725865839964
183   2.04053571192153   2.0855364343115
184   1.89095930998098  2.14853756603449
185   1.73960902603054  2.20630791197784
186   1.58664732665457  2.25890593550029
187   1.43223629022984  2.30639820111025
188   1.27653522385684  2.34885549010159
189   1.11969917705931  2.38634949064818
190  0.961878149257587  2.41894999897442
191   0.80321682507227  2.44672256690623
192  0.643854706617187  2.46972653920161
193  0.483926541678283   2.4880134358608
194  0.323562970150806  2.50162564654442
195  0.162891328733913  2.51059541444582
196  0.00203656658153824  2.51494409483997
197  -0.158877766646583  2.51468167915281
198  -0.319728493290256  2.50980657922238
199  -0.48039177068181  2.50030566906144
200  -0.640742073782277  2.48615458353542
201  -0.800651228001761  2.46731827559918
202  -0.959987526435832  2.44375183675626
203   -1.1186149721324  2.41540158988317
204   -1.2763926957171  2.38220647010588
205  -1.43317461262498  2.34409971845236
206  -1.58880940332273   2.3010109245119
207  -1.74314092514114  2.25286846744887
208  -1.89600919588646  2.19960241721707
209  -2.04725212589618  2.14114796556393
210  -2.19670821237383  2.07744945302235
211  -2.34422043890115  2.00846503526808
212  -2.48964162938563  1.93417198131045
213  -2.63284146893767  1.85457251126077
214  -2.77371530094821   1.7696999651781
215  -2.91219462102097  1.67962496267821
216  -3.04825891180632  1.58446109851341
217  -3.18194812552677  1.48436966872335
218  -3.31337478838269  1.37956298210576
219  -3.44273446913556  1.27030600791607
220  -3.57031332131538  1.15691642466658
221  -3.69649163139217  1.03976349753117
222  -3.82174276034887 0.919266520868926
223  -3.94662744241403 0.795893721832148
224  -4.07178394045938 0.670162482773436
225  -4.19791490532011 0.542641522710245
226  -4.32577187112673 0.413955352169168
227  -4.45613815818338 0.284790967579083
228  -4.58981063594107 0.155906446967593
229  -4.72758043210633 0.0281408763513331
230  -4.87021235418349 -0.0975751297047161
231  -5.01842257455345 -0.220209173197232
232  -5.17285404151999 -0.338618049510524
233  -5.33404911569764 -0.451541026530287
234  -5.50241908273448 -0.557596600459173
235  -5.67821043107286 -0.655284006036512
236  -5.86146805647885 -0.74299088188635
237  -6.05199592731786 -0.81900859290805
238  -6.24931635857283 -0.881556705211198
239  -6.45262960071175 -0.928818421233731
240  -6.66077645057143 -0.958989761638109
241  -6.87221003603144 -0.970347056761216
242  -7.08499098569613 -0.961342710481396
243  -7.29684194702183 -0.930749894991231
244  -7.50533665040883 -0.877873401703874
245  -7.70801907937365 -0.80232099514898
246  -7.86938216859828 -0.699644438799825
247  -8.20819500280444 -0.116564829575675
248  -8.83692938068939 0.138668110127201
249  -9.34669391451585 0.591848938895869
250  -9.58109023126442  1.23623073799531
251  -9.50419609135085  1.92240851259186
252  -8.90838045826147  2.85129550742975
253  -8.01257698391544  3.49097801132254
254  -7.05553995769094  4.02493066517426
255  -6.10951608686522     4.57515645659
256  -5.19376755592674  5.17682450173948
257  -4.26805619456387  5.76913969636565
258  -3.27657028647479  6.24652616842088
259  -2.22733988578805  6.58004958567443
260  -1.14129659341966  6.75593957438108
