// Id               X                Y
1 0.00 1.20
2 0.30 1.19
3 0.59 1.15
4 0.87 1.08
5 1.13 0.99
6 1.36 0.88
7 1.56 0.75
8 1.73 0.60
9 1.86 0.44
10 1.95 0.27
11 1.99 0.09
12 2.00 0.05
13 2.00 0.02
14 2.00 -0.02
15 2.00 -0.05
16 1.99 -0.09
17 1.99 -0.13
18 1.98 -0.16
19 1.97 -0.20
20 1.96 -0.23
21 1.95 -0.27
22 1.94 -0.30
23 1.92 -0.34
24 1.90 -0.37
25 1.88 -0.40
26 1.86 -0.44
27 1.84 -0.47
28 1.81 -0.50
29 1.79 -0.54
30 1.76 -0.57
31 1.73 -0.60
32 1.70 -0.63
33 1.67 -0.66
34 1.64 -0.69
35 1.60 -0.72
36 1.56 -0.75
37 1.53 -0.78
38 1.49 -0.80
39 1.45 -0.83
40 1.40 -0.85
41 1.36 -0.88
42 1.32 -0.90
43 1.27 -0.93
44 1.22 -0.95
45 1.18 -0.97
46 1.13 -0.99
47 1.08 -1.01
48 1.03 -1.03
49 0.97 -1.05
50 0.92 -1.07
51 0.87 -1.08
52 0.81 -1.10
53 0.76 -1.11
54 0.70 -1.12
55 0.65 -1.14
56 0.59 -1.15
57 0.53 -1.16
58 0.47 -1.17
59 0.42 -1.17
60 0.36 -1.18
61 0.30 -1.19
62 0.24 -1.19
63 0.18 -1.20
64 0.12 -1.20
65 0.06 -1.20
66 -0.00 -1.20
67 -0.06 -1.20
68 -0.12 -1.20
69 -0.18 -1.20
70 -0.24 -1.19
71 -0.30 -1.19
72 -0.36 -1.18
73 -0.42 -1.17
74 -0.47 -1.17
75 -0.53 -1.16
76 -0.59 -1.15
77 -0.65 -1.14
78 -0.70 -1.12
79 -0.76 -1.11
80 -0.81 -1.10
81 -0.87 -1.08
82 -0.92 -1.07
83 -0.97 -1.05
84 -1.03 -1.03
85 -1.08 -1.01
86 -1.13 -0.99
87 -1.18 -0.97
88 -1.22 -0.95
89 -1.27 -0.93
90 -1.32 -0.90
91 -1.36 -0.88
92 -1.40 -0.85
93 -1.45 -0.83
94 -1.49 -0.80
95 -1.53 -0.78
96 -1.56 -0.75
97 -1.60 -0.72
98 -1.64 -0.69
99 -1.67 -0.66
100 -1.70 -0.63
101 -1.73 -0.60
102 -1.76 -0.57
103 -1.79 -0.54
104 -1.81 -0.50
105 -1.84 -0.47
106 -1.86 -0.44
107 -1.88 -0.40
108 -1.90 -0.37
109 -1.92 -0.34
110 -1.94 -0.30
111 -1.95 -0.27
112 -1.96 -0.23
113 -1.97 -0.20
114 -1.98 -0.16
115 -1.99 -0.13
116 -1.99 -0.09
117 -2.00 -0.05
118 -2.00 -0.02
119 -2.00 0.02
120 -2.00 0.05
121 -1.99 0.09
122 -1.95 0.27
123 -1.86 0.44
124 -1.73 0.60
125 -1.56 0.75
126 -1.36 0.88
127 -1.13 0.99
128 -0.87 1.08
129 -0.59 1.15
130 -0.30 1.19
131 0.00 3.00
132 0.75 2.97
133 1.47 2.87
134 2.17 2.70
135 2.82 2.48
136 3.40 2.20
137 3.91 1.87
138 4.33 1.50
139 4.65 1.10
140 4.87 0.67
141 4.99 0.22
142 4.99 0.13
143 5.00 0.04
144 5.00 -0.04
145 4.99 -0.13
146 4.99 -0.22
147 4.97 -0.31
148 4.95 -0.40
149 4.93 -0.49
150 4.91 -0.58
151 4.87 -0.67
152 4.84 -0.75
153 4.80 -0.84
154 4.76 -0.93
155 4.71 -1.01
156 4.65 -1.10
157 4.60 -1.18
158 4.54 -1.26
159 4.47 -1.34
160 4.40 -1.42
161 4.33 -1.50
162 4.25 -1.58
163 4.17 -1.65
164 4.09 -1.73
165 4.00 -1.80
166 3.91 -1.87
167 3.81 -1.94
168 3.72 -2.01
169 3.61 -2.07
170 3.51 -2.14
171 3.40 -2.20
172 3.29 -2.26
173 3.18 -2.32
174 3.06 -2.37
175 2.94 -2.43
176 2.82 -2.48
177 2.69 -2.53
178 2.56 -2.58
179 2.43 -2.62
180 2.30 -2.66
181 2.17 -2.70
182 2.03 -2.74
183 1.90 -2.78
184 1.76 -2.81
185 1.62 -2.84
186 1.47 -2.87
187 1.33 -2.89
188 1.19 -2.91
189 1.04 -2.93
190 0.89 -2.95
191 0.75 -2.97
192 0.60 -2.98
193 0.45 -2.99
194 0.30 -2.99
195 0.15 -3.00
196 -0.00 -3.00
197 -0.15 -3.00
198 -0.30 -2.99
199 -0.45 -2.99
200 -0.60 -2.98
201 -0.75 -2.97
202 -0.89 -2.95
203 -1.04 -2.93
204 -1.19 -2.91
205 -1.33 -2.89
206 -1.47 -2.87
207 -1.62 -2.84
208 -1.76 -2.81
209 -1.90 -2.78
210 -2.03 -2.74
211 -2.17 -2.70
212 -2.30 -2.66
213 -2.43 -2.62
214 -2.56 -2.58
215 -2.69 -2.53
216 -2.82 -2.48
217 -2.94 -2.43
218 -3.06 -2.37
219 -3.18 -2.32
220 -3.29 -2.26
221 -3.40 -2.20
222 -3.51 -2.14
223 -3.61 -2.07
224 -3.72 -2.01
225 -3.81 -1.94
226 -3.91 -1.87
227 -4.00 -1.80
228 -4.09 -1.73
229 -4.17 -1.65
230 -4.25 -1.58
231 -4.33 -1.50
232 -4.40 -1.42
233 -4.47 -1.34
234 -4.54 -1.26
235 -4.60 -1.18
236 -4.65 -1.10
237 -4.71 -1.01
238 -4.76 -0.93
239 -4.80 -0.84
240 -4.84 -0.75
241 -4.87 -0.67
242 -4.91 -0.58
243 -4.93 -0.49
244 -4.95 -0.40
245 -4.97 -0.31
246 -4.99 -0.22
247 -4.99 -0.13
248 -5.00 -0.04
249 -5.00 0.04
250 -4.99 0.13
251 -4.99 0.22
252 -4.87 0.67
253 -4.65 1.10
254 -4.33 1.50
255 -3.91 1.87
256 -3.40 2.20
257 -2.82 2.48
258 -2.17 2.70
259 -1.47 2.87
260 -0.75 2.97