// Id               X                Y
  1    -0.305384375378  12.7741286569147
  2  0.746152307628465  12.7366107897868
  3   1.79247638161525   12.517703711157
  4   2.76893032537897   12.124280378046
  5   3.61550890241131  11.6482272820612
  6   4.38231429019095  11.0575453393574
  7     5.098091346096  10.3345444292441
  8    5.7836274667396  9.64754224457581
  9   6.48310461624049   8.9875793553734
 10   7.18452549987657  8.35190444875394
 11    7.8659303481827  7.71550441621312
 12   8.23138436359458  7.31592594434834
 13   8.58409452158423  6.79453601661086
 14    8.7450980216081  6.13162816707773
 15    8.4186675974875  5.53261141754991
 16   7.62181118582001  5.68901178915845
 17   7.40211938665003  5.81894710314028
 18   7.27668535604623  5.91084102444576
 19   7.15855883707608  6.01185816372259
 20   7.04578720692196  6.12384207550153
 21   6.93694300473271  6.24883450754253
 22   6.83244452948792  6.38685444035998
 23   6.73267052180803  6.53725395834441
 24   6.63702803944265  6.70028909440019
 25   6.53941339009248  6.88707297142836
 26    6.4471805622904  7.08232715505821
 27   6.35958000431685  7.28299237965156
 28   6.27513112276814   7.4873006666836
 29   6.19224196689196   7.6939578176715
 30   6.10937649196993  7.90195005823839
 31   6.02512650083993  8.11044587739521
 32   5.93824437450522  8.31873367197885
 33   5.84765512964872   8.5261806799016
 34   5.75245700300376  8.73220686845951
 35   5.65191541601909  8.93626950602451
 36   5.54545306438091  9.13785517113498
 37   5.43263767363334  9.33647665834108
 38   5.31316833556707  9.53167282278066
 39   5.18686102079735  9.72300988706627
 40   5.05363372257043   9.9100831390333
 41   4.91349163376837    10.09251829057
 42   4.76651273950283  10.2699720568424
 43   4.61283418785227  10.4421317558731
 44   4.45263976384669  10.6087139207091
 45   4.28614873093955  10.7694620587452
 46   4.11360622335901  10.9241437845709
 47   3.93527527954686  11.0725475970547
 48   3.75143051433844  11.2144795735035
 49    3.5623533411163  11.3497602257358
 50   3.36832859288929  11.4782217098449
 51   3.16964233663256  11.5997055268208
 52   2.96658066853128  11.7140607792838
 53   2.75942924485989  11.8211430142701
 54   2.54847336400143  11.9208136039029
 55   2.33399836161017  12.0129396371678
 56   2.11629022512486  12.0973941923283
 57   1.89563620187445  12.1740569704419
 58   1.67232542960073  12.2428150996613
 59   1.44664935905985  12.3035641502647
 60   1.21890212338647   12.356209120203
 61  0.989380609011044  12.4006655194641
 62   0.75838447869317  12.4368602702025
 63   0.52621589749466  12.4647326425781
 64  0.293179245047034  12.4842349106927
 65  0.0595805948296876  12.4953330210454
 66  -0.174272798252536  12.4980069372163
 67  -0.408073143933335  12.4922509940668
 68  -0.641512754578129  12.4780739170193
 69  -0.874284701372706  12.4554988497814
 70  -1.10608346948065   12.424563053225
 71  -1.33660551565442  12.3853176065729
 72  -1.56554981784898   12.337826800789
 73  -1.79261822799299  12.2821675298088
 74  -2.01751578782185  12.2184284206243
 75  -2.23995078447428  12.1467089752512
 76  -2.45963473362493  12.0671185388839
 77  -2.67628209700444  11.9797753312894
 78  -2.88960992150327  11.8848054407514
 79  -3.09933728664687  11.7823419809577
 80  -3.30518474100764  11.6725243892079
 81  -3.50687371884616  11.5554980289589
 82  -3.70412612425711  11.4314141271226
 83   -3.8966641789667     11.3004301637
 84  -4.08421074419897  11.1627107497732
 85  -4.26649029428129   11.018429044062
 86  -4.44323077066429  10.8677686932172
 87  -4.61416652453488  10.7109262474462
 88   -4.7790425525943  10.5481139388685
 89  -4.93762018754474  10.3795626577469
 90  -5.08968435195546  10.2055249094696
 91  -5.23505240865045  10.0262775026128
 92   -5.3735845565572  9.84212371103669
 93  -5.50519563321238  9.65339468241702
 94  -5.62986810549889  9.46044993821549
 95  -5.74766596677347  9.26367693045731
 96  -5.85874921633602  9.06348979012594
 97   -5.9633885736472   8.8603276205982
 98   -6.0619800620848  8.65465295834069
 99  -6.15505905840028  8.44695134677623
100  -6.24331329770617  8.23773335820807
101  -6.32759407366549   8.0275408692635
102   -6.4089243569873  7.81695996794778
103  -6.48850157148221   7.6066435710477
104  -6.56769096854111  7.39734772849832
105  -6.64800223110269  7.18998704884494
106  -6.73103517054002  6.98571879233511
107  -6.81836134738232  6.78608503606606
108  -6.91120685262595  6.59339116686997
109  -7.00396085128946  6.42151337088998
110  -7.09880329787173  6.26584593273911
111  -7.19806733677756  6.12256774081454
112  -7.30156707251989  5.99202094075002
113  -7.40901565450022  5.87402559847561
114  -7.52188032966573  5.76629718706288
115  -7.64212204570689   5.6667498311034
116  -7.85306564084043  5.52254284489436
117  -8.63648999286898  5.30437997756625
118  -9.00921528185079  5.87013653884004
119  -8.89675006342762  6.54040469293753
120  -8.58940112352503  7.06375485903312
121  -8.24776565210293  7.47794526330305
122  -7.59122930657268  8.13477023093591
123  -6.90928984065813   8.7804233591884
124  -6.22650747516273      9.4414354627
125  -5.56024499358283  10.1252071376148
126  -4.89681591457563  10.8240295694653
127  -4.16000268179185  11.4529788709921
128  -3.33508219849062    11.97103090846
129  -2.42430226346801  12.3833828694449
130  -1.37350497952759  12.6278576800085
131  -0.259722020706538  13.3557013404683
132  0.810165624050604  13.3138085509838
133   1.85841422140199  13.0966480537324
134   2.86202380336665  12.7176672965686
135   3.80320295202854  12.2008343646233
136   4.66668450404275  11.5598647913008
137   5.45758472315873  10.8295603918461
138    6.2228160324381  10.0777560471305
139   6.99395569229492  9.33343030137317
140   7.76083347879277  8.57433729699906
141    8.4511917894795  7.72791307688144
142   8.77475813582659  7.11211179134777
143   8.98400526919725  6.44404788065817
144   9.09680590131896    5.761889338267
145   9.17776328733455  5.21855636753316
146   9.37385062762048  4.45983510671856
147   9.31597386467646  3.79181734665213
148   9.01778828847958  3.46452426651589
149   8.62076038586512   3.2915735934798
150   8.20304829640875  3.24698681809142
151   7.81463745953775  3.28681372636653
152   7.46059373502455  3.37831233260631
153   7.13387786284315  3.50611219273979
154   6.82861513716297  3.66332189116342
155   6.54474194635223  3.84371837728654
156    6.2795735687121  4.04352221596953
157   6.03298331115677  4.25787915424004
158   5.80426759129503  4.48245195764337
159   5.59219337161637  4.71355365997018
160   5.39519232024943  4.94810555720709
161   5.21151746842066  5.18356331432322
162   5.03935845804886  5.41784446944463
163   4.87692620557244  5.64926404992151
164   4.72251451374384  5.87647796271908
165   4.57454280103593  6.09843289455242
166   4.43158266772692    6.314321877431
167   4.29237073564011  6.52354503157753
168   4.15581031618872   6.7256750907671
169   4.02096456615761  6.92042726028185
170   3.88704373678429  7.10763287993766
171   3.75338890041585  7.28721633197747
172   3.61945419781395  7.45917466916385
173   3.48478923298024  7.62355952860777
174      3.34902282723  7.78046104305156
175   3.21184887328446  7.92999355771232
176   3.07301479824423  8.07228320869857
177   2.93231244522682  8.20745713752756
178   2.78957187975988  8.33563506756427
179   2.64465630198535  8.45692168313431
180   2.49746082794898  8.57140339666687
181   2.34790837796191  8.67914176759049
182   2.19595410593883  8.78017877356133
183   2.04157703716864   8.8745246344894
184    1.8847935860589  8.96218022559089
185   1.72563747947506  9.04310471273936
186   1.56418852153428  9.11727268424471
187   1.40053291156673  9.18459708514344
188   1.23481299805525  9.24504778830201
189   1.06716414210536  9.29849883229393
190   0.89778530826672  9.34493764155385
191  0.726857428243044  9.38420950719727
192  0.554624703723537  9.41633658262611
193  0.381309354069611  9.44114971007515
194  0.207184992643892  9.45871409753564
195  0.0325082072828405   9.4688643137026
196  -0.142436015050856  9.47170708284356
197  -0.317367922290348  9.46709987694915
198  -0.492008406121126  9.45518111699064
199  -0.666069914496605  9.43584704372781
200  -0.839293206979729  9.40925308854657
201  -1.01140069771036  9.37534291724027
202  -1.18216297578531  9.33427333278918
203  -1.35133014004392  9.28603456518322
204  -1.51870958496026  9.23077108144253
205  -1.68409444308406  9.16850904423461
206  -1.84733463426859   9.0993696675556
207  -2.00827752578062  9.02339658913336
208  -2.16682088313387  8.94067877780016
209   -2.3228723856333  8.85125503109409
210  -2.47638196793273  8.75517398962612
211  -2.62731884700965  8.65244859020832
212  -2.77568752318863   8.5430804774803
213  -2.92151700833262  8.42704200139971
214  -3.06486735718893  8.30428515096908
215  -3.20582607951067  8.17473719746895
216  -3.34451137294929  8.03830575423422
217  -3.48107315658134   7.8948814997223
218  -3.61569735886062  7.74434461181072
219  -3.74861131166493  7.58657211767121
220  -3.88009179625945  7.42144739122291
221  -4.01047540110033  7.24887120601701
222  -4.14017142160838  7.06877450157981
223  -4.26967694421238  6.88113278725583
224  -4.39959355239586  6.68598231371476
225  -4.53064467978753  6.48343823508184
226  -4.66369226842284  6.27371513117108
227  -4.79975102365364  6.05715036979465
228  -4.93999826273696  5.83423086478697
229  -5.08577717953479  5.60562381818479
230  -5.23859134956288  5.37221205570194
231  -5.40008849353391  5.13513465744344
232  -5.57203180122032  4.89583392113848
233  -5.75625711753587  4.65611052652154
234  -5.95461313931869  4.41819027392865
235   -6.1688779824132  4.18480740248811
236  -6.40063800266055  3.95930807644287
237   -6.6511099350864  3.74576244835432
238  -6.92094100475048  3.54900983869709
239  -7.21298205009719  3.37297378041181
240  -7.52855394762428  3.22380477694407
241  -7.87335013506244  3.10855107023335
242  -8.25590722113842  3.04190074514854
243  -8.67384241421679  3.05672699820886
244   -9.0805754839701  3.20015678011056
245  -9.40075916374367  3.50351991837352
246  -9.50879190634638  4.16404938167223
247  -9.37127972093194  4.93514946340674
248  -9.33294373735249  5.47559051747427
249  -9.27233289779113  6.16140166136721
250   -9.1107409720274  6.83957785986404
251  -8.82476837879322  7.47059781178558
252  -8.17258256819227  8.34266695349696
253  -7.42655895132034  9.11728098236166
254   -6.6692861574699  9.86858824342059
255  -5.91454873190277  10.6240919493406
256  -5.13365384650918  11.3608732382339
257  -4.28715994466709   12.024052806811
258  -3.36037102703717   12.567051538111
259  -2.36486690190411  12.9712112154112
260  -1.32626251033552  13.2343352498424
