// Id               X                Y
  1  -0.100316028665003  3.35836606485852
  2  0.843500066538891  3.33977548756326
  3   1.86435754004759  3.21209757459759
  4   2.78574832780668  3.01819116814805
  5   3.66887591695501  2.77704666076623
  6   4.53761619579396  2.52988565180904
  7    5.4192444147644  2.32784739432063
  8   6.30998528536615  2.17162598461128
  9   7.20140772412208  2.03433875374841
 10   8.08425768494333  1.87029627459427
 11   8.94640903828767  1.61230743500528
 12   9.38574685414487  1.36810975926986
 13   9.76722532445459  1.01136320236079
 14   10.0031700484961 0.448308084909557
 15   9.85748371442632 -0.0766401955785373
 16   9.13590542887334 -0.309704715033049
 17   8.62142975545086 -0.202665380841954
 18   8.53249027942901 -0.173345899957594
 19   8.47500072162933 -0.152695872841088
 20    8.4201266490248 -0.131745908494795
 21   8.36341474792572 -0.108868723384336
 22   8.29691896336864 -0.0804646037981106
 23   8.21629190532886 -0.0438177176819382
 24   8.12074416954285 0.00262167862458767
 25   8.01141010340413 0.0595332380610202
 26   7.89015530863924 0.126982716293218
 27   7.75893343790784 0.204564915250847
 28   7.61955323557592 0.291464813266565
 29   7.47371700724402 0.386441915643128
 30   7.32303074200565   0.4878869216079
 31   7.16867007174193 0.594167920382318
 32   7.01114533852227 0.703948022477856
 33   6.85049985469252 0.816169137401805
 34   6.68654982596374 0.929950043476026
 35   6.51900581346241   1.0445347308535
 36   6.34753895364485  1.15926382660525
 37   6.17182917367264   1.2735509708961
 38   5.99160513547575  1.38686210074099
 39    5.8066775111178  1.49869929424703
 40   5.61696394598301   1.6085911291289
 41   5.42250315506437  1.71609035186734
 42   5.22345661239395  1.82077783216377
 43   5.02009840104298  1.92227023975577
 44     4.812795857177  2.02022832615947
 45   4.60198483378906  2.11436320412595
 46    4.3881435068921  2.20443915852704
 47   4.17176791789015  2.29027272602976
 48   3.95335133940075  2.37172865805274
 49    3.7333684451772  2.44871381328674
 50      3.51226435618  2.52117009085093
 51   3.29044795171942  2.58906736743396
 52   3.06828830250878  2.65239717853455
 53   2.84611262663918  2.71116765573128
 54   2.62420384485574  2.76539998944889
 55   2.40279592333428  2.81512636300373
 56   2.18206625114341  2.86038885274538
 57   1.96212656558247  2.90123831926833
 58     1.743016613537  2.93773216213903
 59   1.52470575940528  2.96993033159637
 60   1.30710538365536  2.99789008842117
 61   1.09009008487843  3.02166096116622
 62  0.873521756565001  3.04128143715693
 63  0.657270091135534  3.05677813716565
 64  0.441225498015938   3.0681672070777
 65  0.225303573181517   3.0754570111657
 66  0.00944242444597727  3.07865107656407
 67  -0.20640499633624  3.07775043639415
 68  -0.422281374407798  3.07275482575946
 69  -0.638236315956993   3.0636624831615
 70  -0.854336416398621  3.05046859120737
 71  -1.07067186290578  3.03316269362602
 72  -1.28735713008286  3.01172576555462
 73  -1.50452370228137  2.98612791938616
 74   -1.7223042756485  2.95632781418932
 75  -1.94081067915093  2.92227447591492
 76  -2.16011081110559  2.88391137872041
 77  -2.38021113759171   2.8411816498942
 78  -2.60104914991768  2.79403281741136
 79   -2.8224955712557  2.74242001580523
 80  -3.04436220652254  2.68630764015208
 81  -3.26641053445953  2.62567030147639
 82  -3.48835802811126  2.56049414212041
 83  -3.70988171422879  2.49077926041491
 84  -3.93062014881094  2.41654354316534
 85  -4.15017555090697  2.33782784440099
 86  -4.36811772360085   2.2547022081102
 87  -4.58399102921872  2.16727264723235
 88  -4.79732526672579  2.07568780937972
 89  -5.00765082123728  1.98014468843262
 90   -5.2145178431878  1.88089245024794
 91  -5.41751841941315  1.77823354418409
 92  -5.61630976763661   1.6725216834291
 93  -5.81063560146409  1.56415703472979
 94   -6.0003422765833   1.4535799405315
 95  -6.18538645994851    1.341265385624
 96  -6.36583200649143  1.22772079087285
 97  -6.54183524547752  1.11348927158888
 98   -6.7136192946697 0.999159332650001
 99  -6.88143841171543 0.885380653765366
100  -7.04553180300603 0.772885046762185
101  -7.20606052079934 0.662513650286828
102   -7.3629961859897 0.555265837854961
103  -7.51587763546299 0.452414214831397
104  -7.66356300672435 0.355572883120389
105  -7.80448862424159 0.266378905647626
106  -7.93706993861501 0.186107231461971
107    -8.059664597354 0.115631704599053
108  -8.17049168608956 0.0554595194328426
109   -8.2678339426582 0.00566521913775981
110  -8.35064969075698 -0.0342824775051442
111  -8.41974220117391 -0.0658244118189316
112  -8.47939762033765 -0.0917057809086981
113  -8.53759249219172 -0.115715760706167
114  -8.59891973192599 -0.139665172075087
115  -8.69555763084686 -0.174531600977678
116   -9.2085650720591 -0.300624557849745
117  -9.94242763631853 -0.103500787937679
118  -10.1159945966359 0.409818522371609
119  -9.91639661803673 0.975522228705667
120  -9.55573555826863  1.34937410320694
121  -9.12921001468194  1.60969146366358
122  -8.27593366310643  1.88665774624292
123  -7.39724457871457  2.05432034805561
124  -6.50878419292426  2.18381700626321
125  -5.62032169741074  2.32532923322157
126  -4.74025592923251  2.50999343919494
127  -3.87381365075623  2.74202877819825
128  -3.00148024604804  2.98322705256202
129   -2.0986137953855  3.17754059568889
130  -1.07339052399663  3.28205293341338
131  -0.0944084411682651  3.94823891710256
132  0.864425883501581  3.92362612664529
133   1.81396933130511  3.80680713781497
134   2.75856019820748  3.61779657242991
135   3.69267739582541  3.38376362551907
136   4.61871900403319   3.1420571285507
137   5.54168908217079  2.93460541367054
138    6.4739861861998  2.76871761887937
139   7.42417062042587  2.61130189461221
140   8.44163379012434  2.36815936980071
141   9.39914620545057   1.9096302679323
142    9.9008236186007  1.46586325792668
143   10.2774846648129 0.925548623193534
144   10.4962867899158 0.426134174338014
145   10.6391677793351 -0.0632852275545996
146   10.7845548399961 -0.710152980602725
147    10.773543945549 -1.85222523176286
148   10.5632030301042 -2.24529183120018
149   10.2803868257662  -2.5525935423182
150   9.95086985699544 -2.77978409143239
151   9.59298269518433 -2.93394469022544
152    9.2263856174488 -3.02185455587541
153   8.86672986570013 -3.05395390442316
154   8.52298417967019 -3.04217908357345
155   8.19876017934049  -2.9973843879776
156   7.89450747296122 -2.92835426819125
157   7.60912463579016 -2.84184318930115
158   7.34081043140146 -2.74292775660276
159   7.08736870688273 -2.63531504227112
160   6.84639403385995 -2.52160682256261
161   6.61573777462611 -2.40371580997547
162   6.39383143718842 -2.28325789864439
163   6.17954061003027 -2.16166065708557
164   5.97196317593292 -2.04015556422947
165   5.77034042028506   -1.919783259093
166   5.57401717357736 -1.80140715211022
167   5.38241372483098   -1.685725451006
168   5.19500040946614 -1.57328101293156
169   5.01127380201939 -1.46447099238248
170   4.83073641716478 -1.35955880234605
171   4.65288258420695 -1.25869026458229
172   4.47719227370591 -1.16191431289326
173   4.30313292733595 -1.06920695919574
174   4.13016771773201 -0.980496165464739
175     3.957767749486 -0.895685083299105
176    3.7854255985002 -0.814671657595887
177   3.61266802748744 -0.737363457984106
178   3.43906638918212 -0.663687460488989
179   3.26424390799437 -0.59359516655728
180   3.08787962309696 -0.527063872838648
181   2.90970929343773 -0.464095127299963
182   2.72952406720988 -0.404711477821811
183   2.54716823491152 -0.348952566789696
184   2.36253780960928 -0.296871431541424
185   2.17558166159161 -0.248531484650958
186   1.98630594134011 -0.204004063317403
187   1.79478029435313 -0.163365828972882
188   1.60114172124163 -0.126695080332078
189   1.40559094356889 -0.0940666009479716
190   1.20837852407163 -0.065545823224412
191   1.00978280729314 -0.0411840039400547
192   0.81008563540721 -0.0210159930597842
193    0.6095522493384 -0.00506113953352723
194  0.408419305884054 0.00667329427939285
195  0.206891770607478 0.0141874917242318
196  0.005147275895645 0.0174845367048726
197  -0.19665430915732 0.0165669732522944
198  -0.398358372798925 0.0114350859663212
199  -0.599802220403338 0.00208717156606139
200  -0.800803007843431 -0.0114782353563537
201  -1.00114929031545 -0.0292585529215945
202  -1.20059872423571 -0.0512425286659874
203  -1.39888409050484 -0.0774059738549753
204  -1.59572828980707 -0.107709221885766
205  -1.79086616641401 -0.142097375588883
206  -1.98406793240888 -0.180503488986484
207  -2.17515766426779  -0.2228536479343
208  -2.36402243483014 -0.269072243438903
209  -2.55061221452606 -0.319086102928955
210  -2.73493457298742 -0.372827234842877
211   -2.9170490298533 -0.430234870068719
212   -3.0970640369769 -0.491257689529165
213  -3.27513706871424 -0.555856726031027
214   -3.4514766660858 -0.624008843254273
215  -3.62634478140936 -0.695710225294576
216  -3.80005797166232 -0.770979033163909
217  -3.97298643549167 -0.849856261452324
218  -4.14555034991802 -0.93240381523417
219  -4.31821339690177 -1.01869891909474
220  -4.49147381781472 -1.10882419615259
221   -4.6658538367738 -1.20285315416698
222  -4.84188884345665 -1.30083140135055
223   -5.0201182323948  -1.4027546290902
224  -5.20108007983732 -1.50854507643595
225  -5.38531168154142 -1.61802856363207
226  -5.57335724495482 -1.73091397535726
227  -5.76578286252528 -1.84677619261249
228  -5.96319779090149 -1.96504215530462
229  -6.16628080145902 -2.08497852556465
230  -6.37581188795145 -2.20567891959947
231   -6.5927152973737 -2.32604985265437
232   -6.8181452265574 -2.44480359686854
233  -7.05369984169165  -2.5604775796104
234  -7.30162996888347 -2.67136082069298
235  -7.56450325483048 -2.77507967489789
236  -7.84467801951329 -2.86813523283073
237  -8.14415579265817 -2.94564569936307
238  -8.46433909011859 -3.00104066151746
239  -8.80524065628746 -3.02567326177805
240  -9.16392603216103 -3.00868305633006
241   -9.5323001142674  -2.9378115875775
242   -9.8955737279544 -2.80183533928561
243  -10.2346349840834 -2.59292371097072
244  -10.5317898346122 -2.30299013527143
245  -10.7611663200608 -1.92673189199194
246  -10.8347141091953 -0.783994571025113
247  -10.7250540969451 -0.130086443381202
248  -10.6096924468989 0.366575755929405
249  -10.4197507935757 0.873678897384182
250  -10.0705140114439  1.43130543518467
251  -9.58623186696461  1.89525306007703
252  -8.64019412995186  2.37865229981238
253  -7.62210010570097  2.63027939991872
254  -6.66782812044306  2.78215331269598
255  -5.73279411307239  2.93407816318976
256    -4.807009953967  3.12457423096353
257  -3.87824560887073  3.35168371756675
258  -2.93915780661291  3.57668108078082
259  -1.98944824388863  3.76285016511968
260  -1.04405377944305  3.88925211523779
