// Id               X                Y
  1  -0.0911984232200472  2.13584950693374
  2  0.854114213445672  2.11688693716583
  3   1.80764479979149  2.05468869847884
  4   2.73204684644945  1.96401920671479
  5   3.63590140062046  1.83451267217588
  6   4.54721363353314   1.7657770298559
  7    5.4633965467649  1.76536492612892
  8   6.37878360015973  1.81224431358264
  9   7.29389024492818  1.85268165857002
 10   8.20933597297079  1.80746411024158
 11   9.10793119415976  1.58929275860045
 12   9.55982632919476  1.30441162169714
 13    9.8845073468094 0.878541640242421
 14   9.95672747810671 0.378284348789308
 15   9.72783347540937 -0.050215152928802
 16   8.98125003518479 -0.228918703753066
 17   8.27984947502056 -0.0511978315700899
 18   8.07780891076742 0.0185680883628354
 19   8.01184025255729 0.0428053371407013
 20    7.9595622306862 0.0624756099467123
 21   7.90802741604033 0.0822569227543559
 22   7.84624771448592 0.106420753456341
 23   7.76985806152081 0.136933828197599
 24    7.6783946426431 0.174262936901009
 25    7.5730603970833 0.218140403954147
 26   7.45556380565735 0.267937696043207
 27   7.32760484443275 0.322854905850474
 28   7.19064261895351 0.382034395509776
 29   7.04580685549771 0.444636377389478
 30   6.89390452068237 0.509878193193662
 31   6.73548575942605 0.577043019654569
 32   6.57093323932488 0.645471430768045
 33   6.40054918839311  0.71454872658169
 34   6.22462665996904 0.783696007952446
 35   6.04349929713633  0.85236828971174
 36   5.85756827450478 0.920059474390491
 37   5.66730838850812  0.98631168729511
 38   5.47325794607794  1.05072543634012
 39   5.27599858249802  1.11296737083159
 40   5.07613106608576  1.17277368211999
 41   4.87425186386874  1.22994871679795
 42   4.67093345938348  1.28435956466116
 43   4.46670975127145  1.33592798645142
 44   4.26206663692569  1.38462111839337
 45   4.05743713865896  1.43044213754155
 46   3.85320004344105  1.47342170233971
 47   3.64968084101415  1.51361063596955
 48   3.44715363820196  1.55107405513108
 49   3.24584268278466  1.58588695957172
 50   3.04592227763258  1.61813114759657
 51   2.84751443924305  1.64789316966813
 52   2.65068479914715  1.67526287819751
 53   2.45543872146397  1.70033204492019
 54   2.26172067025851  1.72319259767113
 55   2.06941962632693  1.74393431303396
 56   1.87838154644943  1.76264218803702
 57   1.68842722931312  1.77939400022035
 58   1.49937185586152   1.7942585919427
 59   1.31104192534146  1.80729518241551
 60   1.12328639438121  1.81855366438872
 61  0.935980844410113  1.82807555781395
 62  0.749025535155635  1.83589517626303
 63   0.56233957494546  1.84204062046356
 64   0.37585387559148  1.84653438420858
 65  0.189505132115861  1.84939355437736
 66  0.00323207638852062  1.85062973537618
 67  -0.183025909183364  1.85024888924944
 68  -0.369328709182408  1.84825125349916
 69  -0.555735364484539   1.8446314050009
 70  -0.742305386402083   1.8393784208524
 71  -0.92910243274886  1.83247598952949
 72  -1.11620035640752  1.82390228715633
 73  -1.30369053212721  1.81362947830729
 74  -1.49168840651667  1.80162282799217
 75  -1.68033674214032  1.78783958933374
 76  -1.86980330475271  1.77222799900737
 77  -2.06027186246061  1.75472679452061
 78  -2.25192714957532  1.73526560138323
 79   -2.4449363833249  1.71376631189962
 80    -2.639431222102   1.6901452608672
 81  -2.83549398727673  1.66431574214607
 82  -3.03315037200281  1.63619035243101
 83  -3.23236842712699  1.60568284160573
 84  -3.43306157216745  1.57270948991058
 85  -3.63509266013326  1.53719033789937
 86  -3.83827676955941  1.49905073610818
 87   -4.0423817109442  1.45822365379153
 88  -4.24712643560358  1.41465307258015
 89  -4.45217824018244  1.36829867155223
 90  -4.65714991244798  1.31914190926654
 91  -4.86159798554702  1.26719349811389
 92  -5.06502323652909  1.21250209912297
 93  -5.26687453142017  1.15516380406753
 94  -5.46655702236054  1.09533161389593
 95  -5.66344541088723  1.03322372321869
 96  -5.85690234334134 0.969129113888313
 97  -6.04630086182796 0.903408959577882
 98  -6.23104817819379 0.836492883023495
 99  -6.41060608584105 0.768870311326174
100  -6.58450157275281 0.701078883908606
101  -6.75232028990899 0.633693562809218
102  -6.91367607311556  0.56732097553496
103  -7.06815267061356 0.502602560312688
104   -7.2152208374972  0.44022622841716
105  -7.35414516822027 0.380939800408693
106  -7.48390701683552 0.325553327082349
107  -7.60317761043065 0.274915772342453
108  -7.71037869999926 0.229855553689922
109  -7.80388762995441 0.191073721660171
110  -7.88252342378376 0.158951592142449
111  -7.94663294429269 0.133161799208672
112  -8.00031471411164 0.111879803781662
113  -8.05463418829586 0.090664483501359
114  -8.12401840807777 0.0640762949003043
115  -8.33938120973257 -0.0144144818443519
116  -9.03991243771735 -0.214249665754725
117  -9.79557102670054 -0.0703391030416367
118  -10.0481228602535 0.344397238602589
119  -10.0056940637451 0.847029282751071
120  -9.70663519309898   1.2882946664129
121  -9.27101208299788  1.59258231025249
122  -8.38189617445382  1.83872021842312
123  -7.46896269218435  1.89636448280875
124  -6.55548363495546  1.85597521468202
125  -5.64191299616534  1.79995191539081
126  -4.72671088106847  1.78575273719124
127  -3.81471526701978  1.83844482879902
128  -2.90972462135559  1.95498705645874
129  -1.99129857213093  2.04669029433026
130  -1.03657099429281  2.08666656121481
131  -0.092358341482447  2.72416983852631
132  0.834176998494665  2.70757243982514
133   1.75903977981671  2.64555262532821
134   2.68270811423063  2.55105437163846
135    3.6068244117836  2.44942888551582
136   4.52901070986833  2.38498812161151
137   5.45062464539329  2.38414630961128
138   6.37240794918046  2.43105811295594
139   7.29784104925089  2.47202621146713
140   8.22553157825296  2.41662346529326
141   9.11557219120012  2.14182405536674
142   9.57222072914347  1.84327807314077
143   10.0028446157993  1.37572506330537
144   10.3156076887743 0.768425601206504
145   10.4973448920762 0.110480455413152
146   10.6159722187742 -0.539663191481797
147   10.5690127564249 -1.38308452045623
148   10.4047144317772 -1.75283690196717
149   10.1637085466782 -2.07469532456696
150    9.8695375514192 -2.33339121656975
151   9.53912435646272 -2.52968407654685
152   9.19179835461316 -2.66569981616236
153   8.84350749261256 -2.74858299908764
154   8.50455450976665 -2.78814030503982
155   8.18030295183217 -2.79421521328143
156   7.87274423871472 -2.77533503622346
157   7.58188576002799  -2.7383448526362
158   7.30673939788517 -2.68853189143634
159   7.04593783292986 -2.62991985174235
160    6.7980624154264 -2.56556744216946
161   6.56177922818108 -2.49780640524025
162   6.33586964359791 -2.42841192356015
163   6.11921465176335 -2.35872137648283
164   5.91076614177716 -2.28972025050268
165   5.70952158199765 -2.22210948916603
166   5.51450910047866 -2.15636293144622
167   5.32478424582659 -2.09277874590663
168   5.13943611048857 -2.03152554329816
169   4.95759879011208 -1.97268229731123
170   4.77846413573936 -1.91627103467906
171   4.60129280212752 -1.86228186537712
172   4.42542194937174 -1.81069071036975
173   4.25026909469521  -1.7614706827985
174   4.07533235091417 -1.71459838035652
175   3.90018767838027 -1.67005640021711
176    3.7244839624827 -1.62783329031649
177   3.54793684751351 -1.58792198409341
178   3.37032238658897  -1.5503175747211
179   3.19147167802879  -1.5150150771055
180   3.01126758749361 -1.48200758648181
181   2.82964414714035  -1.4512849643959
182   2.64658812427024 -1.42283290730853
183   2.46214080145041 -1.39663208357566
184   2.27639695515302  -1.3726570730777
185   2.08949824438308 -1.35087512075356
186    1.9016200080931 -1.33124506685152
187   1.71295307723765 -1.31371700720542
188   1.52368428606918 -1.29823312763832
189   1.33397990321821 -1.28472980959164
190   1.14397511294723 -1.27314071692558
191  0.953770659497672 -1.26340032961939
192  0.763435739187127 -1.25544735912374
193  0.573014859511989 -1.24922762205563
194  0.382535957838857 -1.24469617054458
195   0.19201751153258 -1.24181868775431
196  0.00147337400587386 -1.24057229619106
197  -0.189084756103842 -1.24094597275964
198  -0.379646340726467 -1.24294072775426
199  -0.570201037609325 -1.24656961340641
200  -0.760736305905669 -1.25185751678889
201  -0.951232641130523 -1.25884059768734
202   -1.1416564303692 -1.26756518722867
203  -1.33195153174324 -1.27808599237738
204  -1.52203165346948 -1.29046356380895
205  -1.71177609363512  -1.3047611646096
206  -1.90103113498857 -1.32104137932793
207  -2.08961827865428  -1.3393629543765
208  -2.27734872328077 -1.35977837914714
209  -2.46404156422061  -1.3823325503249
210  -2.64954188647475 -1.40706254064541
211  -2.83373498564613 -1.43399815372704
212  -3.01655453615909 -1.46316277173644
213  -3.19798493955213 -1.49457409642947
214   -3.3780601069039  -1.5282446786079
215   -3.5568616330949 -1.56418242984394
216  -3.73451867100491 -1.60239143849691
217  -3.91121050927619 -1.64287332851624
218  -4.08717168359866 -1.68562918124801
219  -4.26269879385802 -1.73066178854494
220  -4.43815801415467 -1.77797777483276
221  -4.61399233890657  -1.8275889184291
222  -4.79072770757839 -1.87951179769822
223  -4.96897720740406 -1.93376467232313
224  -5.14944258175003 -1.99036029513743
225  -5.33291235377464 -2.04929317949118
226  -5.52025614266592 -2.11051980147515
227  -5.71241535676082 -2.17393039941052
228   -5.9103914923056 -2.23931151830256
229  -6.11523465480623 -2.30629917048072
230  -6.32803624434646 -2.37432312116705
231  -6.54993029523801   -2.442542728486
232  -6.78210674653426 -2.50977311174782
233  -7.02583517276472 -2.57439625963203
234  -7.28248625539592 -2.63424474977145
235  -7.55351872603141  -2.6864385993071
236  -7.84037390403484 -2.72715571667754
237  -8.14419439091168 -2.75133497444612
238  -8.46526610899937 -2.75236144625718
239  -8.80208001652676 -2.72188023617709
240  -9.14995738810407 -2.65004551859896
241  -9.49942254544042  -2.5267042323746
242  -9.83521651607102 -2.34392033975292
243  -10.1380484632713 -2.09871473410028
244  -10.3907764487635 -1.79011178917375
245   -10.568370244979 -1.43651269474025
246  -10.6579317168152 -0.606436271075079
247  -10.5740171569897 0.0485382383339938
248  -10.4285857283463 0.715168803141817
249  -10.1484429418817  1.33841877949222
250   -9.7387114562223  1.82815811693532
251   -9.2919995377017  2.14620987960066
252  -8.40884664300602  2.44696620420493
253  -7.48048255257854  2.51542565219468
254  -6.55363687560141   2.4747566612176
255   -5.6314463916349  2.41872500061849
256  -4.70968697533006  2.40498253939261
257  -3.78719753306397  2.45388036728663
258  -2.86280730137043  2.54378221691224
259  -1.93830996112292  2.63289711856458
260  -1.01491462914668  2.69548903408362
