// Id               X                Y
  1  -0.102569171689368  3.70579468004114
  2    0.8175384961497  3.66912791004983
  3   1.74249724772559  3.55149901947356
  4   2.67718222740095  3.35053292334605
  5   3.60455883854705  3.07137475167925
  6   4.47286171776085  2.77087938520006
  7   5.35364683468598   2.5089279811266
  8   6.24498678712607  2.29040167289583
  9   7.13786189398743  2.09594836601185
 10   8.02139638166485  1.88689529199171
 11   8.88381793087085  1.60245465149095
 12   9.32975906162105  1.35266062022221
 13    9.7215681574328 0.994256697057913
 14   9.97574350892651  0.41742011724341
 15   9.83260277403625 -0.119697129185949
 16   9.11106779214011 -0.351931782550475
 17   8.59725720542505 -0.238529143415642
 18   8.49572625927433 -0.201994687259978
 19   8.43640202535506 -0.17846329951782
 20   8.37898229820701 -0.15418211909567
 21   8.32139349500652 -0.128341863322888
 22   8.25699434112258 -0.0977363689979452
 23   8.18094018917452 -0.0592953769058347
 24   8.09153683304799 -0.0110369765243262
 25   7.98922215843034 0.0480820397070282
 26   7.87545759638537 0.118383300704445
 27   7.75202042285283 0.199627812215864
 28   7.62065615002804 0.291102158609855
 29   7.48297888411433 0.391654081210368
 30   7.34045007329187 0.499750393786651
 31   7.19422904161002 0.613697432098827
 32   7.04494427629908 0.731973380748881
 33   6.89271411405124 0.853358698537454
 34   6.73735071380579  0.97686795763587
 35   6.57851404627229  1.10167606470489
 36   6.41579373274284  1.22707779181556
 37   6.24876100355841   1.3524587404656
 38   6.07701044429845  1.47726885903555
 39    5.9001971685969  1.60099867288382
 40   5.71806944124773  1.72316087662122
 41   5.53049391524763   1.8432799412722
 42   5.33747004175429  1.96089075050145
 43   5.13913166749297  2.07554490154752
 44   4.93573633863707  2.18682142768312
 45    4.7276451039718  2.29433813153351
 46   4.51529683487706  2.39776044077324
 47   4.29918112730419  2.49680610745294
 48   4.07981306442425  2.59124548925338
 49    3.8577119754196  2.68089815171583
 50   3.63338520206127  2.76562701004752
 51   3.40731696713281  2.84533129532404
 52   3.17996174332827  2.91993946328792
 53     2.951740962826  2.98940291718924
 54   2.72304139270631  3.05369116636223
 55   2.49421304210926   3.1127887809709
 56   2.26556430999029  3.16669415626258
 57   2.03735276310438  3.21541959114705
 58   1.80977203051413  3.25899156718845
 59   1.58293865588126  3.29744970188216
 60   1.35688555838039  3.33084316156985
 61   1.13156809751941  3.35922458205484
 62  0.906883537197459  3.38264312368274
 63  0.682698100405392  3.40113897804793
 64  0.458872643167334   3.4147408836168
 65   0.23527985174306  3.42346666944069
 66  0.0118103346502029  3.42732561938539
 67  -0.21163104244019  3.42632105275526
 68  -0.435134971762506  3.42045181562105
 69  -0.658799162535028  3.40971203319855
 70  -0.882736731166447  3.39408925101304
 71  -1.10707712052936    3.373561857882
 72  -1.33195644931375  3.34809726576093
 73  -1.55749717992743  3.31765241164528
 74  -1.78378149679973  3.28217742298421
 75  -2.01082668653685  3.24162183493002
 76  -2.23857082748716  3.19594138257033
 77  -2.46687216235887  3.14510318026935
 78  -2.69551896323969  3.08908824846046
 79  -2.92424321038046  3.02789190415286
 80  -3.15273239663421   2.9615234208423
 81  -3.38063703125751    2.890006333032
 82   -3.6075743017003  2.81338022599709
 83  -3.83312979460481  2.73170427527201
 84  -4.05685942799656  2.64506238293781
 85  -4.27829341577396  2.55356948567405
 86  -4.49694359740328  2.45737840007975
 87  -4.71231496904309  2.35668636918484
 88  -4.92392171995778  2.25174029144285
 89  -5.13130742567485  2.14283953027234
 90  -5.33406822615121  2.03033534862796
 91  -5.53187687103962  1.91462652004141
 92   -5.7245046292522  1.79615158210102
 93  -5.91183754560836  1.67537938335062
 94  -6.09388372324174  1.55280065640845
 95  -6.27076939912104  1.42892380466143
 96   -6.4427233630078  1.30427751341767
 97  -6.61005106226134   1.1794212533304
 98  -6.77310055211454  1.05496291184166
 99   -6.9322214216152 0.931581706176936
100   -7.0877139863297 0.810055473025567
101  -7.23975413630793 0.691298643236302
102  -7.38825216338644  0.57643471277008
103  -7.53265048897186 0.466882175932288
104   -7.6718863650629  0.36426463170233
105  -7.80460873141817 0.270107646079219
106  -7.92932790835945 0.185621210380046
107  -8.04444194644874 0.111629865638243
108  -8.14832678296695  0.04852552571976
109  -8.23964968057844 -0.00383365125663473
110  -8.31803973556953 -0.0463177912170164
111  -8.38518375806836 -0.0808275725806735
112  -8.44597804220377 -0.110536720038863
113  -8.50750098440643 -0.13908399631065
114  -8.57245865640082 -0.167535070495479
115  -8.68984214358704 -0.214490289925617
116  -9.20374663671862 -0.352460506695354
117  -9.94204349550624 -0.167214926696608
118  -10.1237066011996 0.343379669952272
119  -9.92762048580957 0.923557433797164
120  -9.57181513886455  1.30577981883797
121  -9.15007402778559  1.57913032077138
122  -8.30629316352007  1.89227829281278
123  -7.43473366211336  2.10858228687526
124  -6.55197596073219  2.29333949865419
125  -5.66992261178217  2.49179871822292
126  -4.79793281608005  2.73038578831112
127  -3.94022188946632  3.01193861153039
128  -3.07657355229442  3.28634009418788
129  -2.17519585693889  3.49258552915957
130  -1.13763352886735  3.61699356946133
131  -0.117071703776033  4.29048254352883
132  0.866267078798533  4.26057428382165
133   1.83076838520253  4.13593367929177
134   2.77460959926566   3.9290430142806
135   3.70146318990833  3.66027570973021
136   4.61785661925249  3.36964215216661
137   5.53034797817913  3.10207017368227
138   6.45431385542579  2.87300224784058
139     7.400615952349  2.65597042924338
140    8.4081106565315  2.36426446932979
141   9.35650903964492  1.88041908300368
142   9.85547819360494   1.4320582997414
143   10.2369396719047 0.889702449966193
144   10.4661941797207 0.379231806051373
145   10.6136701647826 -0.109450388083702
146   10.7633125210742 -0.761330409275555
147   10.7555252648527 -1.79559098441273
148   10.5595626669518 -2.20254710807206
149   10.2883233476787 -2.52309534670584
150   9.96910095106941 -2.76246439613967
151   9.61908750221276 -2.92864190110807
152   9.25580638687442  -3.0278275377057
153   8.89485879556953 -3.06877958443229
154   8.54661907925601 -3.06234232288817
155   8.21627110218651 -3.01917736350741
156   7.90542562684618  -2.9484092695154
157   7.61368004673005 -2.85731661815666
158   7.33961570616069  -2.7515109538939
159   7.08129649201865 -2.63521071491284
160   6.83652460309589 -2.51149381847368
161   6.60314378482921  -2.3826098722234
162   6.37938137091139 -2.25035871544505
163   6.16390439152489 -2.11631104488569
164   5.95566688622059 -1.98184357087842
165   5.75379640054723   -1.848138045346
166   5.55754523411733 -1.71619212610705
167   5.36626410695647 -1.58683281025962
168   5.17937935129057 -1.46072684408799
169   4.99636905019796 -1.33838835374648
170   4.81673884335084 -1.22018625110433
171    4.6400005154176 -1.10635462902346
172   4.46565680427475 -0.997008467677068
173   4.29319450576315 -0.892165001339325
174   4.12208588422959 -0.791769086429082
175   3.95179666304064 -0.695719749822354
176   3.78179800491532 -0.603895019627739
177   3.61157986770165 -0.516172840967425
178   3.44066361122864 -0.432446877269636
179   3.26861239805574 -0.352636926021914
180   3.09503856881955 -0.276694367500642
181   2.91960771971308 -0.204603498715673
182   2.74203970245412 -0.136379836634533
183   2.56210728149451 -0.072066563850934
184   2.37963376632229 -0.0117302613680372
185   2.19449151675281 0.0445430994138347
186   2.00660349395388 0.0966513185213705
187    1.8159494250879 0.144478341304856
188   1.62257607877598 0.187896697659868
189   1.42660780094367 0.226771393786145
190   1.22825068952852 0.260966310297204
191    1.0277845238641 0.290352744796929
192  0.825541830911362 0.314818043012963
193   0.62188005465895 0.334271686227345
194  0.417155856228245 0.348647296947974
195  0.211708582535317 0.357900901716208
196  0.00585539990058721 0.362007168295249
197  -0.200103417908281 0.360955680096742
198  -0.405872824035029 0.354748857620948
199  -0.611149631135326 0.343402310595878
200  -0.815612324872559 0.326947467949152
201  -1.01891863054765 0.305435405387774
202  -1.22071410015157 0.278940039630956
203  -1.42065198581575  0.24755864268054
204  -1.61842011778495 0.211408372195656
205  -1.81376651596346 0.170619197371941
206  -2.00651533467871 0.125325319025977
207  -2.19656960198558 0.0756576472657308
208  -2.38390379710119 0.021738757646729
209  -2.56855287519742 -0.0363199644223564
210  -2.75060342061051 -0.0984202842590744
211  -2.93018936373908 -0.16447941222738
212  -3.10749181391863 -0.234433182378636
213  -3.28274115115459 -0.308239930655974
214  -3.45621934937431 -0.385884370934455
215  -3.62826094418046 -0.467380494949779
216  -3.79925164422622 -0.552772426603679
217  -3.96962411874848 -0.642132183797706
218  -4.13985095389718 -0.735553427873474
219  -4.31043521040819 -0.833140538119356
220   -4.4818994904344 -0.934992780969759
221  -4.65477494232793 -1.04118397672962
222  -4.82959212679424 -1.15173885754443
223  -5.00687596289146 -1.26660809248165
224   -5.1871468262188  -1.3856444266548
225  -5.37092909483916 -1.50858219247843
226  -5.55876709093866  -1.6350214238505
227  -5.75124691665042 -1.76441617325081
228  -5.94902194304203 -1.89606507566436
229  -6.15284054140446 -2.02910151524994
230  -6.36357818793979 -2.16248161092894
231  -6.58228801270712 -2.29497306567045
232  -6.81031179560751 -2.42515648296042
233  -7.04944438104889 -2.55140371994762
234  -7.30191040798517 -2.67167696994905
235  -7.57004812875928 -2.78314761413975
236  -7.85601588383914 -2.88186203865032
237   -8.1615410780439 -2.96246272041283
238  -8.48744552181835 -3.01788633389281
239  -8.83269880964131 -3.03913394035529
240   -9.1928912996869 -3.01547347071271
241  -9.55853495881523 -2.93565235229438
242  -9.91475519680628 -2.79017512237255
243   -10.244478658412 -2.57219147430462
244  -10.5316073463495 -2.27321130529381
245  -10.7488149269259 -1.89085834014797
246  -10.8278207265852 -0.862599693338208
247  -10.7256133216942 -0.202841697136201
248  -10.6156611477992 0.295809764425552
249  -10.4310800935258 0.807872702085624
250  -10.0911452330585  1.37236900905974
251  -9.61923128356047   1.8487366871049
252  -8.69197578598282  2.36827281493877
253  -7.68791312867656  2.67278036999313
254  -6.74010813179106  2.88309383661154
255  -5.81208555229134  3.09433571379107
256  -4.89257919768331  3.34042508010819
257  -3.96218243092975  3.61448433359806
258  -3.00531432098732  3.87541192214147
259  -2.03552969381128  4.08427642342492
260  -1.08014889565403  4.22417209486786
