// Id               X                Y
  1  -0.00119502122194272 -0.343508357761361
  2   0.93473764633076 -0.263490087415388
  3   1.83752976874876 -0.0325390766041984
  4   2.68716743391597 0.319567681353394
  5   3.48343674240445 0.751724866767601
  6   4.24558839395148  1.21709976430635
  7   5.00537776512637  1.66572958107983
  8   5.79286076023494  2.04675887594357
  9     6.622754142272  2.31503562385041
 10   7.48827642251776   2.3937073896078
 11    8.3354096327693  2.17175874055735
 12   8.67636745269258  1.84593357310727
 13   8.84116428106522  1.40690349964435
 14   8.77298128311124 0.943747415462824
 15    8.4951594133658 0.562830571788595
 16   7.90680710135217 0.258552850267553
 17   7.90672426338899 0.258508371664798
 18   7.73899971244729 0.167485889862416
 19   7.56983487738095 0.0720605284764303
 20   7.38768609704998 -0.0351775380878499
 21   7.23863601097282 -0.125755724065954
 22   7.07482715195212 -0.227297065926519
 23   6.92323200021494 -0.321890426369921
 24   6.77563842401167 -0.413397378456071
 25   6.63018347824689 -0.501936437989036
 26   6.48622060226184 -0.587008442573745
 27   6.34202852913459 -0.668842727295685
 28   6.19734458870826 -0.746879225217645
 29   6.05183579893516 -0.820706651840608
 30   5.90495876932444 -0.890111914095785
 31   5.75547735055442 -0.955232678212694
 32   5.60439217785571 -1.01529596043893
 33   5.45152154919797 -1.07020359088509
 34   5.29676252098779 -1.11991776028058
 35   5.13973688242883 -1.16455796928762
 36   4.98063807080192 -1.20414249501612
 37   4.81970783969447 -1.23877750808688
 38    4.6571329143907 -1.26866474226652
 39   4.49310412748346 -1.29406797711939
 40   4.32777135664133 -1.31530313212487
 41   4.16129081867105 -1.33271398886708
 42   3.99383885069817 -1.34665819794079
 43   3.82561730283908 -1.35749612505453
 44   3.65683203724179 -1.36558251735204
 45   3.48767584887847 -1.37125817018643
 46   3.31831759659442 -1.37484320940932
 47   3.14890102366672 -1.37663289268657
 48   2.97954709338003 -1.37689627230433
 49   2.81035794510431   -1.375877125271
 50   2.64142019615535 -1.37379631971243
 51   2.47280739593411 -1.37085480512374
 52    2.3045815092703 -1.36723660477315
 53   2.13679376836578 -1.36311140699514
 54   1.96948512320787 -1.35863654776073
 55   1.80268653558964 -1.35395833109555
 56   1.63641922743278 -1.34921273763132
 57   1.47069486825205 -1.34452563010198
 58   1.30551551721926 -1.34001258600495
 59   1.14087305834145 -1.33577848785189
 60  0.976747980897263  -1.3319169937998
 61  0.813107688018104 -1.32851000065593
 62  0.649904882099319 -1.32562719072072
 63  0.487076730010516 -1.32332571786819
 64  0.324545358377951 -1.32165004279216
 65  0.162219891027628 -1.32063188776267
 66  -9.91167908998974e-08 -1.32029025964748
 67  -0.162220090212703 -1.32063148885416
 68  -0.324545561004702 -1.32164924666741
 69  -0.48707694038081 -1.32332452753073
 70  -0.649905107694259 -1.32562560985774
 71  -0.813107941072566 -1.32850803302464
 72  -0.976748280196573 -1.33191464300382
 73  -1.14087343116509 -1.33577575797141
 74  -1.30551600123055 -1.34000948359173
 75  -1.47069551293447 -1.34452216803143
 76  -1.63642009444042  -1.3492089412067
 77  -1.80268769706188 -1.35395424659951
 78  -1.96948665699745 -1.35863225334586
 79   -2.1367957491509 -1.36310702538173
 80  -2.30458399576581 -1.36723231671089
 81  -2.47281041638762 -1.37085086194162
 82  -2.64142374102516 -1.37379305256405
 83  -2.81036198433802 -1.37587494761101
 84  -2.97955165743125 -1.37689567040367
 85  -3.14890640053088 -1.37663439534057
 86  -3.31832472250897 -1.37484732152229
 87  -3.48768689602549  -1.3712652461198
 88   -3.6568510993359 -1.36559254578256
 89  -3.82565061612726 -1.35750842564902
 90  -3.99389372705107   -1.346671119097
 91  -4.16137179720336 -1.33272491222338
 92  -4.32787404374193 -1.31530919910898
 93  -4.49320925540057 -1.29406777806853
 94  -4.65721010310437 -1.26865970622219
 95  -4.81972623414361 -1.23877210541379
 96  -4.98058146875618 -1.20414223522364
 97  -5.13962996351337 -1.16456184127797
 98  -5.29670374637975  -1.1199031607467
 99  -5.45165903733841  -1.0701228178716
100  -5.60454288352754 -1.01521014887143
101  -5.75535281157029 -0.955265598886609
102  -5.90451583816553 -0.890305221516918
103  -6.05172429138013 -0.82076403322697
104  -6.19753911173348 -0.746792303351022
105  -6.34206578558384 -0.668851329150986
106  -6.48601257902679 -0.587172068359316
107  -6.63018886357508 -0.501987650818331
108  -6.77576094672386 -0.413387626991648
109  -6.92325565559053 -0.32195174623132
110  -7.07487259133682 -0.227351714076605
111  -7.23869977413572 -0.125801492981838
112   -7.3874858474948 -0.0353789466638469
113  -7.56993253160512 0.0720486313269277
114  -7.73899744633162 0.167431397306326
115  -7.90671457723951 0.258465917634727
116  -7.90679743452331 0.258510414186373
117  -8.49509371150049 0.562816313263816
118  -8.77289116731424 0.943736955823028
119  -8.84106154296077   1.4068853187318
120  -8.67626573928894  1.84590692369401
121  -8.33531680083518  2.17173025968147
122  -7.48819605779105  2.39370037387221
123  -6.62267184392316  2.31508250311708
124  -5.79275088871342  2.04690059837109
125  -5.00521984063519  1.66595937153849
126  -4.24536657861354  1.21740449920423
127  -3.48313277670843 0.752088091398814
128  -2.68674565546821 0.319963074399058
129  -1.83688837997625 -0.0321191860412003
130  -0.933741876116161 -0.26286279842451
131  -0.00100424252088014 0.276479839985781
132  0.885624871071364 0.355218404800204
133   1.74732121813708 0.582043909903973
134   2.57020369740345 0.930207499261178
135   3.35843186696735   1.3611468427318
136   4.13453785987925  1.82921738124388
137   4.93263427099786  2.28344210644361
138   5.78943031499263  2.66665413040437
139   6.79325977252685  2.91267507053443
140   7.87906725966762  2.86551609022177
141    8.8470387046626  2.35444067166039
142   9.23901178525524  1.79205525059081
143   9.38178500486913  1.17687195300344
144   9.33383278938365 0.672051333188832
145   9.17020663628006 0.219011603589065
146   8.93074469719934 -0.178102162295988
147   8.63652131665337 -0.499178167258633
148     8.461226846834 -0.65153049282157
149   8.28923091351624 -0.783718073218811
150   8.13566097636531 -0.892108577028868
151   7.95924974357297 -1.00889241428674
152    7.8074392140507 -1.10498369827802
153   7.65213497053885 -1.20025201845336
154   7.49864566114309 -1.29202751453476
155   7.34589645122552 -1.38121783935341
156   7.19202887450578 -1.46879935142356
157   7.03691389206829 -1.55447989082964
158   6.87953320490265 -1.63829175376794
159   6.71940019594296 -1.71984709555921
160    6.5565508631291 -1.79845095652643
161   6.39190156555445 -1.87306768095692
162   6.22427185071399  -1.9437158730669
163   6.05380240145531 -2.00987577312599
164   5.88070511698373 -2.07113807960636
165   5.70558525449288 -2.12712181362005
166   5.52853823360636 -2.17777651200065
167   5.34961088871351 -2.22317159885328
168   5.16889015356425 -2.26345312035597
169   4.98647103014936   -2.298838259652
170   4.80253787039761 -2.32958696371185
171   4.61733473420819 -2.35600036213464
172   4.43113810319708 -2.37841340303773
173   4.24421647478002  -2.3971851400101
174   4.05681352413429   -2.412684262834
175   3.86913832208411 -2.42527559954865
176   3.68136541302554 -2.43530901745684
177   3.49363782788324  -2.4431119751141
178   3.30607281874317 -2.44898548977234
179   3.11876697898573 -2.45320302980083
180   2.93180024907084 -2.45601147204531
181    2.7452382433231 -2.45763330659583
182    2.5591333241274 -2.45826938114313
183   2.37352473739949 -2.45810166356356
184   2.18843823007693 -2.45729567787263
185   2.00388544284699 -2.45600242907992
186   1.81986338204741   -2.454359763043
187   1.63635428376692 -2.45249320540116
188   1.45332623571537 -2.45051638619077
189   1.27073488130155 -2.44853118283207
190   1.08852631109328 -2.44662770660475
191  0.906640844169091 -2.44488422618459
192  0.725017013118779 -2.44336708283938
193  0.543594935601322 -2.44213062085606
194  0.362318456776781 -2.44121713937529
195  0.181135830259422 -2.44065686425119
196  -9.34284297546354e-07 -2.44046793515056
197  -0.181137696979572 -2.44065640160327
198  -0.362320318228452 -2.44121622250913
199  -0.543596789121741 -2.44212926688645
200  -0.725018857066191 -2.44336531803612
201  -0.906642677835291 -2.44488208656544
202  -1.08852813415174 -2.44662523849795
203  -1.27073669272845 -2.44852844317345
204  -1.45332803220366 -2.45051344223262
205  -1.63635605782956 -2.45249013341796
206  -1.81986512025764 -2.45435664555584
207  -2.00388712510415 -2.45599935011141
208  -2.18843983123252 -2.45729271582296
209  -2.37352623341981 -2.45809888148628
210  -2.55913470572237 -2.45826681451509
211  -2.74523954263585 -2.45763094908062
212  -2.93180158826396 -2.45600926008674
213   -3.1187686605291 -2.45320082677983
214  -3.30607548802706 -2.44898306916559
215  -3.49364276642442 -2.44310899806369
216  -3.68137501457542 -2.43530499286164
217  -3.86915679986207 -2.42526980337775
218  -4.05684770269967 -2.41267559133808
219  -4.24427637764538 -2.39717188566497
220  -4.43123654125216  -2.3783930263275
221  -4.61748543957945  -2.3559694150407
222  -4.80275087428869 -2.32954158366599
223  -4.98674511971471 -2.29877576714983
224  -5.16919977099484 -2.26337592622667
225  -5.34989971937674 -2.22309172497929
226  -5.52872829820332 -2.17771734336599
227  -5.70559076945503 -2.12711717666764
228  -5.88043650208487 -2.07123210605084
229  -6.05319681707033 -2.01011165542819
230  -6.22363327027705 -1.94399321607757
231  -6.39161621392267 -1.87321808241021
232  -6.55669706333176 -1.79841449070852
233  -6.71930565172973 -1.71993413776241
234  -6.87918028840044 -1.63852480553837
235  -7.03673875906469 -1.55463194310005
236  -7.19210863016933 -1.46881814306392
237  -7.34576750934944 -1.38136160259417
238  -7.49842301320341 -1.29223259940602
239  -7.65206821569935   -1.200367490141
240  -7.80743788028055 -1.10505779606925
241  -7.95933415285984 -1.00890621172597
242   -8.1360824220741 -0.891880563611276
243  -8.28938425621295 -0.783653637042527
244  -8.46142205639946 -0.651406520031051
245  -8.63663524779751 -0.499088982273218
246  -8.93075549454427 -0.178060363850196
247   -9.1701794617069 0.219061694679498
248  -9.33376964542558 0.672101411652263
249  -9.38169179791648  1.17690926877295
250  -9.23892017650374  1.79202009175234
251  -8.84696075437697  2.35439790335658
252  -7.87901303156785  2.86549355901758
253  -6.79322779043417  2.91270728043843
254  -5.78951895451137  2.66680265336238
255  -4.93274263804278  2.28370685636649
256  -4.13465373910078  1.82958814337579
257  -3.35857396826908  1.36160963398448
258  -2.57041473161224  0.93073788631918
259  -1.74767554622044 0.582562951510476
260  -0.886169896569308 0.355479227371714
