// Id               X                Y
  1  -0.107413351799059  3.86727896175015
  2  0.881311467670849  3.81927300063395
  3   1.83472292016021  3.68751440982115
  4   2.73476761393606  3.47330300036649
  5   3.59810382322437  3.16190060721526
  6   4.46539173543171  2.86961526217454
  7   5.34207993455207  2.60510448587146
  8   6.22402474828978  2.36548610687865
  9   7.10352586949335  2.13224999514724
 10   7.97168063514294  1.88045494306371
 11   8.82558433310912  1.57962406710005
 12   9.27376116323479  1.33766563804596
 13   9.68129221615439 0.995120078290134
 14   9.97018507423999 0.434155333076391
 15   9.85956654434576 -0.107446992088824
 16   9.14460944612253 -0.367402006524556
 17   8.67519892131365 -0.293089826253025
 18   8.57841694314375 -0.265733621683448
 19   8.51669484480466 -0.246119475654941
 20   8.45651828068593 -0.225394970156114
 21   8.39690314588915 -0.203285531099896
 22    8.3332677573295 -0.177993980404725
 23   8.26098375174489 -0.14713614045915
 24   8.17751469296208 -0.108738419659828
 25   8.08226589599976 -0.0613743038523372
 26   7.97585442583819 -0.00413961421700614
 27   7.85948197431451 0.0634171848591455
 28   7.73449971093689 0.141357216742426
 29    7.6021473334596 0.229418071827639
 30    7.4634458130458 0.327062838078967
 31   7.31926043118185 0.433456139125324
 32   7.17057208427789 0.547296648655251
 33     7.018568912817 0.666795195859891
 34   6.86386983924045 0.790399357277459
 35   6.70636862017281 0.917068885281023
 36   6.54569631437787  1.04598839423733
 37   6.38141040590151  1.17644749446852
 38   6.21305977122853  1.30780475612153
 39   6.04022731849465  1.43946364255269
 40   5.86256264641584  1.57085442120645
 41   5.67980596511865   1.7014227492208
 42   5.49180267730934  1.83062537454022
 43   5.29850826168672  1.95793204827843
 44   5.09998415343281  2.08283155461135
 45   4.89638640332059  2.20483930263227
 46   4.68794957573455  2.32350423136211
 47   4.47496848347947  2.43841356377326
 48   4.25778003767636  2.54919483846752
 49   4.03674690089453  2.65551537504263
 50   3.81224396338577  2.75707977310202
 51   3.58464805494053  2.85362621642288
 52   3.35433082494512  2.94492233242499
 53   3.12165437512658  3.03076123409495
 54   2.88696898125243  3.11095821563548
 55   2.65061205269292   3.1853484179896
 56   2.41290733402824  3.25378562726793
 57   2.17416327671605  3.31614219848525
 58   1.93466958354281  3.37230988727253
 59    1.6946912786441  3.42220112448794
 60   1.45446038507411  3.46575003264399
 61   1.21416636143476  3.50291236758522
 62  0.973947542862472  3.53366370876981
 63  0.733886355579386  3.55799568373709
 64  0.494010469321828  3.57591068173157
 65  0.254300353830722  3.58741608008751
 66  0.0147018074871304   3.5925191653022
 67  -0.22485890505425  3.59122363754759
 68  -0.464459248725317  3.58352811449986
 69  -0.704164884192932  3.56942670623856
 70  -0.944014886246798  3.54891156857266
 71  -1.18400869630967  3.52197716814052
 72  -1.42409657507617  3.48862566402976
 73  -1.66417533137387  3.44887244653147
 74  -1.90408994113225  3.40275076358787
 75  -2.14363997203104  3.35031466962863
 76   -2.3825885281024  3.29164011570947
 77  -2.62067127453847  3.22682456515591
 78  -2.85760381200764  3.15598583995323
 79  -3.09308669608519  3.07926093849035
 80  -3.32680827974731  2.99680540667166
 81   -3.5584460986064  2.90879361364133
 82  -3.78766773662341  2.81542006479431
 83  -4.01413211270069  2.71690170985006
 84  -4.23749202218739  2.61348106643808
 85  -4.45739861456737  2.50542985968536
 86  -4.67350830416565  2.39305276125994
 87  -4.88549237599339  2.27669070169169
 88  -5.09304923325552   2.1567231574817
 89  -5.29591881683487  2.03356883344952
 90  -5.49389822299126  1.90768433586652
 91  -5.68685701457713  1.77956081113253
 92  -5.87475027391082  1.64971909905797
 93  -6.05762721940568  1.51870461651421
 94  -6.23563331490959  1.38708374486179
 95  -6.40900425131946  1.25544370033485
 96  -6.57805080279521  1.12439756740454
 97  -6.74313392367119 0.994595487290328
 98  -6.90462870640925 0.866742521189497
 99  -7.06287145537131 0.741625447701806
100  -7.21804113996772 0.620181521766413
101  -7.36968361050641 0.503816289988815
102   -7.5164097789223 0.394501560144144
103  -7.65707278987579 0.293721655204541
104  -7.79091496370482 0.202317176561613
105  -7.91711635704768 0.120804341145259
106  -8.03465285656874 0.0494611746704853
107  -8.14236890876167 -0.011707785035522
108  -8.23921552768177 -0.0630484944697646
109  -8.32466678352937 -0.105349968685163
110  -8.39933808834994 -0.139947920205342
111  -8.46570510183142 -0.168813942055241
112  -8.52831316447097 -0.194400845647699
113  -8.59168714625357 -0.218662070526371
114  -8.65688328051733 -0.241885960165888
115  -8.76142566372636 -0.27543281156913
116  -9.23015002184565 -0.370071624018374
117  -9.96018149550343 -0.149118872420166
118  -10.1001608015569 0.379792902345222
119  -9.84522581433682 0.949401929603649
120  -9.45618716627451  1.30768342224329
121  -9.02001293371989  1.56336861826825
122  -8.17586575624912  1.88033396104466
123  -7.31405869108875  2.13724972834828
124  -6.43967103885388  2.36684942189391
125  -5.56253341463508  2.59657273093453
126  -4.69102493301964  2.84805311323068
127  -3.83052371682635  3.12818343341289
128   -2.9771787441406  3.43112550558761
129  -2.08244877529296   3.6440077704018
130  -1.07567146766437  3.77670598751994
131  -0.107408982370164  4.44844180044212
132  0.849537092874082  4.41028428377868
133   1.79993384840019  4.27623494012094
134   2.74172670156705  4.05750223954532
135   3.70375217608594   3.7659163506156
136   4.61632147157973  3.47097265813203
137   5.52402612395844  3.19757625252978
138   6.43935526838601  2.94700049169419
139   7.36773910704354  2.69312445891816
140   8.35642881274487  2.35800029834299
141   9.29035801355447   1.8549747417024
142   9.79621309461541  1.41695152831569
143   10.2023466250901 0.898444899746199
144   10.4642100244372  0.41028912275674
145    10.643139819803 -0.0650442781121957
146   10.8114968975279 -0.718904295047307
147   10.7847202421404 -1.89304269015609
148   10.5740906427814 -2.30520857874346
149   10.2946000573378 -2.62826735070159
150   9.97077893196733 -2.87099320039093
151   9.61830620909728 -3.04188017660617
152   9.25212248382842 -3.14735185039094
153   8.88665011118736 -3.19513522838033
154   8.53256147390021 -3.19498475074406
155   8.19578563157621 -3.15698278935577
156   7.87852545482949 -3.09006142455043
157   7.58072852082755 -3.00147446555468
158   7.30123336786793  -2.8968927072606
159   7.03846311953588 -2.78072070215223
160    6.7907536157899 -2.65640200968659
161    6.5563938313375  -2.5265947261876
162   6.33340525769482 -2.39314741912113
163   6.11949686112688 -2.25712126032765
164   5.91291110967892 -2.11942574998207
165   5.71261379940378 -1.98112159200816
166   5.51784486792572 -1.84322645369547
167   5.32795304784245 -1.70663697802326
168   5.14235500241463 -1.57211765744366
169   4.96051261855476 -1.44029884580746
170   4.78191553074759 -1.31167874996114
171    4.6060674421149 -1.18662995530688
172    4.4324767484758  -1.0654111449928
173   4.26065195697662 -0.948183727698831
174   4.09010172751171 -0.835032037595526
175   3.92033870545335 -0.725985133837545
176   3.75088593661742 -0.621038148295054
177   3.58128458576262 -0.52017148366929
178   3.41110182562484 -0.423366729167651
179   3.23993801298293 -0.330618747013978
180   3.06743254026671 -0.241943877845864
181   2.89326800619677 -0.157384576520023
182   2.71717258073672 -0.0770110269833875
183    2.5389206607969 -0.000920418068923588
184   2.35833214033149 0.0707653876301796
185   2.17527085835719  0.13790308219024
186   1.98964302205222 0.200331426864777
187   1.80139656896476 0.257874626792313
188   1.61052242255702 0.310345417606821
189   1.41705826829736 0.357548061641368
190   1.22109473095571 0.399281787007721
191   1.02278272949123 0.435345386263153
192  0.822339678716213 0.465543560663401
193  0.620051723090332 0.489695081105963
194  0.416269882341013 0.507642089140088
195  0.211399775415617 0.519259253884615
196  0.00588651140507339 0.524461390169894
197  -0.199802797636079 0.523208552052716
198  -0.405196984584691  0.51550819632013
199  -0.609838424476783 0.501414391360634
200  -0.813299954756176  0.48102418612096
201  -1.01520023972101  0.45447140860436
202  -1.21521581149324 0.421918534321899
203  -1.41308791297306 0.383547722238882
204  -1.60862339803413 0.339552304251546
205   -1.8016906879341 0.290129719566604
206  -1.99221306838575 0.235476246150815
207  -2.18016183125275 0.175783247655564
208  -2.36555107120589 0.111234302147506
209   -2.5484348963573 0.0420025697434193
210   -2.7289068972527 -0.0317520132186716
211  -2.90710116825297 -0.109885803978919
212  -3.08319398645485 -0.192274576738662
213  -3.25740531358707 -0.278816263599918
214  -3.42999947233693 -0.369432737313611
215  -3.60128457276789 -0.464069997139693
216  -3.77161048314689 -0.562696122550569
217   -3.9413653417487 -0.665296427139455
218  -4.11097079877596 -0.771865384711814
219  -4.28087637146229 -0.882395124868745
220  -4.45155349548402 -0.996860616926983
221  -4.62349005164658 -1.11520207152443
222  -4.79718630663429  -1.2373055459728
223  -4.97315327824185 -1.36298315078155
224  -5.15191446371181 -1.49195448687682
225  -5.33401163937142 -1.62383086341095
226  -5.52001514998325 -1.75810341133677
227  -5.71053908238001 -1.89413557601187
228  -5.90626274474338 -2.03116013136545
229  -6.10796455436826 -2.16828230431512
230  -6.31661924794318 -2.30451580956309
231  -6.53386398592904 -2.43901351370285
232  -6.76229354252194 -2.57106011814951
233  -7.00421385837899 -2.69911730516126
234  -7.26143784008568 -2.82065982232274
235  -7.53568968639351 -2.93233346391593
236   -7.8286493481428 -3.02983075939917
237   -8.1416727686549 -3.10759369662177
238  -8.47514699920676 -3.15847401175039
239  -8.82739118503879 -3.17357164184052
240  -9.19319541532696 -3.14264286112878
241  -9.56271005058682 -3.05544617047236
242  -9.92222969152296 -2.90344631456634
243   -10.257377218388 -2.67931394942221
244  -10.5531646977385 -2.37356208875389
245  -10.7847696583387 -1.97819948532069
246  -10.8786304909532 -0.808686119817194
247  -10.7465006916304 -0.146465376674602
248  -10.5934269347215 0.337299794772088
249  -10.3589612971746 0.833429814189178
250  -9.97767453614322  1.36892121653797
251  -9.48779791369648  1.82594991898827
252  -8.56627527720371  2.35217228102941
253  -7.57909106239805  2.69763635178782
254  -6.64916889611051  2.95048964108784
255  -5.73198593433031  3.19283086454692
256  -4.82170077774123  3.45421251986424
257   -3.9056842880399  3.73662676716384
258  -2.94698623528968  4.01688428515846
259  -2.00380148216203  4.23700117931153
260   -1.0592648453308   4.3847698954229
