// Id               X                Y
  1  -0.126526261294748  8.17001750135011
  2  0.992280667614342  8.04503204522732
  3   2.05481024398383  7.73301933608877
  4   3.06026845376843  7.30917863806421
  5   4.01196393502517   6.7936888507618
  6   4.89337817959457  6.18460893459668
  7   5.63458250561361  5.50273147612854
  8   6.31360081809063  4.76790864134554
  9   7.00417074719382  4.06558821038624
 10   7.72646829457041  3.38283712119982
 11   8.45394571923665  2.75082064135268
 12   8.88687085065871   2.3736621842322
 13   9.34173038593044  1.92069284805935
 14   9.70968019349113  1.34821695163566
 15   9.75603538969221 0.665961944183631
 16   9.21318867674187 0.177094029967915
 17   8.60220153427544  0.15472994220687
 18   8.51678318923232 0.173641999642945
 19    8.4423674209213 0.194813673477515
 20   8.36801218471518 0.220590862370796
 21   8.29249468137487 0.251662629436921
 22   8.21116841797272 0.291047880054712
 23   8.12051103348978 0.342682397690881
 24   8.02016025927715  0.41024944455581
 25   7.91226277169748 0.496516535358951
 26   7.80026225476533 0.603147700462371
 27   7.68786792894391 0.730684246556234
 28   7.57837519696969 0.878658144442349
 29   7.47427803769123  1.04576902969095
 30   7.37708784996011  1.23008852164002
 31   7.28729444900302   1.4292811026324
 32   7.20443488188192    1.640841923371
 33   7.12724977113666  1.86233251334127
 34   7.05390124916991  2.09156143502301
 35   6.98221303793553  2.32665538006934
 36   6.90988989368262  2.56602421236173
 37   6.83468660744014  2.80828969207361
 38   6.75451484570421  3.05224976409859
 39   6.66748907146807  3.29689412256781
 40   6.57192295376863  3.54143350687645
 41    6.4662968169249  3.78529718223001
 42   6.34921866567231  4.02808450306198
 43    6.2193945618948  4.26948847775807
 44   6.07561555797356  4.50921660350265
 45   5.91676349152033  4.74692448209953
 46   5.74183651053657  4.98216719034455
 47    5.5499950161266  5.21436837360936
 48   5.34062858050485  5.44280577285228
 49   5.11344422304861  5.66661128880874
 50    4.8685750467393  5.88478329765813
 51   4.60669636205018  6.09621472952957
 52   4.32909716035512  6.29975796106131
 53   4.03764788101837  6.49432754941561
 54    3.7347820344661  6.67892738509294
 55   3.42386462025086  6.85242238432106
 56   3.11047165309716  7.01293179991437
 57   2.80064638963082  7.15885770202093
 58   2.48568768009675  7.29507607003325
 59   2.15833921814538   7.4240541443877
 60   1.82291725862953  7.54268898290391
 61   1.48359116212102  7.64801347059306
 62   1.14300544595459  7.73757362256981
 63  0.808319654973257  7.80805452344927
 64  0.502298846506056   7.8553721438057
 65  0.232793320062186  7.88183356024751
 66  -0.0056810088810789  7.89217422499713
 67  -0.234050387354104  7.88994864853857
 68  -0.481130807408863  7.87431249894856
 69  -0.762210617228035  7.84091586142734
 70  -1.07921038635306  7.78527833490481
 71  -1.41727273280424  7.70728294072458
 72   -1.7577232170688  7.61139188592645
 73  -2.09636687093642  7.50036986632193
 74  -2.43036302790499  7.37668773205983
 75  -2.75473541374354  7.24363547140241
 76  -3.06640162938651  7.10380957550688
 77  -3.37680587373323  6.95237949807094
 78  -3.69039293125466  6.78601399648432
 79  -3.99957421332014  6.60720292481026
 80  -4.29951925495917  6.41758519532539
 81  -4.58721580973075   6.2182074209314
 82  -4.86040691367552  6.01007292357834
 83  -5.11735981757266  5.79430312014987
 84  -5.35692857401219  5.57207111075296
 85  -5.57858143451953  5.34448831180462
 86  -5.78231763642707  5.11254186023145
 87  -5.96854515482798  4.87707244618282
 88  -6.13797044625263  4.63876980123802
 89  -6.29151221172562  4.39818098981515
 90  -6.43023911310509  4.15573334931086
 91  -6.55532991015933  3.91177436563729
 92  -6.66805473642322  3.66662981331556
 93  -6.76977647819559  3.42067820686108
 94  -6.86197074315739  3.17443122681578
 95  -6.94625986972579  2.92859800358753
 96  -7.02444916893135  2.68410864157747
 97  -7.09854486204678  2.44209462058785
 98  -7.17073071662083  2.20386103727391
 99  -7.24328749734165  1.97089827172835
100  -7.31845008146003  1.74494341411542
101  -7.39820823706698  1.52803966111935
102  -7.48407226408824  1.32251575208682
103  -7.57684040053204  1.13085175331114
104  -7.67640961776957 0.955464982655425
105  -7.78166366694692  0.79847130746997
106  -7.89046588932956 0.661451740155239
107  -7.99979418027289 0.545227867397052
108  -8.10608456623719 0.449650900959527
109  -8.20587516222477 0.373428308110868
110  -8.29683253110025 0.314052744251188
111  -8.37901542747856 0.267893648621169
112  -8.45564993732181 0.230766107737972
113  -8.53134752860157 0.199317177844937
114  -8.60742934042605 0.172646107700865
115  -8.69486952442507 0.147807545496423
116  -9.31064790761616 0.132183497099027
117  -9.88397735003391 0.587499359959782
118  -9.87093779855056  1.26921126005162
119  -9.52149865525065  1.85151373077476
120  -9.07531841953616  2.31053706330331
121  -8.65012480786306  2.68745570813445
122  -7.92863624300171  3.31707663748306
123   -7.2185961145982  3.98611457448954
124  -6.53423417220755  4.67961677578379
125  -5.87447487203337  5.39803624533456
126  -5.14944769511672   6.0925821306664
127  -4.27907134983009  6.71688752270664
128  -3.32929805000213  7.24859395869759
129  -2.32461807808159  7.69505265045235
130  -1.23706369882468  7.98442242419431
131  -0.134794512754621  8.73664925958795
132  0.965640009900516  8.63059281578813
133   2.03325608503432  8.33995560865845
134   3.05426689992913  7.91675246898623
135   4.02388307998645  7.38872331455768
136   4.93705918999588  6.76859040815569
137   5.79263498408179  6.06653332840265
138   6.60160909460808  5.31139284367746
139   7.39314205866388  4.54742876559459
140   8.18749052342236   3.7929654630765
141    8.9694973849563  3.02314647476401
142   9.43366807522983  2.50268728634365
143   9.85712630358992  1.94970311829028
144   10.2194705108392  1.37345507872541
145   10.4947241025995 0.837243258539719
146   10.7589637029098 0.207941438845011
147   10.9641534891936 -1.05996115369613
148   10.8031721399221   -1.545750053589
149   10.5529728999408 -1.92491660367332
150   10.2431650815059 -2.21492989360485
151   9.89364793539258   -2.423733100843
152   9.52305729323207  -2.5564106109923
153    9.1491021455359 -2.61980058568028
154   8.78408640844002  -2.6234535041491
155   8.43400324175186 -2.57700460722859
156   8.10065169142241 -2.48822191460969
157   7.78400502567357 -2.36271775788115
158   7.48370094022506 -2.20456378659829
159   7.19967413837349 -2.01710236897261
160   6.93223640775592 -1.80361794095745
161   6.68187281018113 -1.56775392536096
162   6.44894357270265 -1.31365876784991
163   6.23341856173066 -1.04589324041153
164   6.03471637201442 -0.769161291408242
165   5.85167049872202 -0.487947761772451
166   5.68261018953553 -0.206166295974697
167   5.52552257006324 0.0730751283080059
168   5.37824971092781 0.347525779092116
169   5.23867353466904 0.615674780367142
170   5.10485440637039 0.876545847133736
171   4.97510936667035  1.12949941079864
172   4.84803554124461  1.37409848984986
173   4.72249535250418  1.61004316306043
174   4.59757997281584  1.83715149355066
175   4.47256130842601  2.05536387055381
176   4.34683704961412  2.26475637326784
177   4.21987009061332  2.46555611288508
178   4.09112174716647  2.65815613283816
179   3.95997573637901  2.84313116898558
180   3.82564672640789  3.02125768613175
181   3.68707197121277   3.1935314788393
182   3.54281684311258  3.36113814931768
183   3.39104356063744  3.52533045865866
184   3.22945689208893  3.68732515293239
185   3.05490116370155  3.84848669153319
186   2.86211171046198  4.01099227171206
187   2.64552220517148  4.17564787567826
188   2.41445718902299  4.33205537854527
189   2.17758585958144  4.47339161636745
190   1.93262388506167   4.6008628412246
191   1.67767351377875     4.71478581559
192   1.41260146313035  4.81429908676478
193    1.1329121952741  4.89965459671688
194  0.818213207314523  4.97295957486447
195  0.459325354167873  5.02877549693813
196  0.0577935802650325  5.05785019207091
197  -0.359374947196111  5.05185694479274
198  -0.748716528631477  5.01274024075594
199  -1.09367173563936  4.94992745949207
200  -1.39620077331645  4.87185686673456
201  -1.67089480220885   4.7812499760795
202  -1.93372128412817  4.67587023982928
203  -2.18620146893179  4.55624858394135
204  -2.42868372812837  4.42313461702243
205  -2.66390153041302  4.27556669079273
206  -2.89295450502291  4.11290641069399
207  -3.10322873766137  3.94565316899625
208  -3.28974408446495  3.78167750946026
209  -3.45965009926536  3.61844747402027
210  -3.61751053865935  3.45401684982413
211  -3.76615400255027  3.28710738782703
212  -3.90772612135255  3.11649423264118
213  -4.04396768062751  2.94090457173386
214  -4.17623067987027  2.75915715373699
215  -4.30551137800762  2.57028385605062
216  -4.43255035680413  2.37355005168523
217  -4.55794315963015   2.1684304622408
218  -4.68223305018457  1.95458400883934
219  -4.80598762466233  1.73183435993399
220  -4.92986544297662  1.50015307256502
221   -5.0546759182962   1.2596442911201
222  -5.18143292156919  1.01053453724266
223  -5.31139969930765 0.753177651851599
224  -5.44611801977453 0.488094040490162
225  -5.58740806181398 0.216069197405796
226  -5.73732185709795 -0.0616766845169593
227  -5.89803879138005 -0.343279150552708
228  -6.07170790063937 -0.62606192899767
229  -6.26026160787787 -0.906505252196538
230  -6.46524123594738 -1.18039583472233
231  -6.68767988585189 -1.44312428301128
232  -6.92808148037835  -1.6900357958814
233  -7.18651950759433 -1.91672775910399
234  -7.46285101893117 -2.11920210610536
235  -7.75699365011725 -2.29379631114764
236  -8.06915111963623 -2.43683975300042
237  -8.39979921026091 -2.54402672373626
238  -8.74915368734353 -2.60959226569409
239  -9.11577992467783 -2.62559596810635
240  -9.49423302113065 -2.58201459700755
241  -9.87273169813241 -2.46851922840439
242  -10.2337115136429 -2.27723450761231
243  -10.5583444042631 -2.00221419096728
244  -10.8267472384644 -1.63471356273192
245  -11.0095956781932 -1.15645783634396
246  -10.8670232151415 0.0962396513114256
247  -10.6285753582701 0.734220180988426
248  -10.3839295910641  1.25549156678961
249  -10.0409032121482  1.84175870489598
250  -9.63281371441944  2.40408312715428
251  -9.17985968885865  2.93139974038504
252  -8.40730404320859  3.70674867842184
253  -7.61754107774815  4.45995530116401
254  -6.82880961168525  5.21979075819903
255  -6.02373479532339  5.97266235218069
256  -5.17515929402531  6.68081256755065
257   -4.2698586715767  7.31280425743255
258  -3.30733471291708  7.85338732225675
259  -2.29263254091513  8.28904297725196
260  -1.23298607951539  8.59741585324487
