// Id               X                Y
  1  -0.00119791489647718 -0.34468712985303
  2  0.934892851442967 -0.264640282648433
  3   1.83780157469604 -0.0336210438496561
  4   2.68751765171696 0.318556393257999
  5   3.48386558152881 0.750752624583539
  6   4.24611853476489   1.2161419987933
  7   5.00597688781146  1.66485957960088
  8   5.79339235113804  2.04625393510389
  9   6.62312232428224  2.31530934535859
 10   7.48865469976801  2.39451380706514
 11    8.3354697071875  2.17139627055864
 12   8.67549909379784  1.84456936701691
 13   8.83912515781913   1.4048416989286
 14   8.77019541076223 0.941118132555517
 15   8.49187910981174 0.559073439971496
 16    7.8964851501241 0.251631306164728
 17   7.89641321973161 0.251592677552496
 18   7.73619699777174 0.164640059594542
 19   7.56870283340474 0.0702925995815444
 20   7.39778489376607 -0.0299794970454545
 21   7.23973946971367 -0.125722753596162
 22   7.08001027360237 -0.224460031913135
 23   6.92635729775639 -0.320108223785152
 24   6.77755495220312 -0.412169812979568
 25   6.63145879305809 -0.500924436922286
 26   6.48689166103864 -0.586195039940059
 27   6.34246909026865 -0.668017436618829
 28   6.19763248113843 -0.746015819577783
 29   6.05198740835151 -0.819817270749127
 30   5.90489736144922 -0.889252933647135
 31   5.75558070488696 -0.954260433241362
 32   5.60448644680951 -1.01431753374148
 33   5.45161666454984 -1.06924069505617
 34    5.2968200709658 -1.11900374221636
 35   5.13984349388783 -1.16368375118784
 36   4.98079884104758 -1.20332176141613
 37   4.81990571546201 -1.23802342778392
 38   4.65736454601362 -1.26798156992113
 39   4.49336413530103 -1.29345567944191
 40   4.32806515401365 -1.31475661001185
 41   4.16162734241563 -1.33222578139766
 42   3.99422632261388 -1.34622001752273
 43   3.82605775062887 -1.35709997580288
 44   3.65732221918963 -1.36522103902889
 45   3.48820928656697 -1.37092494719965
 46   3.31888702410704 -1.37453304147683
 47   3.14949944336808 -1.37634199157698
 48   2.98016815294973 -1.37662228610131
 49   2.81099577559035 -1.37561899395133
 50   2.64206917310568 -1.37355400561525
 51   2.47346191171701 -1.37062896019594
 52   2.30523584743239  -1.3670282307435
 53   2.13744205747331 -1.36292155027523
 54   1.97012135436178 -1.35846605526742
 55   1.80330460252159 -1.35380767828906
 56   1.63701295143318  -1.3490819283903
 57   1.47125797322464 -1.34441415993345
 58   1.30604155163924 -1.33991945631911
 59    1.1413553094085  -1.3357022584727
 60  0.977179467152836 -1.33185586143608
 61  0.813481308431158 -1.32846189067621
 62  0.650213737711975 -1.32558984872756
 63  0.487314560528505 -1.32329678851875
 64  0.324706999245182 -1.32162712736802
 65  0.162301666560253 -1.32061257794713
 66  -9.77237578348705e-08 -1.32027215058627
 67  -0.162301863214722 -1.32061217845678
 68  -0.324707200116719  -1.3216263301329
 69  -0.487314770466688 -1.32329559667406
 70  -0.650213964792177 -1.32558826621023
 71  -0.813481565548263 -1.32845992165482
 72  -0.977179773830076 -1.33185351011253
 73   -1.1413556937359 -1.33569952969668
 74  -1.30604205211589 -1.33991635750299
 75   -1.4712586400728 -1.34441070474239
 76  -1.63701384671042 -1.34907814259525
 77  -1.80330579808829 -1.35380360799421
 78  -1.97012292668095 -1.35846177744069
 79   -2.1374440784976 -1.36291718513402
 80  -2.30523837219067 -1.36702395505891
 81  -2.47346496610248 -1.37062501998543
 82  -2.64207275215512 -1.37355072593597
 83  -2.81099987313369  -1.3756167823355
 84  -2.98017286165727 -1.37662162410231
 85  -3.14950517784694 -1.37634340485569
 86  -3.31889492186576 -1.37453703214906
 87  -3.48822176699404 -1.37093186446187
 88  -3.65734351852097 -1.36523086462232
 89  -3.82609387763077 -1.35711203512382
 90  -3.99428358220063 -1.34623272491134
 91  -4.16170847230662 -1.33223670485947
 92  -4.32816378848568 -1.31476321002219
 93  -4.49346084951939 -1.29345677001176
 94  -4.65743076338391 -1.26797852447828
 95  -4.81991461190138 -1.23802010311604
 96  -4.98074168716116 -1.20332190008633
 97  -5.13975399267325 -1.16368338544017
 98  -5.29679030074535 -1.11898090101307
 99  -5.45173087574363 -1.06916839404412
100  -5.60459466567509 -1.01424819815736
101  -5.75545314665039 -0.954294750490145
102  -5.90456072647796 -0.889397896009436
103  -6.05186968817061 -0.819877949530856
104  -6.19774543045851 -0.745971847401402
105  -6.34248852779697 -0.668035428431036
106  -6.48676234290966 -0.58631190602184
107  -6.63145091645874 -0.500982734915995
108  -6.77763694551174 -0.412183970309149
109  -6.92640205534169 -0.32015478918488
110  -7.08005559457024 -0.224512969322797
111  -7.23976064199149 -0.125792727132857
112  -7.39769326877778 -0.0301130706722962
113   -7.5687024639441 0.0702245710441387
114  -7.73620035809866 0.164588146255602
115  -7.89640609044256 0.251549851164743
116  -7.89647802628425 0.251588489724894
117  -8.49181769556635 0.559060352573007
118  -8.77010802886411 0.941109063858115
119  -8.83902364003375  1.40482476998364
120  -8.67539754449197  1.84454342292401
121  -8.33537665561535   2.1713679151407
122  -7.48857426749148  2.39450678363828
123  -6.62304002013681  2.31535633876979
124  -5.79328249853154  2.04639560694873
125  -5.00581902016279  1.66508925033443
126  -4.24589673160761  1.21644671513136
127  -3.48356151247977 0.751116071552978
128  -2.68709568882817 0.318952219128677
129  -1.83715993595841 -0.0332008572080292
130  -0.933896243764428 -0.264013692025292
131  -0.00100376172305479 0.275301016519341
132  0.885725227848377 0.354062534792074
133   1.74750694948998 0.580946595059957
134   2.57046161037205 0.929172865494706
135   3.35876192717047  1.36014593119614
136   4.13492543515468  1.82822896177583
137   4.93299478478256  2.28255176530421
138   5.78966094984348  2.66615071538626
139   6.79357986579011  2.91294809160732
140   7.87939941635368  2.86631635074208
141   8.84708443386125  2.35510385091394
142    9.2385114616816  1.79268462989275
143   9.38081537960193  1.17802065427811
144   9.33278085945864  0.67319394391518
145    9.1692542196461 0.220096661853099
146   8.93047766962363 -0.176756224013238
147   8.64030043532086 -0.495416776091835
148   8.46071891125711 -0.652196363886222
149    8.2908549490093 -0.783119172704655
150   8.13061026898663 -0.896256820688872
151   7.96257421299832 -1.00750590427762
152   7.80674888958214 -1.10609195578763
153   7.65259996500433 -1.20051350506276
154   7.49914055731916 -1.29210227898466
155   7.34602625531756 -1.38131671095591
156   7.19200785300317  -1.4687894789885
157   7.03663938213133 -1.55442387366528
158   6.87910554144445 -1.63814802065143
159   6.71889562686733 -1.71959842000116
160    6.5561246122324 -1.79805306735936
161   6.39129408020905 -1.87267387771315
162   6.22367705242745 -1.94326865344227
163   6.05320779576594 -2.00941063999161
164   5.88015129112086 -2.07066734386772
165   5.70501450304786 -2.12668663873089
166   5.52795963328942 -2.17738857637836
167   5.34903838561442  -2.2228368489916
168   5.16832033536762  -2.2631773652135
169   4.98590576991254 -2.29862163065006
170    4.8019758415024 -2.32942653449971
171   4.61677621022508 -2.35588999457043
172     4.430584320777 -2.37834482645795
173   4.24367080476032 -2.39714879536778
174   4.05627954190797 -2.41267042027817
175   3.86861914585967 -2.42527511649316
176   3.68086333356106 -2.43531388228668
177    3.4931546729579 -2.44311562379563
178    3.3056101179928 -2.44898296348583
179   3.11832606474791 -2.45319097019427
180   2.93138222739885 -2.45598798331772
181   2.74484398148412 -2.45759772040258
182   2.55876345439335 -2.45822196981074
183   2.37317969338636 -2.45804334265944
184   2.18811829082482 -2.45722773123702
185   2.00359077623112  -2.4559262790128
186   1.81959408308556 -2.45427679820448
187   1.63611041819229  -2.4524046699893
188   1.45310789767632 -2.45042332648106
189   1.27054225935769 -2.44843444131027
190   1.08835973575741 -2.44652795003373
191  0.906500788188679 -2.44478199255353
192  0.724904038706296 -2.44326283328372
193  0.543509611079114 -2.44202478553326
194  0.362261274437086 -2.44111015002186
195  0.181107146078442 -2.44054917021322
196  -9.35138505890653e-07 -2.44036000378862
197  -0.181109014532394 -2.44054870761706
198  -0.362263137695315 -2.44110923326264
199  -0.543511466516602 -2.44202343173317
200  -0.724905884704493 -2.44326106872398
201  -0.90650262404389 -2.44477985326715
202  -1.08836156112545 -2.44652548236617
203  -1.27054407316765 -2.44843170221688
204  -1.45310969653407 -2.45042038324145
205  -1.63611219446452 -2.45240159893069
206  -1.81959582312292 -2.45427368196854
207  -2.00359245961275 -2.45592320188735
208  -2.18811989202851 -2.45722477215112
209  -2.37318118809846 -2.45804056562251
210  -2.55876483376928 -2.45821941187219
211  -2.74484528019299  -2.4575953775751
212  -2.93138357541076 -2.45598579518193
213   -3.1183277822049   -2.453188803715
214   -3.3056128841786 -2.44898059516642
215  -3.49315981871837 -2.44311271548975
216  -3.68087330340097 -2.43530993914657
217  -3.86863815037669 -2.42526940631366
218  -4.05631428157034 -2.41266183115716
219   -4.2437309916935 -2.39713562335228
220   -4.4306824149942 -2.37832454765288
221  -4.61692577038643 -2.35585917483171
222  -4.80218721659637 -2.32938127772519
223  -4.98617806220591 -2.29855923523072
224  -5.16862914177825 -2.26310006494942
225  -5.34932898757799 -2.22275631724364
226   -5.5281524189979 -2.17732856424154
227  -5.70501467986421 -2.12668366610887
228   -5.8798639408475 -2.07076780752658
229  -6.05261800258369 -2.00964067635955
230  -6.22306974135698 -1.94353318044075
231  -6.39102366155686 -1.87281766098844
232  -6.55619725201024 -1.79805130123922
233  -6.71880877106314 -1.71968155523332
234  -6.87880750866039 -1.63835179574264
235  -7.03647232108846 -1.55457091653582
236  -7.19202370057819  -1.4688438950628
237  -7.34591262685984 -1.38145123086914
238  -7.49894953709443 -1.29228820539529
239  -7.65251081406153 -1.20064237429469
240  -7.80674518483449 -1.10616785592149
241  -7.96269892159774  -1.0074943637688
242  -8.13094772965649 -0.896087574226393
243  -8.29108497135762 -0.782999913539591
244  -8.46089784652272 -0.652086585477219
245  -8.64040992740766 -0.495332292676914
246  -8.93048980927819 -0.176715368241918
247  -9.16922882338906 0.220146176571407
248  -9.33271926489113 0.673243840810316
249  -9.38072315816907  1.17805824181313
250  -9.23842017423739  1.79264944483064
251  -8.84700645315089  2.35506092183495
252  -7.87934526587115  2.86629372458072
253  -6.79354807054002    2.912980381054
254  -5.78974924655658  2.66629925752817
255  -4.93310297966398  2.28281647623023
256  -4.13504114921216  1.82859975366279
257  -3.35890377570228  1.36060898198235
258  -2.57067229601615 0.929703726992268
259  -1.74786089494501 0.581466155679225
260  -0.886269911721983 0.354323892439472
