// Id               X                Y
  1  -0.0913915023136453  2.16112488649315
  2  0.856792527226508  2.14172155511486
  3    1.8107918415001  2.07913158551437
  4   2.73381845102461  1.98700543179284
  5   3.63738026282292  1.85395834366269
  6   4.54828388109593  1.78100880868087
  7   5.46431703949971  1.77612195559403
  8    6.3797792112679  1.81880390840886
  9   7.29493811139466  1.85589267801122
 10   8.21022934737686  1.80871051793227
 11   9.10873807131505  1.59064807109389
 12   9.56129153631742  1.30709026329783
 13   9.88802704774925 0.882912135750642
 14   9.96372239259218 0.382796308338192
 15   9.73789974064072 -0.0477632409138453
 16   8.99408359255105 -0.231939520266221
 17   8.29678579516301 -0.0564296413997047
 18   8.09705248791374 0.0126447427633831
 19   8.03102810423207 0.0369830810544755
 20   7.97851680631398 0.0568259682513065
 21   7.92669864426809 0.0768189386378122
 22   7.86459883665188 0.101254203336251
 23    7.7878454360165 0.132126549594981
 24    7.6959656425866 0.169925645787297
 25   7.59015911554264 0.214398688473954
 26   7.47214510116229  0.26491875590269
 27   7.34365189932875 0.320672352745575
 28    7.2061748283161 0.380778244589643
 29   7.06087198676566 0.444372360633252
 30   6.90856313268519 0.510653003566651
 31   6.74979865488325 0.578889796527627
 32   6.58495510245808 0.648413148017753
 33   6.41432592127974  0.71860006482087
 34   6.23819382901047 0.788864638340262
 35   6.05688091575605 0.858655859495883
 36   5.87077616204716 0.927462257094445
 37   5.68034241490476 0.994820900687577
 38   5.48610720176654  1.06032734853082
 39   5.28864325836416  1.12364336421998
 40    5.0885447037252   1.1845004142029
 41   4.88640364134131   1.2426984449829
 42   4.68279026198601  1.29810063151872
 43   4.47823788631213  1.35062541610553
 44   4.27323315046432  1.40023725772878
 45    4.0682107672644  1.44693727974857
 46   3.86355188562605  1.49075464481891
 47   3.65958486350016  1.53173914280859
 48   3.45658713563106  1.56995521396995
 49   3.25478676930138  1.60547744412715
 50   3.05436239086854  1.63838741905449
 51   2.85544069938392  1.66877166509736
 52   2.65809196043132  1.69672022958228
 53     2.462325483092  1.72232534088327
 54   2.26808832551383  1.74567965193424
 55   2.07527033637661  1.76687386782502
 56   1.88371674097992  1.78599398395914
 57   1.69324661451618  1.80311868796554
 58   1.50367326491534  1.81831751929337
 59   1.31482192309798  1.83165012964359
 60   1.12654130191289   1.8431666061078
 61  0.938707757039591  1.85290850438131
 62  0.751222967844582  1.86091010924432
 63  0.564007540924972  1.86719950134318
 64  0.376993425712131  1.87179919552256
 65  0.190117576382663  1.87472633250629
 66  0.00331821052271317  1.87599257080967
 67  -0.183466269154483  1.87560389372519
 68  -0.37029670534688  1.87356051310449
 69  -0.55723258869873  1.86985694616855
 70  -0.74433306285416  1.86448220946402
 71  -0.931660589860174  1.85741996477718
 72  -1.11928730587827  1.84864840895951
 73  -1.30730287826813  1.83813975008846
 74   -1.4958216301712  1.82585925417446
 75  -1.68498620041834  1.81176404247709
 76  -1.87496532542635  1.79580200165486
 77  -2.06594453806578  1.77791125644886
 78   -2.2581104856793   1.7580205805657
 79  -2.45163164399174  1.73605087206198
 80  -2.64663960225972  1.71191747145945
 81  -2.84321500582383  1.68553281600853
 82  -3.04138047402334  1.65680886835891
 83  -3.24110014746238  1.62565898163607
 84  -3.44228333582124  1.59199924286553
 85   -3.6447890520447  1.55574966365462
 86  -3.84842901781477  1.51683572149601
 87  -4.05296818898423  1.47519070490502
 88  -4.25812311470977  1.43075918145445
 89  -4.46355913178773  1.38350177873367
 90   -4.6688875972121  1.33340136650915
 91  -4.87366433862229  1.28047062008361
 92  -5.07739044320585  1.22476077855449
 93   -5.2795164537329  1.16637115096858
 94  -5.47945092334022   1.1054585694984
 95  -5.67657396172475  1.04224560137122
 96  -5.87025572763436 0.977026046849656
 97  -6.05987866546347 0.910166278265814
 98  -6.24486065744024 0.842101535521692
 99  -6.42467441722301 0.773327483056454
100  -6.59885690148681 0.704388964691736
101  -6.76700185054416 0.635869450598738
102   -6.9287290680531  0.56838549938731
103  -7.08362593943048 0.502589991320504
104  -7.23116209079465 0.439184710632115
105   -7.3705907153522 0.378935719940957
106  -7.50086767233821  0.32267621467695
107  -7.62062984526662 0.271278908994659
108  -7.72826986066781 0.225588141864604
109  -7.82215297964684 0.186306462169915
110  -7.90110261934769 0.153802365518038
111     -7.96547537779  0.12772650842264
112  -8.01937227512823 0.106228166226698
113  -8.07383446993827 0.0848437328369736
114  -8.14313151290135 0.0581722330287661
115  -8.35623479689687 -0.0196889037205102
116  -9.05264291681202 -0.217298783721663
117   -9.8058172138811 -0.0679374713176738
118  -10.0554446923011 0.348958562878881
119  -10.0095457211744 0.851614503073797
120  -9.70828937778807  1.29125118367602
121  -9.27190246272661  1.59411154511394
122  -8.38284670039238  1.83983754841593
123  -7.47015938294936  1.89919086581298
124   -6.5567707081263  1.86196864069284
125  -5.64331139385121  1.81003118796269
126  -4.72854792900289  1.80024847675028
127  -3.81746087383325  1.85713117276807
128  -2.91360570083731  1.97715783217744
129  -1.99713772345765  2.06991403428408
130  -1.03910351520235  2.11107301282486
131  -0.0920242407907742   2.7492095417802
132  0.834832488624933  2.73253012401202
133   1.76000620034043  2.66980219330011
134   2.68392615462883   2.5736029579526
135    3.6082587749101  2.46882459818574
136   4.53052492045328  2.40024298838099
137   5.45225818308429  2.39492589051413
138   6.37421112167168  2.43763073317016
139   7.29961388475731  2.47525291753191
140    8.2269206226349  2.41800463137504
141   9.11668779801784  2.14337367157521
142   9.57341930597466  1.84597193868852
143   10.0046650658071  1.38094380164929
144   10.3200066556196 0.775712693729378
145   10.5048095826819 0.119304724132219
146   10.6253794626149 -0.526185677515248
147   10.5796550032982 -1.40406650401053
148   10.4125061649997  -1.7737371189199
149   10.1684518637027 -2.09496162626879
150   9.87146913402785 -2.35225742052017
151   9.53861589589889 -2.54657088916188
152   9.18938701393423 -2.68022173414159
153   8.83978845680007 -2.76057638359809
154   8.50008060892313 -2.79762350580403
155   8.17553500191051 -2.80132253483786
156   7.86803349344636 -2.78025756177656
157   7.57747023437856 -2.74128605169201
158   7.30275403710174 -2.68967891411831
159   7.04243929702567 -2.62943096607692
160   6.79505842207206 -2.56357190542268
161   6.55925108636001 -2.49440978006355
162   6.33378532337722 -2.42370177672244
163   6.11753585489746 -2.35277182438484
164   5.90945284087221 -2.28259547340225
165    5.7085354005098 -2.21386643407956
166   5.51381566456773 -2.14705325215168
167   5.32435441693106 -2.08245003202074
168   5.13924616943457 -2.02022198017039
169    4.9576298218336 -1.96044496056151
170   4.77870094319687 -1.90313802281427
171   4.60172265775654 -1.84828842566134
172   4.42603341404118 -1.79586944712236
173   4.25105104063143 -1.74585187761919
174   4.07627324195925 -1.69821041150272
175   3.90127509604485 -1.65292622440285
176   3.72570431779453 -1.60998694109017
177   3.54927518583837 -1.56938504335185
178   3.37176218401081 -1.53111558644814
179    3.1929945626315 -1.49517389420296
180   3.01285301255291  -1.4615536679597
181   2.83126917831566 -1.43024565916262
182    2.6482276060644 -1.40123675606688
183   2.46376813595192 -1.37450913461225
184   2.27798551091461 -1.35003915686087
185   2.09102310274527 -1.32779599757447
186   1.90305953814573 -1.30774037941424
187   1.71428985556519 -1.28982403078365
188   1.52490512925503 -1.27399037846042
189   1.33507511173044  -1.2601766106273
190   1.14493727623364  -1.2483168159834
191  0.954593465541157 -1.23834562897972
192  0.764113169237765 -1.23020177002814
193  0.573540972137547 -1.22383101933862
194   0.38290523975542 -1.21918840296537
195  0.192225574521845 -1.21623960047815
196  0.0015176733741931 -1.21496173824894
197  -0.189204486876178 -1.21534378455995
198  -0.379928119629408 -1.21738672180126
199  -0.570641127693917 -1.22110356840977
200   -0.7613299933239 -1.22651919909759
201  -0.95197499640784 -1.23366980682814
202  -1.14254273269209 -1.24260180085241
203  -1.33297713278753 -1.25336996926482
204  -1.52319123985536 -1.26603486025325
205  -1.71306251495776 -1.28065953401902
206  -1.90243413141538 -1.29730605600186
207  -2.09112351889537 -1.31603226289175
208  -2.27893751424872 -1.33688934719346
209  -2.46569140148951 -1.35992061693841
210    -2.651227721848 -1.38516142941889
211  -2.83543081773288 -1.41263992548717
212  -3.01823483132374 -1.44237801053328
213   -3.1996255260851 -1.47439215175811
214  -3.37963846402835 -1.50869390145786
215  -3.55835674218685 -1.54529038425505
216   -3.7359106870162 -1.58418511140901
217  -3.91248045007521 -1.62537937683194
218  -4.08830121039349 -1.66887424583536
219  -4.26367004991574 -1.71467288334122
220  -4.43895343568266 -1.76278273804764
221  -4.61459434482948  -1.8132168984063
222  -4.79111819537602 -1.86599373971135
223  -4.96913681862054 -1.92113377518033
224  -5.14934975291651 -1.97865242054755
225  -5.33254224248864 -2.03854722711242
226  -5.51957961843956 -2.10077811179568
227  -5.71139836307673 -2.16523931185668
228   -5.9089951864374 -2.23172227579209
229  -6.11341674987186 -2.29986938725267
230  -6.32575382655009 -2.36911896929497
231  -6.54714402853122 -2.43864182930693
232   -6.7787861012338 -2.50726795836005
233  -7.02196517672736 -2.57339814866721
234  -7.27807882514973 -2.63488848288016
235  -7.54863267570118 -2.68888709048535
236  -7.83514262636784 -2.73160026269741
237  -8.13885172864383 -2.75798430406753
238  -8.46015951129033 -2.76141463441069
239  -8.79766808388338 -2.73348298831997
240  -9.14679199523876 -2.66423134230804
241  -9.49810308718439 -2.54332715877623
242  -9.83629493368032 -2.36260786896036
243  -10.1419125014491 -2.11888882001896
244  -10.3976676129779  -1.8110075891417
245  -10.5780099224295  -1.4576864417231
246  -10.6681431760101 -0.593083351845875
247  -10.5820213321684 0.0573790787574435
248  -10.4333748554857 0.722676404633175
249  -10.1504121428193  1.34397689126176
250  -9.73965551962553  1.83124202776816
251  -9.29272867624746  2.14797177856686
252   -8.4097663098545   2.4482436264964
253   -7.4818432196948  2.51827177929976
254  -6.55508742722479  2.48075804206088
255  -5.63273448342089  2.42881683579093
256  -4.71081160474717  2.41947715293334
257  -3.78814992907421   2.4724179283607
258  -2.86342171639508  2.56528123190832
259  -1.93861038972912  2.65605084227345
260  -1.01495515539055  2.71984086363285
