// Id               X                Y
  1  -0.0914412873951181  3.26101344218673
  2  0.891617927071254  3.24137974064521
  3   1.89622047981339  3.17416847075045
  4   2.93055941310148  3.04784026467858
  5   3.84926225432705  2.84284975476218
  6   4.72115685633218  2.58858950414645
  7   5.61144220672685  2.39583605481359
  8   6.51945160006778  2.28995566560185
  9   7.43386593421908  2.23133136647364
 10   8.34475764043602  2.11589692057208
 11   9.20968468441672  1.79022692846609
 12   9.60074362462683  1.43575993049875
 13   9.83728472397181 0.952795557991486
 14   9.81361713005945 0.428830768565584
 15   9.51183405078555 0.0301593846695303
 16   8.78384946291679 -0.0812422029544466
 17   8.32037393674833 0.0543947251670816
 18   8.24154885614206 0.0871447576983034
 19   8.18031156724449 0.114581968939274
 20   8.12208891417305 0.142228683620976
 21   8.06034548528863 0.173202716943429
 22   7.98739778309601 0.211898060227413
 23   7.90012394225303 0.261081500502685
 24   7.79880249395968 0.321885069587885
 25   7.68525373408636 0.394353761503242
 26   7.56168224876782 0.477798977120981
 27   7.43017500019467 0.570991626690988
 28   7.29258229563697 0.672257607094999
 29    7.1504580908203 0.779633917374726
 30   7.00484905661318 0.891205554131759
 31   6.85620023148553  1.00536536484918
 32   6.70452733024953  1.12081524484802
 33   6.54961478187276  1.23648599380319
 34   6.39112911853143  1.35148472971596
 35     6.228677518605      1.4650633754
 36   6.06184284833595  1.57659315572466
 37   5.89021059251386  1.68553984631669
 38   5.71339718481681  1.79143834890747
 39   5.53108677178671  1.89386694419547
 40   5.34307859812311  1.99242433271372
 41   5.14933825238878  2.08671579294376
 42   4.95003784985181  2.17635478140811
 43   4.74557068414159  2.26098076954594
 44   4.53653551819329  2.34028666555915
 45    4.3236966701133  2.41404566102833
 46   4.10793160762158  2.48212935627077
 47   3.89017723088282    2.544513799727
 48   3.67138204319196  2.60127444458638
 49   3.45246639103711   2.6525735255034
 50   3.23428807348984   2.6986440168761
 51   3.01760680311759  2.73977366502309
 52   2.80304106592989  2.77629087481621
 53   2.59101981592797  2.80855173110992
 54   2.38174760045679  2.83692564785838
 55   2.17520737581204  2.86177852200824
 56   1.97120637590659  2.88345605045638
 57   1.76944502128958  2.90227146246224
 58   1.56958255781274  2.91849970272789
 59   1.37128415221505  2.93237708664575
 60   1.17424696864088   2.9441040922781
 61  0.978209661790154  2.95384915847715
 62  0.782951396245825  2.96175215781697
 63  0.588285578544829  2.96792696958043
 64  0.394051830343718  2.97246308180868
 65  0.200108201444784  2.97542640987392
 66  0.00632448016248028  2.97685960447065
 67  -0.187423299762928  2.97678210453758
 68  -0.381257513564673  2.97519011983211
 69  -0.575303352968392  2.97205663302739
 70  -0.769693637929609  2.96733140798899
 71  -0.964574581310417  2.96094088871713
 72  -1.16011276774834  2.95278778272662
 73  -1.35650307657557  2.94275006220693
 74  -1.55397641838991  2.93067912083381
 75  -1.75280489284165  2.91639694981667
 76  -1.95330035845266  2.89969251849766
 77  -2.15580083413004  2.88031812657231
 78  -2.36063875898155  2.85798730051279
 79   -2.5680881076008  2.83237651852436
 80  -2.77829619544842  2.80313288744142
 81  -2.99121953960108  2.76988796762976
 82  -3.20659043715798  2.73227480813791
 83  -3.42392764167413  2.68994399284518
 84    -3.642577937393  2.64257714660516
 85  -3.86176377953615  2.58989977335053
 86  -4.08062336685909   2.5316955886419
 87  -4.29824439850794  2.46782232494474
 88  -4.51369841786895  2.39822677079709
 89  -4.72608104238226  2.32295552283818
 90  -4.93455922362863  2.24215769956206
 91  -5.13842203879681  2.15607697625712
 92  -5.33712719631087  2.06503309294533
 93   -5.5303327629432  1.96939711613787
 94  -5.71790473133012  1.86956847521374
 95   -5.8998974145629  1.76596239012307
 96  -6.07651319856573   1.6590122724947
 97  -6.24805467119674  1.54918536947832
 98  -6.41488060618003  1.43700603371352
 99  -6.57736978179264  1.32308151469838
100  -6.73588920266378  1.20812791030291
101  -6.89075851661295  1.09299659225973
102  -7.04219658323027 0.978705313338833
103   -7.1902201323289 0.866488851815201
104  -7.33445045831302 0.757889241226862
105  -7.47390110722385 0.654806077918394
106  -7.60703757468682  0.55927824074418
107  -7.73204483651984 0.473102637811319
108    -7.846926731429 0.397639653999391
109  -7.94960163769997 0.333719310179051
110  -8.03836788460431 0.281443289033867
111  -8.11302265958244 0.239787289206719
112  -8.17670657248475 0.206007646808961
113  -8.23710347592112 0.175518164192643
114  -8.30082059862295 0.145033300989826
115   -8.3837018172602 0.108030849653385
116   -8.8431384106716 -0.043504689889133
117  -9.57642821413017 0.0309473711900503
118   -9.9026379367273 0.409391261032166
119  -9.96172273198069 0.929115834429554
120  -9.75773434509452  1.42408006255948
121  -9.38804549224232  1.79746980440639
122  -8.53580389808794  2.15141119161206
123  -7.62697215464939  2.27490078805479
124  -6.71283445530139  2.32644970911662
125  -5.80337024161681   2.4169600632599
126  -4.90921042166059  2.59321352332813
127  -4.03312260051864  2.83614386865332
128  -3.11613886511199  3.04264273314982
129  -2.08227136647901  3.17116760205225
130  -1.06358852385425  3.21554320750535
131  -0.0934129790356945  3.85398506235243
132  0.867396294898141  3.83800325862385
133   1.82531517909878  3.76729013363057
134     2.779277537559  3.63535635117051
135   3.73949534768406   3.4386594560852
136   4.68989443844176  3.20283819337851
137   5.62051935895414  3.01242045549077
138   6.55673274914177  2.90481487896782
139    7.4990534016305  2.84366022634799
140   8.44079396150773  2.72126764502584
141   9.32655421781916  2.37074264976063
142   9.77004022943461  1.97555679727483
143   10.0941323986878  1.41391654375768
144   10.2353013285401 0.750085954725244
145   10.2701820123005 0.0667073998690546
146   10.3938570769998 -0.586744515503737
147    10.495606152801 -1.54781643391147
148   10.3206077829182 -1.94605662104549
149   10.0638289946813 -2.24649938071875
150   9.75582944749788 -2.46388545850987
151   9.41815669634106 -2.60735221149251
152   9.07117662341258 -2.68561751465814
153   8.72965723530947 -2.71012466958359
154   8.40163188902027 -2.69270450389356
155   8.09033097563935 -2.64362543823066
156   7.79628500582821 -2.57109944358363
157    7.5186480064644 -2.48148347833935
158   7.25584513089599 -2.37960692829462
159   7.00595946611668 -2.26908987944983
160   6.76716681495199 -2.15272800569843
161   6.53799634491723 -2.03283025789766
162   6.31727673854036 -1.91136198428349
163   6.10402163542137 -1.78998574130295
164   5.89737743028784 -1.67009264393227
165   5.69660957858814 -1.55283686287752
166    5.5010993752047 -1.43916732509558
167   5.31033870454365 -1.32985258547426
168   5.12391585588167 -1.22549663540017
169   4.94148743405465 -1.12654512126814
170   4.76273540903906 -1.03328477006442
171   4.58731624783975 -0.94584325133239
172   4.41481635547726 -0.864198517601773
173   4.24472750991718 -0.788202624679619
174   4.07644726177301 -0.717617554301895
175   3.90929963499479 -0.652155360026518
176   3.74256680161461 -0.591514607695222
177   3.57552293510252 -0.535407959163552
178   3.40746469073795 -0.483579254746573
179    3.2377367744522 -0.435811115997637
180   3.06575509197425 -0.391925558676745
181    2.8910332932874 -0.351780378853629
182   2.71321832499102 -0.315263004019628
183   2.53213188262195 -0.282281266617239
184   2.34779895418308 -0.252749245834551
185   2.16043956134664 -0.226569003426304
186   1.97041893854721 -0.203614008087221
187   1.77817647965657 -0.183720979463392
188   1.58415967088256 -0.166692432096004
189   1.38877799886918 -0.152307312494626
190   1.19237900307782 -0.140335281038815
191  0.995241741282486 -0.130550921647304
192  0.797581274567976 -0.122745763457702
193  0.599558728032473 -0.116737391664287
194   0.40129319189967 -0.112375784833503
195  0.202873323904362 -0.109547403277675
196  0.00436772531405382 -0.108177631207055
197  -0.194166016027667 -0.108232087873935
198  -0.392673217330671 -0.109717161920195
199  -0.591094266099591 -0.112679936312129
200  -0.789356330741798 -0.117207478054987
201  -0.987364004112356 -0.123425274400129
202  -1.18498858898792 -0.131494414480388
203  -1.38205631789662 -0.141606967785286
204   -1.5783367251785 -0.153978957157377
205  -1.77353372119191 -0.168840470955627
206  -1.96728359859015 -0.186422962059939
207  -2.15916581686165 -0.206944793067007
208  -2.34873282845367 -0.230597592076335
209  -2.53556225495359 -0.257537472108653
210  -2.71932589882282 -0.287885316286698
211  -2.89985649063781 -0.321737522102175
212  -3.07718550587095 -0.359183342715654
213  -3.25153823657343 -0.400321799556735
214  -3.42329872520743 -0.445273788442712
215  -3.59296917224094 -0.494189819369513
216  -3.76113779417084 -0.547255148253268
217  -3.92845458306295 -0.604692169865953
218  -4.09560884657279  -0.6667580303278
219  -4.26330380000646 -0.733734829138067
220  -4.43222708698081 -0.805910423741656
221  -4.60301990162987 -0.883549567430337
222  -4.77625080201348 -0.96685779879597
223  -4.95240243213475 -1.05594355500107
224  -5.13187843345119 -1.15078581978212
225  -5.31503237524886 -1.25121315770092
226  -5.50221214183876 -1.35689474192072
227  -5.69380736488925 -1.46733795321667
228  -5.89028878112663 -1.58188466823943
229  -6.09223503000522  -1.6997004157439
230  -6.30034885193862 -1.81975428641655
231  -6.51546865947358 -1.94079031744986
232  -6.73858679581376 -2.06129344380179
233  -6.97090143784004 -2.17945685024002
234  -7.21394128998262  -2.2931486347307
235  -7.46967787457822 -2.39979505876749
236  -7.74031541612001 -2.49603698908728
237  -8.02780884244417 -2.57727788398029
238  -8.33344849723975 -2.63731753400106
239  -8.65725153476214 -2.66799484399723
240   -8.9966828864378 -2.65891867747521
241  -9.34454135502299 -2.59783540767774
242  -9.68688940892255 -2.47245960082665
243  -10.0039742056882 -2.27293571104508
244  -10.2749877209352 -1.98895667243044
245  -10.4704477412607 -1.60469345897012
246  -10.4216575517518 -0.63905504500284
247  -10.3362354068533 0.0202852357703523
248   -10.344154533662 0.704350653882916
249  -10.2444163554672  1.37593522460505
250   -9.9517585665912  1.95627924046051
251  -9.51352003526425  2.38182979263609
252  -8.63640902068494  2.75593394365826
253  -7.69439042578701  2.88674871715037
254  -6.75038085350397  2.94118993562788
255  -5.81192394951433   3.0334567255179
256  -4.87865204602268  3.20765205656649
257  -3.92800731162662  3.43304535359569
258  -2.96053010762645  3.62737666437511
259  -2.00348428258085  3.75630219748826
260  -1.04854224920387  3.82433208871754
