// Id               X                Y
  1  -1.95958915367959  4.30364513774685
  2  -1.10936498977616  3.78333398535554
  3  -0.253692301005061  3.24224277421397
  4  0.605804335202268  2.69356070845714
  5   1.47305752187019  2.14918921294511
  6   2.35339688333249  1.62174745134876
  7    3.2521694246986  1.12393766046114
  8   4.17294649177671 0.669796824559569
  9   5.11917627843247 0.277738439052303
 10   6.09249265709796 -0.0500001437787227
 11   7.16268533759716 -0.197603284257206
 12   7.83358464214331 -0.282295178027212
 13   8.50326813991028 -0.378596678219171
 14   9.16422737786763 -0.523756485373425
 15   9.79807866974322 -0.759213875369821
 16   10.4223701656562 -1.16858594465585
 17   10.8001165980431 -1.45326383446869
 18   11.1564702452832 -1.77053047480719
 19   11.4757118174068 -2.12681517947043
 20   11.7420107553432 -2.52717888612573
 21    11.936416392215 -2.96992290741213
 22   12.0398050455482 -3.44487365875812
 23   12.0365941446312 -3.93335142742153
 24   11.9182377938312 -4.40978054437034
 25   11.6858226663661 -4.84500600441686
 26   11.3508926147933  -5.2107569368282
 27   10.9340314453886 -5.48409021071991
 28   10.4615422846545 -5.65054607330214
 29    9.9612602494023 -5.70523315546657
 30   9.45873596873952 -5.65185900243164
 31    8.9746784805908  -5.5004001199708
 32   8.52391782078307 -5.26435365932472
 33   8.11560930310658 -4.95832785974871
 34   7.75416235684371 -4.59634133950833
 35   7.44041279606439 -4.19085748251815
 36   7.17272487549308 -3.75239232114492
 37   6.94788090759326 -3.28948930256341
 38   6.76173289255799 -2.80888872807275
 39   6.60964816006911 -2.31577720628276
 40   6.48679805736133 -1.81405265355067
 41   6.38833547473535 -1.30657409422339
 42   6.30949705988589 -0.795384666868121
 43   6.24565599331108 -0.281905797188896
 44   6.19234340141674 0.232895294252691
 45   6.14525102297195 0.748361056023761
 46   6.10022410088287  1.26401809943418
 47   6.05325106976424  1.77946714208478
 48   6.00045500099563  2.29428549518484
 49    5.9380906373291  2.80794003356839
 50   5.86254998418339  3.31970952654988
 51   5.77037867272236  3.82861618246993
 52    5.6583045587656  4.33336721131375
 53   5.52327919017718  4.83230807099054
 54   5.36253181320931  5.32338975539767
 55   5.17363448145691  5.80415291904125
 56   4.95457560888542  6.27173172553251
 57   4.70383804701065   6.7228799799471
 58   4.42047658622894   7.1540213119779
 59   4.10418883601153  7.56132392052557
 60   3.75537289403408  7.94079873641768
 61   3.37516522039874  8.28841794306571
 62   2.96545279310707  8.60024881252071
 63   2.52885496335976   8.8725960063186
 64   2.06867239022715  9.10214410633911
 65   1.58880285520255  9.28609140117122
 66   1.09362639994523  9.42226601171432
 67  0.587864807908236  9.50921635344837
 68  0.0764226668949485  9.54626964936101
 69  -0.435781155801068   9.5335545678548
 70  -0.943982008544578  9.47198681924071
 71  -1.44372841435376  9.36321940600207
 72  -1.93102296906426  9.20956187889209
 73  -2.40243837470281  9.01387512817641
 74  -2.85520404539587  8.77944973091065
 75  -3.28726121337075  8.50987656950456
 76  -3.69728691677584  8.20891832735585
 77  -4.08468941069803  7.88038964617694
 78  -4.44957920916423  7.52805236641005
 79   -4.7927210209887  7.15553058203536
 80  -5.11547225433253  6.76624844880295
 81  -5.41971357940538  6.36339199119994
 82  -5.70777635868487  5.94989471000254
 83  -5.98237071350235   5.5284456880368
 84  -6.24651673466582  5.10151815090818
 85  -6.50347998789458  4.67141602829016
 86  -6.75671110985061  4.24033590093234
 87  -7.00978800453698  3.81044169866709
 88  -7.26635797478691  3.38394950657147
 89   -7.5300760893326  2.96321970261924
 90  -7.80453522916571  2.55085325243418
 91  -8.09318264452268  2.14978819502042
 92  -8.39921760910165  1.76339106038965
 93  -8.72546508498325  1.39553610924503
 94  -9.07422150874685  1.05066291836831
 95  -9.44707125680046  0.73380016621354
 96  -9.84467644346862 0.450540975815606
 97  -10.2665487184273 0.206953660955406
 98  -10.7108195624249 0.00941235612557971
 99  -11.1740344667146 -0.135663865820374
100  -11.6510046563514 -0.222166056695185
101  -12.1347551644878 -0.244733725324331
102  -12.6166072682761 -0.199248362382603
103  -13.0864244844921 -0.0833363335965071
104  -13.5330342818349 0.103178838240192
105  -13.9448145600794 0.357941259220654
106  -14.3104088949365 0.675907067185572
107  -14.6195126607613  1.04941614864576
108  -14.8636583959274  1.46851503214324
109  -15.0369262430734  1.92152648913903
110  -15.1365122507602  2.39583451342557
111  -15.1630930910643  2.87883547145159
112  -15.1209007206963  3.35901477138595
113   -15.017305240718  3.82716597985422
114   -14.861546969223  4.27771081282111
115  -14.6628761736182  4.70904130174371
116  -14.4328290251781  5.11680585286082
117  -14.0135168714834  5.73259690829666
118  -13.5104281299864  6.16655528839464
119  -12.9311456542694  6.49284273131589
120  -12.3096356759981   6.7278643849847
121   -11.666334482055  6.88831070013075
122  -10.6124252755165  7.01560682615222
123  -9.55173252824941  7.02280400014502
124  -8.49631153395502   6.9192238388147
125  -7.45499723846668  6.71744035157837
126  -6.43354079534726  6.43065329159475
127  -5.43152579274022  6.06688028524693
128  -4.54334802510625  5.68362046259256
129   -3.6665848668793  5.25484787774875
130  -2.80270452353967  4.79115804081782
131  -1.78399209700618  4.88388054065939
132  -0.914370405341984  4.35571464435082
133  -0.0577496767193237  3.81440528626759
134  0.795511463373173  3.26738919727465
135   1.65409172476179  2.72399831458086
136    2.5261006451606  2.19573050016881
137   3.41779114599726  1.69759926951603
138   4.33345638622857  1.24750023917647
139   5.27082809528957 0.867274562759419
140   6.20867143707075 0.580446666052695
141   7.15369985646514 0.377194895558867
142   7.72302445454437 0.275341053519473
143    8.3362648934097 0.171340166683938
144   8.95474930856809 0.0613224771622966
145   9.53121212572234 -0.0536329203408236
146   9.99338003115421 -0.158481588398868
147   10.8371522852422 -0.460180899412247
148   11.5285968015982 -0.861824547228409
149   12.0934972994869 -1.35273184025938
150   12.5353717446638 -1.92254119168911
151   12.8477156570279 -2.55955648912739
152   13.0176142572957 -3.24626349851629
153   13.0310862272716 -3.95625179258699
154   12.8794060692027 -4.65445750961681
155   12.5643380603234 -5.30047554232451
156    12.100907440583 -5.85393409127336
157   11.5170333189154 -6.28054439778835
158   10.8501190571716 -6.55721213463143
159   10.1415756088177 -6.67479770605062
160    9.4308990519303 -6.63788091995006
161   8.75093134177444 -6.46193802482794
162   8.12527890617258 -6.16912275710497
163   7.56795890102824 -5.78400048564145
164   7.08466849176693 -5.33019637219651
165   6.67484232250871 -4.82833157350093
166   6.33379428768542 -4.29514768642108
167   6.05452350623057 -3.74348294812087
168   5.82903091419571 -3.18273041917504
169   5.64916724707283 -2.61948607534627
170   5.50711318327338 -2.05820312725977
171   5.39560727976336 -1.50176227027041
172   5.30801932933267 -0.951930078110792
173   5.23833907401886 -0.409711238082374
174   5.18112504804107 0.124386447402829
175   5.13143985681867  0.65015343616387
176   5.08478628048962  1.16752831877826
177   5.03705154738305  1.67648260310693
178    4.9844632059609  2.17693083523631
179   4.92355791442366  2.66865970802794
180   4.85116331489832  3.15127224070651
181   4.76439246412197    3.624144888216
182   4.66064978110419  4.08639669759068
183   4.53764700826494  4.53687046846943
184   4.39342721478761  4.97412635307919
185   4.22639440347808  5.39644848005365
186   4.03534585588995  5.80186503381181
187   3.81950402616571  6.18818180545777
188   3.57854463757559   6.5530286117341
189   3.31261770035166  6.89391723754991
190    3.0223584816301  7.20830879305195
191   2.70888600945188  7.49368768882188
192   2.37378743896517  7.74763890989969
193   2.01908747975995  7.96792497106945
194   1.64720299609614  8.15255888770061
195   1.26088376780231  8.29986969028166
196  0.863141175997211  8.40855741308626
197  0.457167213605197  8.47773505133823
198  0.0462466958854612  8.50695565833264
199  -0.366334144221013  8.49622350210701
200  -0.777379345216876  8.44598898735982
201  -1.18387187521742  8.35712784619198
202  -1.58305612030145  8.23090588639948
203  -1.97251140343509  8.06893132994247
204  -2.35021423378841  7.87309744062914
205  -2.71458763208978  7.64551868544597
206  -3.06453663801023  7.38846405276581
207  -3.39946992713946   7.1042913246028
208    -3.719308275503  6.79538604900713
209  -4.02448132563494  6.46410868924779
210  -4.31591464861743  6.11275297508527
211   -4.5950093947573  5.74351791001394
212  -4.86361683969238  5.35849527256983
213  -5.12400984846824  4.95967386350689
214  -5.37885270754899  4.54896124948351
215  -5.63116993989008  4.12822336155597
216  -5.88431365388448  3.69934200551223
217  -6.14192771667119  3.26429006655963
218  -6.40790562147994  2.82522383040636
219  -6.68633738675615  2.38459123671139
220  -6.98143926923631  1.94525382913814
221  -7.29745865586452  1.51061844529654
222  -7.63854550114629  1.08477208948771
223  -8.00858153727068  0.67260982266932
224  -8.41095981772749 0.279940948764198
225  -8.84831070085804 -0.0864463289545496
226  -9.32217685153205 -0.418786378766838
227  -9.83264963734704 -0.708431310554635
228  -10.3779920987889 -0.94606663377922
229  -10.9542880057152 -1.12206755696614
230  -11.5551694959888 -1.22700207528099
231  -12.1716833468573 -1.25226562951122
232  -12.7923536837974 -1.19080584389469
233  -13.4034838808655 -1.03786978221014
234  -13.9897129166229 -0.791686935117249
235   -14.534806322347 -0.453993770052161
236  -15.0226261992291 -0.0303092189489771
237  -15.4381910717853 0.470123298051348
238  -15.7686944867932  1.03481042280253
239  -16.0042816671251  1.64897555270762
240  -16.1382812102457  2.29703582574341
241  -16.1664963854274  2.96443229199485
242  -16.0851911025004  3.63928684206395
243  -15.8877796444185  4.31276744583054
244  -15.5611061788334  4.97678056746316
245   -15.081947941382  5.61970595161219
246  -14.4041536011367  6.22668905548414
247  -14.0034939011913  6.48638899980617
248  -13.4391510823674  6.80186669400685
249  -12.8421088549624  7.07394826249321
250  -12.2238782859548  7.29261364207595
251  -11.5924325687911  7.45500232423531
252  -10.5527549903269  7.60137434449337
253  -9.51044929297481  7.61303832456611
254  -8.47399345544022  7.51026944411265
255  -7.44914322152788  7.31021056467922
256   -6.4402471283714  7.02895497556228
257  -5.45054400061871    6.682807166843
258  -4.48823274426901  6.28951339402349
259  -3.55343284198281  5.85181599146807
260  -2.64513815233114  5.37577865571816
