// Id               X                Y
  1  -0.0959062105450123  4.38171675533097
  2  0.986313823212502  4.34908133542495
  3   2.04911235125857   4.2294906496349
  4   3.08650893822836  3.98474729533228
  5   4.05027788759342  3.66298894078264
  6   4.89743972782761  3.29754283843033
  7    5.7386328281557  2.94108670980617
  8   6.60816844305987  2.64986360349109
  9   7.49658383247837  2.41127567555598
 10    8.3812067252947  2.14987098733301
 11   9.21442998005359   1.7387480790316
 12   9.59653693978176  1.36591224336348
 13   9.83650982878328 0.877671049639243
 14   9.82585955505891 0.349995920776931
 15   9.53438663456723 -0.0572228325601303
 16    8.8146932903125 -0.171333329059801
 17   8.41141634372319 -0.0447798158742188
 18   8.33819797197998 -0.0111903112808932
 19   8.27420187887818 0.0210334218864017
 20   8.21205464285483 0.0548554587662903
 21   8.14656116187137 0.0932500966501045
 22   8.07148838516918 0.140692215131653
 23   7.98434444060852 0.200365170751584
 24      7.88559895801 0.273862070884518
 25   7.77711659967068 0.361599393406147
 26   7.66105732620019 0.463154461932302
 27    7.5393226104566 0.577505121757741
 28   7.41342298121112 0.703116806216293
 29   7.28464367604283 0.837852873527101
 30   7.15401444936836 0.979165931617166
 31   7.02189519689636  1.12482152608704
 32   6.88803647299162  1.27312408053843
 33   6.75190542995272  1.42273172639476
 34   6.61286084951445  1.57254511781065
 35   6.47022610148114  1.72166193905094
 36   6.32332372259016  1.86934590723783
 37   6.17149244173087  2.01499820795777
 38   6.01409652659403  2.15812887669912
 39   5.85053668065733  2.29832571849925
 40   5.68027294835802   2.4352180803978
 41   5.50286648930304  2.56843727214102
 42   5.31803501014869  2.69758400998074
 43   5.12570422971419  2.82221645458367
 44   4.92603696204379  2.94186425081125
 45   4.71943163608378  3.05606174336548
 46   4.50649349014955  3.16438716774064
 47   4.28798808936934  3.26649592848338
 48    4.0647880499749  3.36214131124157
 49   3.83782190653497  3.45118134858516
 50   3.60803080455375   3.5335741859808
 51   3.37633542986641  3.60936586273413
 52   3.14361292125304  3.67867446370974
 53   2.91068144182515  3.74167386710826
 54   2.67828814481077  3.79857940663079
 55   2.44709393549778  3.84963694542134
 56   2.21764607069434  3.89511597573196
 57   1.99033083083005  3.93530578793038
 58   1.76531241996529  3.97051080792319
 59   1.54249505552344  4.00103856802095
 60   1.32155829958274   4.0271777765724
 61   1.10206414536564  4.04917510055751
 62  0.883572938993574  4.06722266390691
 63  0.665716717059001  4.08145883288634
 64  0.448224974652123  4.09197677395904
 65  0.230919411134698  4.09883487608631
 66  0.0136927600304231  4.10206570642061
 67  -0.203519492122858  4.10168214741965
 68  -0.420770125688086  4.09768030407804
 69  -0.638131763317772  4.09003909875003
 70  -0.855727350581212  4.07871656087979
 71  -1.07375696951277  4.06364294297149
 72  -1.29251571406704  4.04471124092586
 73  -1.51239233354621  4.02176687093877
 74  -1.73383233790807  3.99460050009881
 75  -1.95725192781535  3.96295031337375
 76  -2.18291873181169  3.92651789416839
 77  -2.41085961401339  3.88499231441155
 78  -2.64084713623981    3.838069986863
 79  -2.87244800669007  3.78546449895461
 80  -3.10508252944904  3.72691075750282
 81  -3.33806687838065  3.66216951216195
 82   -3.5706371910452  3.59103525680345
 83  -3.80196407403138  3.51334793318856
 84  -4.03116581745028  3.42900753482538
 85  -4.25732610987714  3.33798988978057
 86  -4.47951978317243  3.24036111283322
 87  -4.69684813460741  3.13628743754583
 88  -4.90848316726898  3.02603671299401
 89  -5.11371735543275  2.90996837974393
 90  -5.31201248437176  2.78851084687458
 91  -5.50303856134992  2.66212907999529
 92  -5.68669312840781  2.53129008419291
 93  -5.86309416276981  2.39643757222731
 94  -6.03254706398824  2.25798615202596
 95  -6.19549601427411  2.11633811409624
 96  -6.35247589847974  1.97191608923327
 97  -6.50407708146979  1.82520039527513
 98  -6.65092453482442  1.67676373362935
 99   -6.7936641847715  1.52730221573299
100  -6.93294674645776  1.37766475282023
101  -7.06939872829474  1.22888364775698
102  -7.20356292814873  1.08221588649199
103  -7.33574941547055 0.939244561581001
104  -7.46570044251477 0.802108316060085
105  -7.59244396632042 0.673402077813458
106  -7.71475274930763 0.555398607430754
107  -7.83123691002191 0.449770570922063
108   -7.9401504283538 0.357694505413724
109  -8.03948568332263 0.279773558126564
110  -8.12749609115831 0.215778498223023
111  -8.20376569943862 0.164244654562823
112  -8.27078454296772 0.122001971449682
113  -8.33475607907654 0.0843415852731873
114  -8.40093821741415 0.0481167052258607
115  -8.47740565336415 0.00972262513967879
116  -8.87644674412022 -0.134180496582785
117  -9.60277447191337 -0.0618958698853783
118   -9.9205910518403 0.324317853358977
119  -9.96644873253754 0.848094690430198
120   -9.7571009090901  1.34612720524311
121  -9.39431361866479  1.73347957719805
122  -8.57254917564753   2.1621559326345
123  -7.68946908537176  2.42277149487122
124  -6.79896504779799   2.6489578358994
125  -5.92490032478982  2.92510057989864
126  -5.07965913096374  3.27240795614785
127  -4.23874577932349   3.6455959911861
128  -3.27035692492666  3.97727923435145
129  -2.23241323921644  4.22240688304219
130  -1.16468981310494  4.31378808634038
131  -0.0987489556232603   4.9693190221858
132  0.896143785003006  4.93274631522003
133   1.92243517443013  4.80483261463189
134    2.9446683969301  4.57610220168844
135   3.94418254256671  4.26554624030096
136   4.91125358785607  3.90624574820347
137    5.8211207729767  3.55156860612052
138   6.72464556731965  3.25518530791396
139   7.63942266997636  3.01077136928922
140   8.54907422879382  2.74030220098952
141   9.39163815726785  2.29909147634098
142   9.79720150760788  1.89265702385472
143   10.1060943527899   1.3289523349944
144   10.2475957647034 0.667210107437518
145   10.2873766641662 -0.0149528168265625
146    10.406506271363 -0.664697679967566
147   10.5305734745264 -1.73205819573408
148   10.3387005102362 -2.12598052031672
149   10.0687743882849 -2.41452537812738
150   9.75108977186398 -2.61625311634702
151   9.40668508837275 -2.74176130081557
152   9.05493769906297 -2.80066957042154
153   8.70965597798037 -2.80452178557617
154   8.37816570975395 -2.76471642427193
155   8.06337211207829 -2.69092356520785
156   7.76586946524678 -2.59089333150723
157   7.48520153953341 -2.47083875633826
158   7.22036885858002 -2.33579851644258
159   6.96985716506567 -2.18975341974981
160   6.73181044322092 -2.03575568835422
161   6.50461610632272 -1.87638972912437
162   6.28700507381846 -1.71400348617709
163   6.07784740224547 -1.55065919097596
164   5.87607594485352 -1.38810782565213
165   5.68069180069883 -1.22781037723482
166   5.49078719476831 -1.07097531885125
167   5.30556743000437 -0.918598811866877
168   5.12436612336675 -0.771500235982226
169   4.94664883847199 -0.630346770593819
170   4.77199845882728 -0.495661639019461
171   4.60007807284534 -0.367815841010512
172   4.43057734292571 -0.247013216181141
173   4.26315869887597 -0.13328477507405
174   4.09741961292845 -0.0265029894354218
175   3.93287803074418 0.073584608744519
176    3.7689787919407 0.167311009522912
177     3.605114310084 0.255044398346784
178   3.44065215006917 0.337149336460283
179   3.27496342526123 0.413958359727617
180   3.10744781618007 0.485754912720403
181   2.93755287672844 0.552766502745849
182   2.76478699026455 0.615165814831285
183   2.58872703180381 0.673077020852262
184   2.40902384511362  0.72658441595808
185   2.22541134011603 0.775740750699932
186   2.03772771753773 0.820573409296367
187   1.84595625548113 0.861088514915592
188   1.65027916262664 0.897276572175094
189   1.45110766852218 0.929125876293791
190   1.24903982556917 0.956644393908322
191   1.04474983854844 0.979878376582156
192   0.83887271243183 0.998914742518627
193  0.631934623064157   1.0138673072677
194  0.424332658400718  1.02485588836209
195  0.216346579957006  1.03198619132173
196  0.008167105005228  1.03533423176243
197  -0.20006832470114  1.03493629261757
198  -0.408236832278287  1.03078433906637
199  -0.616190784794635  1.02282668823987
200  -0.823719654324898  1.01097397271798
201  -1.03051578587937 0.995110625911606
202  -1.23614952576254 0.975111808188266
203  -1.44006426205093  0.95086424569383
204  -1.64160815725644  0.92228622174256
205  -1.84011716407373 0.889337976074386
206  -2.03503473098321 0.852014748785578
207  -2.22600858265628 0.810326004938165
208   -2.4129115925111  0.76427510892196
209  -2.59580110829084 0.713848252957218
210  -2.77486658667789 0.659009661232427
211  -2.95039378749859 0.599697206429822
212  -3.12274688985863  0.53581586530334
213   -3.2923602882418 0.467229557599715
214  -3.45973229402088 0.393753464177668
215  -3.62541582000017 0.315149498190654
216  -3.79000368165995 0.231127697495386
217   -3.9541081152939 0.141356043011476
218  -4.11833580040731 0.0454804798397678
219  -4.28326135714703 -0.0568444810006401
220  -4.44940399968488 -0.165916424316238
221  -4.61721344384607 -0.281941709025388
222   -4.7870715212885 -0.404995747490155
223  -4.95931397275115 -0.534995491463003
224  -5.13427137799079 -0.671689583052297
225  -5.31232012185719 -0.814663662491052
226  -5.49392887934442 -0.963349864914689
227  -5.67968888446084 -1.11702777921151
228  -5.87032517696798 -1.27481038798125
229  -6.06669302061921 -1.43561618844969
230  -6.26976532435526 -1.59813267988403
231  -6.48061724635076  -1.7607780110415
232  -6.70042243541334 -1.92167223546251
233  -6.93051978857414 -2.07865074240939
234  -7.17264723657714 -2.22933736854679
235  -7.42894471863402 -2.37095670286503
236  -7.70131453618055 -2.49977312498372
237  -7.99117049764946 -2.61088850456256
238  -8.29943425985337 -2.69813825296249
239  -8.62607292587158 -2.75372473977576
240  -8.96888168876598 -2.76777905056318
241  -9.32137306748037 -2.72843107917662
242   -9.6705930434888 -2.62326924087135
243  -9.99784828938392  -2.4415200881369
244  -10.2829462792463 -2.17140544605564
245    -10.49705387844 -1.79290396653563
246  -10.4371863673896 -0.72139377841195
247  -10.3577215199635 -0.0660023456860694
248  -10.3605759171873 0.617441462602117
249   -10.257988471783  1.28683545308892
250  -9.97624788050392  1.86724745609976
251  -9.58088833828484  2.29304805485935
252  -8.74580200372506  2.75077417528748
253  -7.83499193491763  3.02145258594762
254  -6.91667175071248  3.25394976276452
255  -6.00938947415982  3.53560619693048
256  -5.10046289345793  3.88216796321447
257  -4.13111539703055  4.24741673324761
258  -3.13122486116697  4.56598147353461
259  -2.10914163704192  4.79591436649699
260  -1.10856998028373  4.91915612719839
