// Id               X                Y
  1  -0.0116962244959293 -0.230269475211297
  2  0.871520643536789 -0.177846895882881
  3   1.71790861449488 0.0203330512514495
  4   2.63349049109691 0.533618752235966
  5   3.44159133489514 0.856408569364461
  6   4.20433179696848  1.29719444507183
  7   4.95903553475539  1.74434249860722
  8    5.7450721227691  2.11915776104562
  9    6.5793559297291  2.35392384485561
 10   7.44323947152025  2.37027408818238
 11   8.28019899781163    2.122514805212
 12   8.66176116323349  1.83282302135323
 13   8.93439553436043  1.39494713971652
 14   8.91107981690958 0.844947562948054
 15   8.49258594045267 0.510933976024488
 16   7.70165527470787 0.910854524643151
 17   6.78962654790021  1.61372130198318
 18    6.4125197330904   1.5427485572339
 19      6.23531278334  1.45323872954086
 20   6.06948714645613  1.33867197839273
 21    5.8962333402416  1.19655728049145
 22    5.7816896859105  1.09902087142143
 23   5.66043900140536 0.997228900025475
 24   5.54658304025701 0.906112010073397
 25   5.42723465129885  0.81690850033579
 26   5.30365784453131 0.732225614513207
 27   5.17618203615948 0.653341754196699
 28    5.0446544577503 0.580830107097342
 29   4.90940353539136 0.515227336560814
 30   4.77178261329653  0.45714329971642
 31   4.63213138689521 0.406350026266041
 32   4.49157112497409 0.362683673363481
 33   4.35030837461808 0.325542620480455
 34   4.20884785633505 0.294424424253267
 35   4.06739728511548 0.268810891337133
 36   3.92614989820822 0.248271322210269
 37   3.78523023478911 0.232438973641824
 38   3.64471298117788 0.220988689377391
 39   3.50469562377136 0.213611816719833
 40    3.3651049737542 0.209985260530166
 41   3.22587433050263 0.209779304487488
 42   3.08700304609589 0.212653119735667
 43   2.94853148346381 0.218255272975766
 44     2.810518834911 0.226231852115872
 45   2.67303441681719 0.236236375591638
 46   2.53615155934372 0.247937917563158
 47   2.39994463793186 0.261025789172413
 48   2.26448571412528 0.275210979792581
 49   2.12984273215095 0.290225104085579
 50   1.99607820573317  0.30581811734158
 51   1.86324861491262 0.321755769840988
 52   1.73140473202383 0.337817332846416
 53   1.60059202686257 0.353793852136602
 54   1.47085387029592 0.369486512121417
 55    1.3422338203173 0.384705454340821
 56   1.21478847918438 0.399267752577879
 57   1.08859309371593 0.412997050801206
 58  0.963765520199471 0.425722613846242
 59  0.840417615593148 0.437287612458626
 60  0.718586425964826 0.447558312224481
 61  0.598027816439714 0.456439263570356
 62  0.478268769690086 0.463858367918632
 63  0.358777308886104 0.469746854921278
 64  0.239266256898887 0.474026238148287
 65  0.119655139827365 0.476625671810915
 66  -1.65345168745318e-05 0.477497519579307
 67  -0.119685399807564 0.476625514314153
 68  -0.239288071980799 0.474026130770502
 69  -0.358785658512756 0.469747193317764
 70  -0.478261636192849 0.463859575694076
 71  -0.598008923328959 0.456441454536216
 72  -0.718564118867593 0.447561112098857
 73  -0.840399019850948 0.437290498888939
 74  -0.963753084199704 0.425725324554487
 75   -1.0885857140438 0.412999628533364
 76  -1.21478424828313  0.39927032915867
 77  -1.34223130927416 0.384708109160508
 78  -1.47085231691101 0.369489241785341
 79  -1.60059109672129 0.353796602984528
 80  -1.73140432141324 0.337820038914532
 81     -1.86324872903 0.321758383215474
 82   -1.9960789145691 0.305820623774533
 83  -2.12984415417806 0.290227524454942
 84  -2.26448802134655 0.275213352310372
 85  -2.39994805165203 0.261028128853484
 86  -2.53615634334718 0.247940145007687
 87  -2.67304081494671  0.23623821632853
 88  -2.81052701679155 0.226232705456516
 89  -2.94854140004224 0.218254079995049
 90  -3.08701454605085 0.212648256719464
 91  -3.22588724709696 0.209768605427311
 92   -3.3651201311442 0.209966268636371
 93  -3.50471482052352 0.213582417124529
 94  -3.64473943655394 0.220948121608409
 95  -3.78526316560781 0.232388630477416
 96  -3.92618204699739 0.248215036216137
 97  -4.06741670263932 0.268754620789381
 98  -4.20885239060498 0.294377019785445
 99  -4.35032485234776 0.325518736527285
100  -4.49158374721846 0.362685031492323
101  -4.63219066462139  0.40639263114839
102  -4.77176710308507 0.457179463166629
103  -4.90941549524585 0.515287191961665
104  -5.04456658093664 0.580843779350559
105   -5.1761095882078 0.653356614226348
106  -5.30362013192154 0.732249495695033
107   -5.4272498531449  0.81695187248067
108   -5.5466268437267 0.906156064372691
109  -5.66042044767344 0.997197942039625
110   -5.7816037917352  1.09890419678832
111  -5.89645678659558  1.19668322254731
112  -6.06939262731095  1.33849519836476
113  -6.23522739876352  1.45307106150501
114  -6.41239452485487  1.54257523340792
115  -6.78950025698454    1.613597603835
116   -7.7015615921903 0.910791721842437
117  -8.49250762375983 0.510901169835702
118   -8.9109848650534 0.844924039738528
119  -8.93428948860553  1.39490565216962
120  -8.66166186602893  1.83276907336742
121   -8.2801051917357  2.12246167870522
122  -7.44315674900451  2.37024482361305
123  -6.57927811209045  2.35395002985412
124  -5.74500915736105  2.11927402891829
125  -4.95911634662088  1.74493819771629
126  -4.20625672950354  1.30032781014713
127  -3.46017141997803 0.866006277713394
128  -2.70777364782763 0.534220817028749
129  -1.86552501087887 0.0101051526972414
130  -0.926081723268818 -0.179862496527323
131  -0.00312571428290564 0.376830095007456
132  0.870056929555097 0.436388870313634
133   1.71737980707359 0.644646147930349
134   2.53579432469307  1.07681088452644
135   3.32304019484873  1.46147013131042
136   4.10310407615404  1.90822792279015
137   4.90244714350798  2.35899309948632
138   5.76568958463033   2.7329275989102
139    6.7746005712863  2.93791520164858
140   7.83966834307088  2.80645832427636
141   8.75179521341774  2.22636976226701
142   9.12114866536682  1.64259647462022
143   9.25619190877718  1.02648523828456
144   9.26318349763003 0.530749643397125
145   9.26322494235126  0.10090210429537
146   9.40377405317624 -0.559683903333032
147   9.70122908078173 -1.77647571523369
148   9.70122818266168 -1.77647747368799
149   9.56668830682126 -1.97083960474963
150    9.2725755291869 -2.22729134772475
151   9.17231153399216 -2.30271371000371
152   9.00272225971678 -2.42322197324052
153   8.86106798819533 -2.52197665053372
154   8.71033211304909 -2.62672900635319
155   8.55843945886455 -2.73174379114275
156   8.40209455196857  -2.8378472854616
157   8.23995684902651 -2.94373798750237
158   8.07268055712921 -3.04666730536163
159   7.90087663128462 -3.14448521328006
160    7.7242369633895 -3.23636089494455
161   7.54344351542955 -3.32167270000307
162   7.35847070535005 -3.40073837691834
163   7.17027687166513 -3.47380355260797
164   6.97914718014869 -3.54156035623944
165   6.78520531570962 -3.60470792940978
166   6.58807089623474  -3.6639413598131
167   6.38739348745639 -3.71972826847628
168   6.18303514191495 -3.77229019664136
169   5.97512515029026 -3.82165581521266
170    5.7641558648264 -3.86771888357678
171   5.55070203869785 -3.91037458290715
172   5.33523849162235 -3.94959194323593
173   5.11814299045713 -3.98541804385615
174   4.89972144959964 -4.01796365089401
175   4.68022821791816 -4.04738389715448
176   4.45987799645801 -4.07386066580919
177   4.23885325326486 -4.09758936088173
178   4.01730961790303 -4.11877039471737
179   3.79537955348589 -4.13760435160236
180   3.57317477064982 -4.15428926593032
181   3.35078752498913 -4.16901881119596
182   3.12829076875564 -4.18198075340267
183     2.905737937018 -4.19335536512609
184    2.6831612977326 -4.20331373460401
185   2.46057204492821 -4.21201563894472
186   2.23795688946368 -4.21960703540635
187   2.01528170139988 -4.22621668224502
188   1.79248120233684 -4.23195293392855
189   1.56947220614568 -4.23690038883628
190   1.34614930470258 -4.24111921705757
191   1.12246319921368 -4.24464661292679
192  0.898421385687743 -4.24750417125448
193  0.674095430140192 -4.24970613580814
194  0.449539090739938 -4.25126570340618
195  0.224815483726883 -4.25219520293149
196  -2.9690258539491e-07 -4.25250378647138
197  -0.224816359011519 -4.25219479644352
198  -0.449540852471079 -4.25126475542111
199  -0.674098695130893 -4.24970444022638
200  -0.898426403857165 -4.24750155889086
201  -1.12246924637327  -4.2446430599596
202  -1.34615499744662 -4.24111488353939
203   -1.5694768816152  -4.2368955472031
204  -1.79248514191228 -4.23194786083141
205  -2.01528543609626 -4.22621158858153
206  -2.23796065286047 -4.21960204909222
207  -2.46057585936302 -4.21201081338993
208  -2.68316511665641 -4.20330907354368
209  -2.90574172930706 -4.19335085550477
210  -3.12829452324635 -4.18197640576611
211  -3.35079124677617 -4.16901470532238
212  -3.57317847158602 -4.15428559643334
213  -3.79538324918023 -4.13760145731957
214  -4.01731332093705  -4.1187687470916
215  -4.23885696816403 -4.09758948295551
216  -4.45988171124592 -4.07386296550756
217  -4.68023191888157  -4.0473884224207
218  -4.89972517704278 -4.01796981228736
219   -5.1181470770842 -3.98542436680139
220  -5.33524420759584 -3.94959590231774
221  -5.55071337645772 -3.91037242967523
222  -5.76418323209334 -3.86770522106161
223   -5.9751918448366 -3.82162243467107
224  -6.18318328655098 -3.77222446058037
225  -6.38767916165854 -3.71961340000931
226  -6.58852872844461 -3.66376506114406
227  -6.78577913345358 -3.60448414624085
228  -6.97966235949435 -3.54134524634437
229  -7.17050628576313 -3.47368427911404
230  -7.35837400271051 -3.40074747036968
231    -7.543095428403 -3.32179759732781
232  -7.72397345909735 -3.23645363730241
233  -7.90073455635994 -3.14451595742014
234  -8.07277097076175 -3.04656069818218
235  -8.24006296478256 -2.94361933586336
236  -8.40207194960029 -2.83782293119689
237  -8.55832517450345 -2.73180220805242
238  -8.71025963968379 -2.62678244594234
239  -8.86117008597683 -2.52193262224139
240  -9.00285686223522 -2.42317520988907
241  -9.17162148047751 -2.30327650004434
242  -9.27250400597941 -2.22741774760669
243  -9.56632111591868 -1.97125969114874
244  -9.70115010660587 -1.77658199531954
245   -9.7011510010348 -1.77658024415741
246  -9.40372609263449 -0.55973274773217
247  -9.26316623125389  0.10090270713909
248  -9.26311775938499  0.53075178716235
249  -9.25610831460862  1.02647256828756
250  -9.12105399667987  1.64254313328353
251  -8.75170568598661  2.22630835560441
252  -7.83960736223066  2.80641456272443
253  -6.77457453693193  2.93790865304026
254  -5.76581399425842  2.73300963100627
255  -4.90237074908427  2.35960907309265
256   -4.1023152580329  1.91043780433605
257  -3.32315588481536  1.46257045721401
258  -2.53935424217466  1.06186808538074
259  -1.73815097418293  0.62171747689073
260  -0.879672575924429 0.422696001880077
