// Id               X                Y
  1  -0.0764699447051032 0.274797487794959
  2  0.840060074647989 0.279130934788728
  3   1.75869494660883 0.292646295451659
  4   2.70172124375106 0.336412442847529
  5   3.62227684649841 0.523249352244193
  6   4.49216039364481 0.854976677776937
  7   5.29824104574015  1.29834010766526
  8   6.05867440189565  1.79324827703364
  9   6.82453455057183  2.26588857731547
 10    7.6576841412008  2.57098276182249
 11   8.54417220898812  2.53899968340273
 12   8.96662382502321  2.29802879302398
 13    9.2667325959267  1.89201865748089
 14   9.32549218183122  1.36558221120316
 15    9.0701163515595 0.920126399388357
 16   8.38100379321688  0.72270380585282
 17   8.23598480830812 0.697072010675656
 18   7.98140932134737 0.653640171282235
 19   7.73473240355598 0.608311247614549
 20   7.50756232908632 0.563210937497679
 21   7.30065158030177 0.519776829873412
 22   7.11604014901376 0.479850243903773
 23   6.95170367041561 0.444125179689862
 24   6.79658075737904 0.410884817339189
 25   6.63949395669874 0.378236157950013
 26   6.47650764894682  0.34587666563952
 27   6.30783897879282  0.31433325805004
 28   6.13485990780239 0.284226229679702
 29   5.95903155658632  0.25601883590799
 30   5.78160854496545 0.229977256971885
 31   5.60358220398964 0.206199597685211
 32   5.42569864822492 0.184661409488696
 33   5.24849953045499 0.165258388489366
 34   5.07236622400168 0.147840067514464
 35   4.89755943595702 0.132233875377947
 36    4.7242512046931 0.118261082298344
 37   4.55254885203207 0.105746679652887
 38    4.3825118247333 0.0945250636376906
 39    4.2141629055185 0.0844429794082535
 40   4.04749531547237 0.075360761111436
 41   3.88247702887269 0.0671525605995027
 42   3.71905336146748 0.0597060090799904
 43   3.55714866585256 0.0529215873334415
 44   3.39666779330192 0.046711870053032
 45   3.23749784187021 0.0410007394689564
 46   3.07951057241436 0.0357226187314967
 47    2.9225657082562 0.0308217470282093
 48   2.76651513778812 0.0262515001929078
 49   2.61120784407208 0.0219737492334208
 50   2.45649523741526 0.0179582426887082
 51   2.30223649580341 0.0141819955474428
 52   2.14830352382582 0.0106286666447201
 53   1.99458519958369 0.00728790758503056
 54   1.84099065528434 0.00415466927128762
 55   1.68745139592808 0.00122845713972697
 56   1.53392208526213 -0.00148746661332532
 57   1.38037983394782 -0.00398692601056513
 58   1.22682185029008 -0.00626170016023883
 59   1.07326139921547 -0.00830238655449346
 60  0.919722188824168 -0.0100992170816233
 61  0.766231578266134 -0.0116427798451682
 62  0.612813355875811 -0.0129246030603039
 63   0.45948119101867 -0.0139375711986471
 64  0.306234067025907 -0.0146761678622204
 65   0.15305487911873 -0.015136569885096
 66  -8.71849742275348e-05 -0.015316643622085
 67  -0.153230816073881 -0.0152159060797138
 68  -0.306414684920831 -0.0148355027678705
 69  -0.459669545222459 -0.0141782224974376
 70  -0.613012409711276 -0.0132485291115709
 71  -0.766444177353265 -0.0120525584226296
 72  -0.91995104431335 -0.0105980177613778
 73  -1.07350907805862 -0.00889393715135534
 74  -1.22709076802829 -0.00695024747052514
 75  -1.38067224379155 -0.00477719081980965
 76  -1.53424005548227 -0.00238459242827947
 77  -1.68779676563521 0.00021896291094095
 78  -1.84136495892127 0.00302700400918037
 79  -1.99498955442727 0.00603605574617754
 80  -2.14873848072767 0.00924650112693858
 81  -2.30270185963418 0.0126634056426094
 82   -2.4569898714528 0.0162972983991568
 83  -2.61172948227112 0.0201649141443033
 84  -2.76706023635069 0.0242899073941574
 85   -2.9231293680744 0.0287035543399349
 86  -3.08008655570658 0.033445460237361
 87   -3.2380786913842 0.0385642895948084
 88  -3.39724504184467 0.0441185335114877
 89  -3.55771309961766 0.0501773224685353
 90  -3.71959527860908 0.0568212827989959
 91  -3.88298642134841 0.0641434194541286
 92  -4.04796189778909 0.0722499842044991
 93  -4.21457591459042 0.0812612533361548
 94  -4.38285951741021 0.0913120861387595
 95  -4.55281762653154 0.102552055251604
 96  -4.72442426051758 0.115144817753729
 97  -4.89761486132921 0.129266213234154
 98  -5.07227436515053 0.145100312617144
 99  -5.24821945322855 0.162832289797025
100  -5.42517347882002  0.18263657798072
101  -5.60273324512293  0.20465842949202
102  -5.78032851820001 0.228987020152481
103  -5.95717859994403 0.255619234635884
104  -6.13225742486549 0.284416415786195
105  -6.30429623458073 0.315064077763027
106  -6.47190645405808 0.347063087641471
107  -6.63408729309359 0.379829654047857
108  -6.79191864197516 0.413106646463842
109  -6.95243064373261 0.447919813629987
110  -7.12905863045365 0.486744678478692
111  -7.33052272730313 0.530849678905786
112  -7.55757295294998 0.579460126823445
113  -7.81029350760797 0.631738607948032
114  -8.08770564651727 0.687486383262788
115   -8.3701949622591 0.746096326728489
116  -8.37019517814724 0.746096376737269
117  -9.05678017788357 0.947094075717293
118  -9.32247335114347  1.38265875486721
119  -9.28774681855776   1.9055511975366
120  -9.00908147548536  2.32339701062126
121  -8.59856662245424  2.58091053565129
122  -7.71466242683928  2.63523168290426
123  -6.88189900447961  2.33635726498108
124   -6.1227891057109  1.86007019222367
125  -5.37442956049038  1.35755947063438
126  -4.58467377795233 0.903868864560636
127  -3.73432090598836 0.558963442996786
128  -2.83560720644238 0.356818957214994
129  -1.91250033243564 0.294472406186297
130  -0.995321835419105 0.246223656911708
131  -0.0252863375253881   0.8541210134527
132  0.873280362615049 0.862036313429265
133   1.77056139916148 0.879920967334558
134   2.66372222563006 0.952215812422835
135   3.54063389869145      1.1385761449
136   4.38113372299765  1.46578923112255
137   5.18030533096195  1.90836495942188
138   5.97489948689561  2.40602430828234
139   6.89399363450704  2.88297860971296
140   7.95111389381703   3.1099832180997
141   8.99407566742151  2.80930570070952
142   9.47735801019171  2.31472112945506
143   9.72859749970433  1.68434856383256
144   9.77815172216716  1.06302906558202
145   9.73748578864515 0.527945063966858
146   9.64799980093314 -0.177553942935122
147   9.14385295584131 -1.82964848507315
148   8.98983508818967 -1.97449067743055
149   8.86637351606767 -2.07056447768993
150   8.73076293412682 -2.16056407666749
151   8.57801016949288 -2.24658429813439
152    8.4037667802251 -2.32893081222364
153   8.20795785795467 -2.40560654555852
154   8.00126549251561 -2.47227474825085
155   7.79588702758477 -2.52717615159938
156   7.59678531395346 -2.57191581621641
157   7.40419012317674 -2.60889850830353
158   7.21674904341958 -2.64015757835925
159   7.03283853217961 -2.66720576011321
160     6.851012602168 -2.69113633241167
161   6.67012931296911 -2.71274218088569
162   6.48935299295107 -2.73260745082878
163   6.30810964056112 -2.75117062344016
164   6.12602967312247 -2.76876597441274
165   5.94289371469676 -2.78565029231854
166   5.75858784204975 -2.80202010427163
167   5.57306975720341 -2.81802304825127
168   5.38634488459613 -2.83376577316943
169   5.19845043133831 -2.84931985331395
170   5.00944533887538 -2.86472660713964
171   4.81940432681357 -2.88000133244941
172   4.62841459517281 -2.89513724078254
173   4.43657407354511 -2.91010923843182
174   4.24399035237837 -2.92487762060801
175   4.05077962294742 -2.93939169270976
176   3.85706512775192 -2.95359329286176
177   3.66297481713809 -2.96742015573625
178   3.46863812727436  -2.9808090295636
179   3.27418200855164 -2.99369844172403
180   3.07972649620642 -3.00603100939171
181   2.88538019735532 -3.01775521219007
182   2.69123607213193 -3.02882657986546
183   2.49736783612841 -3.03920829185222
184   2.30382724358327 -3.04887122855439
185   2.11064246151343 -3.05779354926937
186   1.91781773059635 -3.06595989574743
187   1.72533451171858 -3.07336033412316
188   1.53315429463539 -3.07998915386776
189   1.34122315240254  -3.0858436423285
190   1.14947793099661 -3.09092294745003
191  0.957853655156417 -3.09522712791751
192  0.766291333464525 -3.09875646637697
193  0.574744951002348 -3.10151108454851
194  0.383186214065186 -3.10349084897269
195  0.191605752584033 -3.10469549980187
196  1.01151582351247e-05 -3.10512488790515
197  -0.191585058051215 -3.10477918755223
198  -0.383164152077449 -3.10365897743533
199  -0.574720691776325 -3.10176514877961
200  -0.766264162545946 -3.09909868193151
201  -0.957823005112425 -3.09566039876591
202  -1.14944340101149 -3.09145082366964
203   -1.3411845171055  -3.0864702677553
204  -1.53311150656434 -3.08071920377507
205  -1.72528770391291 -3.07419894293272
206  -1.91776722798984  -3.0669125747915
207  -2.11058881214043 -3.05886609469531
208  -2.30377128041934 -3.05006961966352
209  -2.49731077590733  -3.0405385805886
210  -2.69117965061151 -3.03029477272824
211  -2.88532683298073 -3.01936714632906
212  -3.07967946445443 -3.00779222493664
213  -3.27414559683872 -2.99561405228549
214  -3.46861772957192 -2.98288359173364
215  -3.66297692393484 -2.96965753550256
216  -3.85709717204817 -2.95599652162298
217  -4.05084965518531 -2.94196279801317
218  -4.24410653643295 -2.92761740714962
219   -4.4367440213305 -2.91301698403444
220  -4.62864458414147 -2.89821026140989
221  -4.81969846730211 -2.88323436141071
222  -5.00980477795528 -2.86811092735077
223  -5.19887270257534  -2.8528421177099
224  -5.38682354383032 -2.83740644605826
225  -5.57359448916099 -2.82175439683554
226  -5.75914529134296 -2.80580365870381
227  -5.94346938864143 -2.78943366430779
228  -6.12661137042112 -2.77247886108381
229  -6.30869296274556 -2.75471969523421
230  -6.48994952590571 -2.73586958735959
231  -6.67077782515383 -2.71555512951904
232  -6.85179273742871  -2.6932852877923
233   -7.0338842859495 -2.66840365721319
234  -7.21825420001757 -2.64001647425685
235  -7.40638570922045 -2.60689100390967
236  -7.59983707380558 -2.56733579757128
237  -7.79956605727174 -2.51915443837094
238  -8.00401516190413 -2.46007552975939
239  -8.20527500977064   -2.389661046479
240  -8.38947807068392 -2.31164492179411
241  -8.54892209725554 -2.23089810937958
242  -8.68469815865966  -2.1500930567341
243  -8.79786055614966  -2.0723139379467
244  -8.89460818782317 -1.99662419735376
245  -9.03417251089215 -1.86873579434315
246  -9.59623835515814 -0.179042743831896
247  -9.70878541604617 0.526470640909248
248  -9.77013909461885  1.06243733662185
249  -9.74543341866851  1.69016864662776
250  -9.51841512450066  2.32980143930761
251  -9.05166388827511  2.84104476992277
252  -8.01582729600573  3.16855696275813
253  -6.95370035681518  2.95304100166142
254  -6.02711501672238  2.47061377575081
255  -5.23329811904636  1.96249596544786
256  -4.43778900133823  1.50707691383349
257  -3.59967671132293  1.16487662379625
258  -2.72150105066205 0.961952513859829
259  -1.82362582093642 0.873178595018129
260  -0.923058369420499  0.84734195500506
