// Id               X                Y
  1  -0.10369045028275  3.99325474749753
  2  0.842488354203912  3.95281684992381
  3    1.7957649438539  3.82075316226501
  4   2.75689862009738  3.59492109651733
  5   3.65631091334538  3.31864570581533
  6   4.50797951782713  2.98527639983859
  7    5.3717856079063  2.68587744706741
  8   6.24892520021286  2.42735107668737
  9   7.13036314295919  2.19367163600723
 10   8.00422288542542  1.95049544612784
 11    8.8577694538348  1.64152290415116
 12   9.29888792367152  1.38372900098324
 13   9.68667509439406   1.0223879532348
 14   9.94207051433649 0.447915734643132
 15   9.80846274789872 -0.0910507893438071
 16   9.10437693500906 -0.34557276132429
 17    8.6080188569281 -0.244640646098315
 18   8.51271586597843 -0.211195975302646
 19   8.45385627742785 -0.188220338562013
 20   8.39646045129363 -0.164135010167728
 21   8.33862865659131 -0.138177889798439
 22   8.27403422727273 -0.107229616811729
 23   8.19794118686155 -0.068139308790443
 24   8.10867536331637 -0.0187399321748927
 25    8.0067086921499 0.0422173255611855
 26   7.89357158240034 0.115233166264679
 27   7.77112253484126 0.200200888907288
 28   7.64117916104866 0.296481142397748
 29   7.50543290820354 0.402904404766497
 30     7.365452315101 0.517791940317119
 31   7.22247720206116 0.639233782067374
 32   7.07711505118204 0.765536680739865
 33   6.92939353394748 0.895372080687803
 34   6.77901925162253  1.02767277039477
 35   6.62554525153629  1.16154809598356
 36   6.46845156115623  1.29624405129218
 37   6.30719429683107  1.43111428678355
 38   6.14124439407107  1.56559172002406
 39   5.97012311421326  1.69916049463404
 40   5.79343614721606  1.83133098458051
 41   5.61090434535183  1.96162157971203
 42   5.42238686367009  2.08955025043078
 43   5.22789254004718  2.21463651251363
 44    5.0275775125007  2.33641153706462
 45   4.82173008483369  2.45443222588819
 46   4.61074630427187  2.56829483684455
 47   4.39510083686283  2.67764492415282
 48   4.17531752751919  2.78218212897997
 49   3.95194298594807  2.88165994270667
 50   3.72552520225453  2.97588156892155
 51   3.49659796173791  3.06469340106338
 52   3.26567086354906  3.14797758972386
 53   3.03322403408574  3.22564491745565
 54   2.79970605225656  3.29762888930177
 55    2.5655330741786  3.36388164569732
 56   2.33108669998432  3.42437197869393
 57   2.09670806379828  3.47908529393686
 58   1.86268653574656  3.52802474803904
 59   1.62924388451399  3.57121210993831
 60   1.39651850434227   3.6086865437613
 61   1.16455730589933  3.64050005763054
 62  0.933321845209991  3.66670996615069
 63   0.70270908817733  3.68737051487834
 64  0.472579681795855   3.7025263852123
 65   0.24278349200163  3.71220962839624
 66  0.0131751416440264  3.71643967935664
 67  -0.21638194805328  3.71522484563401
 68  -0.446019736576639  3.70856356589433
 69  -0.675872230100891  3.69644448064171
 70  -0.90607837198836  3.67884545387647
 71  -1.13677600376427   3.6557327123511
 72  -1.36808485393659    3.627061799513
 73  -1.60008159961566   3.5927816165019
 74  -1.83277505757108  3.55284136181804
 75  -2.06609073667871  3.50719847892498
 76  -2.29986949714407   3.4558250894925
 77  -2.53387799232618  3.39871136675342
 78  -2.76782414933981  3.33586603445177
 79  -3.00137128075291  3.26731539852949
 80  -3.23414758775636  3.19310253608255
 81  -3.46575099722023  3.11328779918153
 82  -3.69575109749644  3.02795115117413
 83   -3.9236904553503  2.93719633261832
 84  -4.14908738238026  2.84115650120338
 85  -4.37144175097705  2.74000073741119
 86  -4.59024495336957  2.63394058448023
 87  -4.80499456751084  2.52323558116041
 88  -5.01521366418508  2.40819660551233
 89  -5.22047388967907  2.28918589974635
 90  -5.42042049746451  2.16661303971207
 91  -5.61479652530227  2.04092694763435
 92  -5.80346261219994   1.9126052617088
 93  -5.98640889289867  1.78214365839308
 94  -6.16375627454572  1.65004853384059
 95  -6.33574614037773   1.5168362500441
 96  -6.50271959057275   1.3830407765543
 97  -6.66508877761777  1.24922949945148
 98  -6.82330282883975  1.11602521258351
 99  -6.97780888417396  0.98413179382412
100   -7.1290046202176  0.85436257495654
101  -7.27716722299595 0.727678164783116
102   -7.4223076326407 0.605267160889117
103   -7.5639286746959 0.488665522816369
104  -7.70096356697214  0.37966109292913
105   -7.8320315892493 0.279914414227841
106  -7.95561114146189 0.190699909501432
107  -8.07006244019338 0.112839927654035
108  -8.17372148223242 0.0466643831945589
109  -8.26522869518324 -0.00808721387821712
110  -8.34420638418589 -0.0524473993113555
111  -8.41232377610622 -0.0884855515723348
112  -8.47432722261898 -0.119462363605193
113  -8.53680400388718 -0.148887625175767
114  -8.60192425758197 -0.177619186197053
115   -8.7118921477681 -0.221609858670528
116  -9.20711608340746 -0.350166085480507
117  -9.93088105473119 -0.147682185146793
118  -10.1058926763122 0.369948677180386
119  -9.89901178605826  0.95716810161146
120  -9.53631970887543   1.3413586862126
121  -9.10873000647001  1.61904006824042
122  -8.26297383540268  1.94835756088986
123  -7.38869275329729  2.19241979687978
124  -6.50206993375656  2.41471214172942
125  -5.61600787193897    2.657220486042
126  -4.74044840244932  2.94150535302609
127  -3.87804735710839  3.26621166769228
128  -2.96216205901985   3.5647420902219
129  -2.00309767573681   3.8005103850474
130  -1.05269923199502  3.91884594859593
131  -0.126723559000631  4.58225281678801
132  0.851604310076168  4.54368909837335
133   1.81831518317986  4.40971854558996
134   2.76951572783482  4.19047238542929
135   3.70952310707757  3.90593455052545
136   4.63903292882293  3.58521330628724
137   5.54751364278821  3.27939765654671
138   6.46273830146551  3.00842575537551
139   7.39759402895296  2.75161130221928
140   8.39223331768991  2.42648935188323
141   9.32903632965075  1.92395321509067
142   9.82333234154042  1.47216580820322
143   10.2038663964667 0.930022777887879
144   10.4341354587903 0.419839943479078
145   10.5824299701028 -0.0704990001032716
146   10.7257799076191 -0.704616437127694
147   10.7142265222886 -1.89159650977536
148   10.5035120864606 -2.28713116876002
149   10.2224477590638 -2.59594662921241
150     9.897264646909 -2.82350984601392
151   9.54433336756325  -2.9780832548083
152   9.18050651220063 -3.06618288466388
153   8.82074754852117 -3.09673664186971
154    8.4748665867474 -3.08056197855485
155   8.14759669091041 -3.02816146934281
156   7.84022788562475 -2.94844924401353
157   7.55216413085356 -2.84850696780442
158   7.28189263606031 -2.73379804794278
159    7.0274165762556  -2.6084310163292
160   6.78644589171439 -2.47537182912573
161   6.55673609615705 -2.33676982819785
162   6.33650065050266 -2.19439933440651
163   6.12443460713993 -2.04987757405117
164   5.91950903625191 -1.90465704431683
165   5.72084965564954 -1.76000371941907
166   5.52769605835785  -1.6170018990325
167   5.33938419552042 -1.47656574535342
168   5.15533148317026 -1.33944908969153
169   4.97501861784472 -1.20625188807276
170   4.79796741948136 -1.07742461207124
171   4.62371728264978 -0.953273768402611
172   4.45180450899224 -0.833972144723628
173   4.28174849172316 -0.719575965692821
174   4.11304681574738 -0.610048682451995
175   3.94517895515141 -0.505288927685236
176   3.77761645760274  -0.4051591479139
177   3.60983674069415 -0.309511649856568
178     3.441337740131 -0.218209790342579
179   3.27165124925398 -0.131143233888111
180   3.10035352238679 -0.0482372258348886
181   2.92707239176018 0.0305434550002473
182   2.75149073285994 0.105194774375931
183   2.57334666095747 0.175676652511736
184   2.39243143022175  0.24191775343027
185   2.20858666386009 0.303820589154431
186    2.0217031527228 0.361265944461854
187   1.83172365566622 0.414116153252184
188   1.63865128956431 0.462217559878468
189   1.44256262933739  0.50540339856508
190   1.24362086141848 0.543498811759782
191   1.04208138420137 0.576329133141075
192  0.838283407960425  0.60373074519313
193  0.632627410936156 0.625561857947133
194  0.425545831460007 0.641710118904679
195   0.21747734325285 0.652095552715001
196  0.00885190896154278 0.656669646258922
197  -0.199912082815548 0.655412815730197
198  -0.408402113167559 0.648332484257131
199  -0.616203244810035 0.635462990516017
200  -0.822893761397084 0.616867150406291
201  -1.02805013182944 0.592637978267333
202  -1.23126356345425  0.56289833336001
203  -1.43216525249982 0.527796656397877
204   -1.6304522957607 0.487498660288541
205   -1.8259048904381 0.442176952744671
206  -2.01838984093009 0.392001517823643
207  -2.20785250165979 0.337133034835873
208  -2.39430383153405 0.277719098234552
209  -2.57780899738571 0.213892019108992
210  -2.75848081085818 0.145766674654054
211  -2.93647807468217 0.0734374831293486
212  -3.11200709333879 -0.00302559219380853
213  -3.28532415090514 -0.083581446081074
214  -3.45673709180198 -0.168221681682931
215  -3.62660473977648 -0.25697277313442
216  -3.79533348512896 -0.349895383329146
217  -3.96337088723247 -0.447079777996402
218  -4.13119660855757 -0.548636506525053
219   -4.2993114732053 -0.654681921098937
220  -4.46822595531705 -0.765318718129951
221  -4.63844990870688 -0.880612498055882
222  -4.81048570760024 -1.00056622667421
223   -4.9848269500229 -1.12509516643593
224  -5.16196425238271  -1.2540049486045
225  -5.34239838951599 -1.38697468150865
226  -5.52665943220541 -1.52354540806359
227  -5.71532931018004 -1.66311242832813
228  -5.90906517690597 -1.80491886440798
229  -6.10862257317194 -1.94804797886168
230  -6.31488125126531 -2.09141336667021
231  -6.52888819575375 -2.23375171764353
232  -6.75197039437436 -2.37363901960363
233  -6.98593907462662 -2.50950685980812
234  -7.23309234137917 -2.63944845853893
235  -7.49586410652369 -2.76079458130258
236  -7.77652424904087 -2.86976837393909
237  -8.07696627825796 -2.96122329853713
238   -8.3982795494811 -3.02834227427062
239  -8.73984568662217 -3.06237520576758
240  -9.09784751032802 -3.05276622723409
241  -9.46357572928328 -2.98824562842776
242  -9.82307107696934 -2.85898038126561
243  -10.1602440926586  -2.6574441224255
244  -10.4600784556753 -2.37426331748214
245  -10.6959495777793 -2.00564133735982
246  -10.8009786138072 -0.825546720717383
247  -10.7068491804786 -0.182412756014744
248  -10.5965667166168 0.317396724995186
249  -10.4069552523314 0.835221208735697
250  -10.0633548338063   1.3995054423583
251  -9.59266415353304  1.87618229792217
252  -8.67055285398626  2.40780737839632
253  -7.67446136848962  2.74099894980038
254  -6.72891319897009   2.9906044107525
255  -5.80772725504159  3.24576158458514
256  -4.89673449037451  3.53668364392481
257  -3.97315130011371  3.85108295702161
258  -3.00840994649771  4.15212111400515
259  -2.04919700705663  4.38389073665891
260  -1.08879707892556  4.52649833420282
