// Id               X                Y
  1  -1.52602016607392  6.53117425230201
  2  -0.939273794914107   5.8938901768231
  3  -0.373064967335045  5.23369460833274
  4  0.200691434266902  4.57515194832752
  5   0.81145493649424   3.9467465770178
  6   1.48250844876509  3.38038978739455
  7   2.22379383511302   2.9082084130072
  8   3.02894514960658  2.55609870598779
  9   3.87891338128328  2.33544289159119
 10   4.75330737774465  2.23078136969764
 11   5.56751333460961  2.17986072602747
 12   6.31949823361418  2.21436514714157
 13   7.02375437936008  2.25647681912635
 14   7.73215844184128  2.26303579876028
 15   8.43275408972124  2.16968647094655
 16   9.12717626609822  1.89220043284733
 17   9.47551267081178  1.72377299065947
 18    9.8117077353156  1.52778021124394
 19   10.1264821443463  1.29521630656871
 20   10.4070915800837  1.01951777722822
 21   10.6375160987386 0.699153669857357
 22   10.8008115069623 0.339119119158696
 23   10.8817252095221 -0.0485199632215279
 24   10.8694002774646 -0.445256164804848
 25   10.7597972588731 -0.828157252824405
 26   10.5570942008729 -1.17305902555863
 27   10.2734617139809 -1.45820189170224
 28   9.92716227887035 -1.66731584425172
 29   9.53954730877896 -1.79133703577766
 30   9.13187614441275 -1.82847218780929
 31   8.72279769960724 -1.78292046150496
 32   8.32692592064192 -1.66291335026859
 33    7.9544788334545 -1.47873164192551
 34   7.61166410667243 -1.24111939704045
 35   7.30143376728376 -0.96023470959392
 36   7.02431600038871 -0.645084911838978
 37   6.77915765565948 -0.303314361034819
 38   6.56371332608595 0.0587893271002196
 39   6.37507796972047 0.436173576394296
 40   6.20998731437442  0.82485071189454
 41   6.06501718691355  1.22171782086848
 42   5.93671026766786  1.62438599454298
 43   5.82165300702956  2.03102702568455
 44   5.71651960722311  2.44023954759679
 45   5.61809517310935  2.85093366677655
 46   5.52328655051304  3.26223198217492
 47   5.42912682113058  3.67338466273472
 48   5.33277764559688  4.08369649784403
 49   5.23153239845336  4.49246428514021
 50   5.12282213090526  4.89892343899565
 51   5.00422569324535  5.30220321555306
 52   4.87348475505474  5.70129040955626
 53   4.72852392328911  6.09500175433622
 54   4.56747563606103  6.48196551584339
 55   4.38870902164978  6.86061291312624
 56   4.19086140203805  7.22917995337072
 57   3.97287077919101  7.58572016622886
 58   3.73400713614034   7.9281282401757
 59   3.47390058688953  8.25417446439352
 60   3.19256368539088  8.56154858245336
 61   2.89040680477379  8.84791265210089
 62   2.56824331618072  9.11095926413491
 63   2.22728522133072  9.34847643761118
 64   1.86912345252258  9.55841154237444
 65   1.49569572317998  9.73893942057804
 66   1.10923503307416  9.88851789049423
 67  0.712209626793129  10.0059422200565
 68  0.307251679675604  10.0903739974969
 69  -0.102911358312051  10.1413703910839
 70  -0.515528823377817  10.1588866943272
 71  -0.927896825458781  10.1432846718016
 72  -1.33743184356274  10.0953145323404
 73  -1.74174302014715  10.0160978246229
 74  -2.13869857546761  9.90708481692043
 75  -2.52648093062082  9.77001048725534
 76  -2.90362644466462  9.60683683982506
 77   -3.2690515667788  9.41969833108646
 78  -3.62206566476555  9.21084528236346
 79   -3.9623733106671  8.98259328819084
 80  -4.29006637382249  8.73727740574541
 81    -4.605607724059  8.47721492736715
 82  -4.90980761255215  8.20467722183083
 83   -5.2037944992782  7.92187223067664
 84   -5.4889817311021  7.63093791845604
 85  -5.76703137311882  7.33394688259659
 86  -6.03981600330734  7.03292175156749
 87  -6.30937878542739  6.72986072275804
 88  -6.57789152129294  6.42677225255031
 89   -6.8476097563941  6.12571761608335
 90  -7.12082338473336  5.82885969520991
 91  -7.39980062897967  5.53851588849177
 92  -7.68672282416529  5.25721239261214
 93  -7.98360720511662    4.987736225335
 94  -8.29221502464447  4.73318021671005
 95   -8.6139429872547  4.49697481780085
 96  -8.94969737332574  4.28289909030651
 97  -9.29975253723007  4.09506190389205
 98  -9.66359878661878  3.93784358823964
 99  -10.0397889012487  3.81578859188701
100  -10.4257973731305  3.73344164104585
101  -10.8179112111945  3.69512388643883
102  -11.2111750445009  3.70465171167532
103  -11.5994154781001  3.76500908281403
104  -11.9753695069307  3.87799421183074
105  -12.3309384870388   4.0438725305096
106  -12.6575814020829  4.26107988780387
107  -12.9468470332712  4.52603063879032
108  -13.1910225460951  4.83309058846258
109  -13.3838467553189  5.17476756428031
110  -13.5212050971516  5.54214582509708
111  -13.6016975137326  5.92554792122993
112  -13.6269444873821  6.31538344921368
113  -13.6014249908671  6.70320466155055
114  -13.5315123407681  7.08303036833479
115  -13.4236967773702  7.45219718669701
116  -13.2840012867127  7.80856856383616
117  -12.9328070295543  8.46738869725744
118  -12.4538680374763  8.93671155837027
119  -11.8761505976929  9.28371990913032
120  -11.2451822034261  9.52326073540225
121  -10.5868810280958  9.67542808643621
122  -9.51563087366543  9.76422401406593
123  -8.44265585576871   9.7204966786277
124  -7.38175842448504   9.5515912651306
125  -6.34278076587282  9.27450497680445
126  -5.33049190138482  8.91202063200231
127   -4.3075833232174  8.44284260560961
128  -3.58367545879931  8.08985805608601
129  -2.84618995329395   7.6373524430071
130  -2.15601616288157  7.11835775192595
131  -1.34822108184849  7.11735178399027
132  -0.713160153832327   6.4667503666565
133  -0.112594488556285  5.79250579297711
134  0.483675194332701  5.12247356906804
135   1.10880554805652  4.48567687020942
136   1.78958830840361  3.91333579845625
137   2.53891678799828  3.43653951378046
138   3.35286506248452  3.07919852947462
139   4.21519018641038  2.85017282782057
140   5.10691250932014  2.74359104834897
141   6.04110998614634  2.75013193186973
142   6.56673227195097  2.77632567207288
143   7.09148711196666  2.80853827021958
144   7.61389623407747  2.83765127705744
145   8.13322565592899  2.85678667678918
146   8.61079699884564  2.86011114440795
147   9.41988268794278  2.76032511277084
148   10.1112891771758  2.53486688250782
149   10.6983755211637  2.20389685074475
150    11.185922267822  1.78029562834068
151   11.5693460692348  1.27371500526299
152   11.8354227686648 0.697249879917878
153   11.9672978631305 0.0719463515933986
154   11.9509082129622 -0.572172690971139
155   11.7806802493572 -1.19823012640585
156   11.4631841960757 -1.76701716671111
157   11.0178958512368 -2.24271109205078
158   10.4749062114244 -2.59821194047192
159   9.87030191396646   -2.818603648729
160   9.24064401343291 -2.90189471731429
161   8.61812269275678 -2.85716493661696
162   8.02748722841709 -2.70106287772769
163   7.48504596098457 -2.45389677264327
164   6.99933517403237 -2.13632194360678
165   6.57273164417301 -1.76711773744223
166   6.20332279078575 -1.36207136633099
167   5.88658142423113 -0.933709534370293
168   5.61664599929223 -0.491545709761317
169   5.38718790218342 -0.0425633161513183
170   5.19193807483517 0.408249619221435
171   5.02496997371828 0.857411797645814
172   4.88082570216079  1.30254337179572
173   4.75455016487572  1.74204783147361
174    4.6416765199452  2.17486984797649
175    4.5381895419047  2.60031365182118
176   4.44048218754738  3.01790741417832
177   4.34531356802303     3.42730183306
178   4.24977234718225  3.82819408416101
179   4.15124718211837  4.22027083488011
180   4.04740457136242  4.60316600778048
181   3.93617349832383  4.97643034727752
182   3.81573658841681  5.33951104746185
183   3.68452505716596  5.69173965383591
184   3.54122068836671  6.03232896136085
185   3.38475190913182  6.36037357138808
186   3.21431115433093  6.67486624436772
187   3.02932612958587  6.97469612358352
188   2.82952803141188  7.25870986399143
189   2.61481861723017  7.52564587962126
190   2.38550760465408  7.77435306230696
191    2.1418797971202  8.00345021183374
192   1.88485236753037  8.21204235930108
193   1.61493133197291  8.39857557220086
194   1.33360147139933   8.5627400900411
195   1.04148956400243  8.70265795900172
196   0.74052825261905   8.8188403532047
197   0.43160874280736  8.90904349816134
198  0.116883520091651  8.97460982623684
199  -0.202341443708871  9.01329668548872
200  -0.524111922858374   9.0270057947505
201  -0.846887912130181  9.01405791058213
202  -1.16922091074636  8.97640479328224
203  -1.48962761728724  8.91324864450518
204  -1.80708557311409  8.82624222469084
205   -2.1203644748752  8.71547228186746
206  -2.42873785548885  8.58233299282162
207  -2.73140874863508  8.42757653322583
208  -3.02801005053797  8.25251316883148
209  -3.31829954055662  8.05827151630407
210  -3.60238814795499  7.84617639902978
211  -3.88062500512797  7.61752581329011
212  -4.15367132287912  7.37368069168129
213  -4.42246648586424  7.11601310326903
214  -4.68824225984849  6.84592878845333
215  -4.95250938500755  6.56486962364508
216  -5.21705102387006  6.27433743821145
217  -5.48390755625929  5.97592403102262
218  -5.75535751788291  5.67135423595951
219  -6.03389045469369  5.36254019298268
220  -6.32216968147033  5.05164740745303
221  -6.62298086445173  4.74117131332706
222  -6.93916175698961  4.43402210789016
223  -7.27350754484318  4.13361368690537
224  -7.62864601519736  3.84395005716323
225  -8.00687734267817  3.56969947311697
226  -8.40997521398023  3.31624297799194
227  -8.83894975657682  3.08968047436627
228  -9.29377865495486  2.89677470370848
229  -9.77312095298395  2.74481270139507
230  -10.2740378133447  2.64136674459032
231  -10.7917546370829  2.59394379481025
232  -11.3195073473644   2.6095247695268
233  -11.8485196692651  2.69401262928672
234  -12.3681552137214  2.85163027062297
235  -12.8662757572641    3.084334121706
236  -13.3298126490425  3.39133579046297
237  -13.7455169317307  3.76884963708466
238   -14.100788172923  4.21020019998033
239  -14.3843886447431  4.70641003306367
240  -14.5867394262808  5.24731852536986
241   -14.699391008943  5.82312946327053
242  -14.7131890034817  6.42597167705084
243  -14.6147972178405  7.05030104782387
244  -14.3824103280732   7.6897345298503
245  -13.9839758827639  8.32912634131286
246  -13.3783953229006  8.93880774286286
247  -12.9862986555137  9.21979622003247
248  -12.4225790871856  9.56118641588628
249  -11.8233639740362  9.84895567647456
250  -11.1987431962683  10.0735176354322
251  -10.5594011985674   10.231222213589
252  -9.50852817505597  10.3503290488335
253   -8.4544866253598  10.3118862991126
254  -7.41098851070226  10.1440932033285
255  -6.38680680980804  9.87102456294503
256  -5.38592176193601  9.51535426509859
257  -4.41012333149267  9.10390497879569
258  -3.56967223178426  8.70296358548525
259  -2.77202422412486   8.2465324041164
260  -2.02870741030161  7.71544651170318
