// Id               X                Y
  1  -0.0714055544355726  2.66325003649667
  2  0.917625991325141  2.63671618841054
  3   1.90092520743532  2.56300131532957
  4   2.84420800171943  2.44549615525058
  5   3.76045708032728  2.26697893811548
  6   4.67145460174905  2.08433390695248
  7   5.59140625136229  1.96000145693705
  8   6.51637619278432  1.88521885174562
  9   7.44025312289162  1.77932594195826
 10   8.32839435144515  1.48547849783808
 11   9.00888790440102 0.766462126249289
 12   9.02675080957539 0.222234982346429
 13   8.75222886214694 -0.226945166627863
 14   8.27962755355455 -0.443558278231449
 15   7.77039695819948 -0.386716182194349
 16   7.23102452794488 -0.0200739292451734
 17   6.59947485502117 0.680894696952907
 18   6.47190977999267  0.78698568455084
 19   6.37895466697085 0.858509020492399
 20   6.29869726303628 0.916695005265154
 21   6.22517211740214 0.967327866621056
 22   6.15338306491928  1.01453453098933
 23   6.07981448467205  1.06078625016303
 24   6.00240063847317  1.10737754150057
 25   5.92000566239446  1.15480993513238
 26   5.83211008904382  1.20320565308019
 27   5.73854657956145  1.25244835073267
 28   5.63937665696646   1.3023256291228
 29    5.5347963570873  1.35257714061629
 30   5.42508403719469  1.40293531271388
 31   5.31056200825823   1.4531423187247
 32   5.19157104152649  1.50296046307135
 33   5.06845261796717  1.55217611852227
 34    4.9415374295612  1.60060058643808
 35   4.81113850961412  1.64806906166082
 36   4.67754779125971  1.69443874333019
 37   4.54103504215548  1.73958667316279
 38   4.40184833041864  1.78340764885257
 39   4.26021537462411  1.82581237663095
 40   4.11634531578809   1.8667259142321
 41   3.97043060355991  1.90608638880451
 42   3.82264880782261  1.94384394168179
 43   3.67316425227317  1.97995984089316
 44   3.52212942411066  2.01440570395892
 45   3.36968615048298  2.04716278161931
 46   3.21596655403417  2.07822126373662
 47   3.06109381170256  2.10757957940511
 48   2.90518274645036   2.1352436731294
 49   2.74834028331088   2.1612262472984
 50   2.59066580059405  2.18554596797833
 51   2.43225140525544  2.20822663635044
 52   2.27318215887142  2.22929633207854
 53   2.11353627769533  2.24878653767925
 54    1.9533853270882  2.26673125474971
 55   1.79279442734369  2.28316612383862
 56   1.63182248465529  2.29812755997062
 57    1.4705224577831  2.31165191548964
 58   1.30894166794144  2.32377468110753
 59   1.14712215660928  2.33452973495707
 60  0.985101093415914  2.34394864817548
 61  0.822911234007818  2.35206005419538
 62  0.660581425878718  2.35888908758763
 63  0.498137158542576  2.36445689706249
 64  0.335601153134024  2.36878023614272
 65  0.172993985505883  2.37187113410733
 66  0.0103347361251701  2.37373664907443
 67  -0.152358340487705  2.37437870453312
 68  -0.315067134409781  2.37379401021746
 69  -0.477772994913521  2.37197406789401
 70  -0.640456048953865   2.3689052623552
 71  -0.803094531434459   2.3645690376139
 72  -0.965664134944005  2.35894215792297
 73  -1.12813738628495  2.35199705274449
 74  -1.29048305654575   2.3437022441268
 75  -1.45266561065674  2.33402285408851
 76   -1.6146447012766  2.32292118855173
 77  -1.77637471044656  2.31035739313093
 78   -1.9378043406912  2.29629017471051
 79  -2.09887625512587  2.28067758130083
 80  -2.25952676364967  2.26347783123953
 81  -2.41968554948104  2.24465018151203
 82  -2.57927542716642  2.22415582392966
 83  -2.73821211981464  2.20195879726438
 84  -2.89640403974378  2.17802690334309
 85  -3.05375205304903  2.15233261570774
 86  -3.21014920489107  2.12485397091441
 87  -3.36548037867707  2.09557543505036
 88  -3.51962185892047  2.06448874178528
 89  -3.67244076470125  2.03159370344592
 90  -3.82379431880094  1.99689900341189
 91  -3.97352891763278  1.96042298672401
 92  -4.12147897051473  1.92219447617179
 93  -4.26746548604826  1.88225365293837
 94  -4.41129440204509  1.84065305313724
 95  -4.55275468884876  1.79745874215595
 96  -4.69161631097925  1.75275173376543
 97  -4.82762821696503  1.70662971401994
 98  -4.96051665003127  1.65920910147987
 99  -5.08998423780978  1.61062741156974
100  -5.21571052545875  1.56104577790101
101  -5.33735485002522   1.5106512962463
102  -5.45456269495348  1.45965858100331
103  -5.56697689690775  1.40830952422191
104  -5.67425535351222  1.35686968923226
105  -5.77609737927019   1.3056189018932
106  -5.87228207507369  1.25483215330953
107  -5.96272495260401  1.20474417076774
108  -6.04756517872519  1.15548563693548
109  -6.12730702849902  1.10696891983249
110  -6.20305460404584  1.05868468023158
111  -6.27688075416648  1.00935610564332
112  -6.35227406754884 0.956441040985933
113  -6.43421281307474 0.895741279825101
114   -6.5285580552738 0.821337597858242
115   -6.6566117418225 0.711821041184504
116  -7.27517172766863 -0.000279219809305999
117   -7.8061467132054 -0.381046734973284
118  -8.31385494726264 -0.453872808451753
119  -8.79423646921865 -0.254402769973688
120  -9.08577974720171 0.183729433641612
121  -9.08843819223085 0.727328125180944
122  -8.44693148071966  1.46115121531517
123  -7.56744465679543  1.77955363243311
124  -6.64539012075555   1.8995935892735
125  -5.72154470662925  1.98105599523547
126  -4.80255174189073  2.10715955540065
127  -3.89227133387449  2.28897929786295
128  -2.97955019863875  2.46627456814025
129  -2.04625332306406  2.57602623462638
130  -1.04471691524495   2.6250219593191
131  -0.0700792161372454  3.25344049033085
132  0.905960501622809  3.23053763596437
133   1.87992928933773  3.16128691236169
134   2.85579596887706  3.04606886763312
135    3.8237075301751  2.87121252283397
136    4.7819505549551  2.68504691255441
137    5.7512209875724  2.54941756454949
138   6.77142873377433  2.43961595064107
139   7.80065268390759  2.26352327886272
140    8.7703160761444  1.86841046843999
141   9.37533298308138  1.02514449399258
142   9.54038926613641 0.337468597193961
143   9.27858814614389 -0.323289769878482
144    8.7236116359414 -0.773715948537864
145    8.0583940430817 -1.03273115933003
146   7.82996838374928 -1.70876438536039
147   7.72142491905055 -1.83466515375519
148   7.55996945484825 -1.91219613590663
149    7.3869484164308 -1.96094119312676
150     7.209769885327 -1.99131932574716
151   7.03068610769865 -2.00621657004389
152   6.85138182735493 -2.00739313133828
153   6.67316235013225 -1.99669739675181
154   6.49689873096042 -1.97600605470621
155   6.32308686343786 -1.94709067172632
156   6.15193876852158 -1.91156118422472
157   5.98346505188853 -1.87085181252529
158   5.81754138682526 -1.82622187204225
159   5.65396018255015 -1.77876197468615
160   5.49246985602469 -1.72940330524213
161   5.33280362050805 -1.67892945623788
162   5.17469939514709 -1.62799038724385
163   5.01791239629854 -1.57711779940958
164   4.86222201420637 -1.52674103596479
165   4.70743452929189 -1.47720262969567
166    4.5533830480291 -1.42877277790277
167   4.39992577562289 -1.38166225858204
168   4.24694345179118 -1.33603354229817
169   4.09433650678486 -1.29201005942419
170   3.94202227587568 -1.24968373237323
171   3.78993245036707 -1.20912097487066
172   3.63801083694914 -1.17036740331102
173   3.48621143384629 -1.13345151130906
174   3.33449679934499 -1.09838754049877
175   3.18283667508338 -1.06517774935876
176   3.03120682463078 -1.03381424549517
177    2.8795880516674 -1.00428051081641
178   2.72796536792047 -0.976552716540776
179   2.57632728693516 -0.950600897463053
180   2.42466522481638 -0.926390032728652
181   2.27297299297768 -0.903881063224015
182   2.12124637072649 -0.883031862956376
183   1.96948274741096 -0.863798172717121
184   1.81768082510545 -0.846134498162411
185    1.6658403736529 -0.829994970538837
186   1.51396203050272 -0.81533416606426
187   1.36204713831747 -0.802107878978297
188   1.21009761385728 -0.790273843126765
189   1.05811584223242 -0.779792397341738
190  0.906104591254477 -0.770627090591358
191  0.754066941307748 -0.762745223724042
192  0.602006226881747 -0.756118325490156
193  0.449925986624653 -0.750722561299874
194  0.297829919465346 -0.746539073812262
195  0.145721844978797 -0.743554254919207
196  -0.00639433328946662 -0.741759948984309
197  -0.158514662390908 -0.74115358733565
198  -0.310635172975188 -0.741738254021926
199  -0.462751911093069 -0.743522682763934
200  -0.614860969138025 -0.746521184914899
201  -0.766958516378146 -0.75075350813414
202  -0.919040829788359 -0.756244625429083
203  -1.07110432628906 -0.763024454276776
204  -1.22314559801982 -0.771127505736044
205  -1.37516145290929 -0.780592463831283
206  -1.52714896352277 -0.791461696038019
207   -1.6791055279502 -0.803780696416692
208  -1.83102894730941 -0.817597463785274
209  -1.98291752525063 -0.83296181822107
210   -2.1347701956315 -0.84992466002506
211  -2.28658668526934 -0.86853717590813
212  -2.43836771937108 -0.88884999734937
213   -2.5901152779206 -0.910912315543995
214  -2.74183291204139 -0.934770955729524
215  -2.89352613027345 -0.960469410479979
216   -3.0452028659965 -0.988046826200279
217  -3.19687403914856 -1.01753692882623
218  -3.34855422823089 -1.04896686282076
219  -3.50026247266149 -1.08235590107733
220  -3.65202323104897 -1.11771396147465
221  -3.80386752784424 -1.15503983800908
222  -3.95583432847044 -1.19431902068636
223  -4.10797218982299 -1.23552093976135
224  -4.26034123579435 -1.27859542921926
225    -4.413015500769 -1.32346816668163
226  -4.56608565948609 -1.37003482021665
227   -4.7196621076883 -1.41815362799771
228   -4.8738782603889 -1.46763616804884
229  -5.02889377901727 -1.51823615653645
230  -5.18489721550779 -1.56963625468503
231  -5.34210727331612 -1.62143306699379
232  -5.50077155610592 -1.67312075994632
233  -5.66116135378962 -1.72407397911258
234  -5.82356076981803 -1.77353092546675
235    -5.988248377911 -1.82057748685714
236  -6.15546959859123 -1.86413315435893
237  -6.32539796616496 -1.90293917238236
238  -6.49808316077711 -1.93554947825422
239  -6.67338306986708 -1.96032702863161
240  -6.85087777289433 -1.97545566740976
241  -7.02977243511835 -1.97899472945313
242   -7.2088313080358 -1.96900947728829
243  -7.38642843789487 -1.94362880876909
244  -7.56038879479006  -1.8998131968395
245   -7.7235411089942 -1.82678565986571
246  -7.83483940393045 -1.70384921957085
247   -8.0784770331878 -1.03377163358487
248  -8.75115719834905 -0.795831788498871
249  -9.31958917836674 -0.36285900198668
250  -9.60246943034542 0.289097427125694
251  -9.46320228298248 0.982312488669923
252   -8.8876856478865  1.84514659452187
253  -7.92757373479523   2.2578578781718
254  -6.90306842101758  2.45232228347512
255  -5.88485764452164  2.56943995097678
256  -4.91671933810547  2.70719693654121
257  -3.95948612864121  2.89301607728381
258  -2.99189210732158  3.06649467022549
259  -2.00944497057594  3.16989303222273
260  -1.03668834339361  3.21893673434248
