// Id               X                Y
  1  -0.0637983901335691 0.710795155713024
  2  0.843390508446303 0.724975433251275
  3   1.74705293832846 0.774650730066123
  4   2.64652607320839 0.859423631382578
  5   3.54156809037427 0.961593768400826
  6   4.43466473175769  1.05327782213998
  7   5.33038577194541  1.09391535510145
  8   6.22074765741235   1.0057341761115
  9   7.05651457937969 0.696277670852651
 10   7.71291035579128 0.0996970075859205
 11   8.00144628424144 -0.746809429888998
 12   7.91608269882116 -1.24050632787975
 13   7.59314485172643 -1.70980446793883
 14   6.93949460138152 -1.94008023922216
 15   6.41889632283345 -1.52183539618278
 16    6.8920892378074 -0.766607245407516
 17   6.93756225243875 -0.447331623682331
 18   6.83568102996956 -0.227054863176578
 19    6.6634137154179 -0.0625769208095852
 20   6.46596224073712 0.0534860791441601
 21   6.28430989683764 0.132265542848989
 22   6.11888900344491 0.191253400943098
 23   5.96010976418177 0.240463348892322
 24   5.80505762078849 0.283414132769262
 25   5.65241881289591 0.321738010787905
 26   5.50148908651337 0.356277757786428
 27   5.35185922006208 0.387494771206575
 28   5.20328172650571 0.415655314434189
 29   5.05560491273844   0.4409240581512
 30   4.90873674456068 0.463413153816103
 31   4.76262349437039 0.483208288211689
 32   4.61723653580062 0.500382515030099
 33   4.47256423220917 0.515003870365449
 34   4.32860761125299 0.527140387159281
 35   4.18537965316287 0.536864767991489
 36    4.0429093269193   0.5442600572896
 37   3.90125391570631 0.549426901538391
 38   3.76052522460866 0.552492365110354
 39   3.62087635375245 0.553619496095727
 40    3.4822284327972 0.553007274978491
 41   3.34434905428318 0.550868526789118
 42    3.2070976174503 0.547415955966773
 43   3.07039140203453 0.542855280710074
 44   2.93417084087854 0.537379456188207
 45   2.79838665673698 0.531165414656539
 46   2.66299545744843  0.52437318947506
 47   2.52795823536269 0.517146650433732
 48   2.39323976988801 0.509615094154907
 49   2.25880824568013 0.501895131557685
 50   2.12463488856631 0.494092523004117
 51   1.99069359304455 0.486303776173067
 52   1.85696056273172 0.478617433885134
 53   1.72341398758405 0.471115047594238
 54   1.59003377136914 0.463871869175655
 55   1.45680131191453 0.456957309706945
 56    1.3236993288017 0.450435217260597
 57   1.19071172882099 0.444364021939274
 58   1.05782349796886 0.438796789193121
 59  0.925020609166797 0.433781214182868
 60  0.792289936426842 0.429359581952188
 61  0.659619168280641 0.425568711164045
 62  0.526996715507506 0.422439893435444
 63  0.394411610275232 0.419998835911097
 64  0.261853395599066 0.418265611538312
 65  0.129312005469212 0.417254619359236
 66  -0.00322236290773143 0.416974555813129
 67  -0.13575938253525 0.417428397333687
 68  -0.268308733014533 0.418613394242332
 69  -0.400880236948321 0.420521075902924
 70  -0.533483993408983 0.423137267154487
 71  -0.666130505742569 0.426442116018863
 72  -0.798830801454215 0.430410132427857
 73  -0.931596542677873 0.435010237054213
 74  -1.06444012681439 0.440205818069538
 75  -1.19737477835707 0.445954791580345
 76  -1.33041463471427 0.452209658395559
 77  -1.46357483093033 0.458917545460836
 78     -1.59687159046  0.46602021462865
 79  -1.73032233130943 0.473454014429361
 80  -1.86394579850333 0.481149742425194
 81  -1.99776223437501 0.489032377227262
 82  -2.13179359680526  0.49702063162062
 83  -2.26606383132612 0.505026273694645
 84  -2.40059919515654 0.512953165000044
 85  -2.53542861987382  0.52069597904625
 86  -2.67058408763928 0.528138597907811
 87  -2.80610099454527 0.535152250087901
 88  -2.94201851319349 0.541593561634836
 89   -3.0783801178463 0.547302854752805
 90  -3.21523487710526 0.552103239014482
 91  -3.35264131141593 0.555801252161918
 92  -3.49067884886107 0.558189864855775
 93  -3.62947968328617 0.559054128970616
 94  -3.76927279525136 0.558178073181698
 95  -3.91017498472561 0.555357162214435
 96   -4.0520391237662 0.550421642671895
 97  -4.19474487920937 0.543239159645147
 98  -4.33823081213068 0.533705069313768
 99  -4.48246631482063 0.521733203447681
100  -4.62743783531496 0.507248197085601
101  -4.77314419585411 0.490179439446381
102  -4.91959701507526 0.470456095544061
103  -5.06682490920851 0.448001877969348
104   -5.2148815744742 0.422727313578431
105  -5.36385904278041 0.394515881336806
106  -5.51390918858523  0.36319799205071
107    -5.665280221866 0.328501961381427
108  -5.81838352692257 0.289960370634154
109  -5.97392966035376 0.246722993335598
110   -6.1332529445823 0.197144347074095
111   -6.2993545640354 0.137660354311536
112  -6.48220637164579 0.0580186008285178
113   -6.6800848889051 -0.0587627709683309
114  -6.85251019898324 -0.223921812178052
115  -6.95424291826019 -0.44481352760545
116  -6.90836704121196  -0.7639934201424
117  -6.43462596657473 -1.51851368071269
118  -6.95119163358125 -1.94215684376724
119  -7.60919549820386 -1.72748339949046
120  -7.94594583966463  -1.2704482101942
121  -8.04924391479067 -0.781118760157685
122  -7.79285317691312 0.0746410919307563
123  -7.15506105530372 0.689645734757713
124  -6.32714365012927  1.01478431377834
125  -5.43964676261838  1.11135873927553
126  -4.54593873720909  1.07251922105966
127  -3.65528188276303  0.97835796520409
128  -2.76302366620877 0.871531940239189
129  -1.86638479963266 0.781139827717177
130  -0.965264590360261 0.724273396531377
131  -0.0596284805994627  1.31966754539275
132  0.867193378380371  1.33710231985321
133   1.79414914847436  1.38840408468899
134   2.72410143827716  1.47061964338632
135   3.66382644673247  1.56506200819941
136    4.6329514777748  1.63263438583521
137   5.67724599475649  1.60058363540303
138   6.71891267326429    1.366348728119
139   7.65831456090735 0.824622149662587
140   8.28402660064526 -0.0778271935080778
141   8.26998573409563 -1.18040113505033
142   7.84298831502288 -1.75898912610221
143   7.18990313608991 -2.06502591279636
144    6.4673668095843 -2.12082288003378
145   5.76881675521916 -2.12345679029164
146   4.92584081871791 -2.34686630634374
147   4.77056800717157 -2.36730614853132
148   4.72317193756389 -2.37157536548926
149   4.67588780389131 -2.37508339711874
150   4.62451419932653 -2.37822648436517
151   4.56752913191153 -2.38108303410134
152   4.50589260891173  -2.3836086133805
153   4.44086094869789 -2.38580278108841
154   4.37322776363276 -2.38771768713551
155   4.30350950401996 -2.38942508343207
156   4.23203161835433 -2.39100258503407
157   4.15898772576335 -2.39252686408746
158   4.08448062649502  -2.3940707897163
159   4.00854924279238 -2.39570232152492
160   3.93118539127053 -2.39748421037927
161   3.85234335800115 -2.39947401635773
162   3.77194402429303 -2.40172427349637
163   3.68987401072892 -2.40428280810276
164   3.60597870306412 -2.40719337130253
165   3.52004521457352  -2.4104969570391
166   3.43176504032134 -2.41423460720262
167   3.34065069866661 -2.41845355688457
168   3.24585995752012 -2.42322036024993
169   3.14622362507868 -2.42862653560302
170   3.04199720959341 -2.43468874535112
171   2.93460772214494 -2.44133606361116
172     2.824988917822  -2.4485005868862
173   2.71368285454433 -2.45612010717216
174   2.60103948990081 -2.46413095835743
175   2.48730488300587 -2.47246546572585
176   2.37266157547454 -2.48105176977054
177    2.2572496128699 -2.48981469019986
178   2.14117891928495  -2.4986769932977
179    2.0245373303483 -2.50756073571399
180   1.90739617846421  -2.5163885162621
181   1.78981434850631 -2.52508455834421
182   1.67184129759572 -2.53357559931161
183   1.55351933302384 -2.54179159336371
184    1.4348853401705 -2.54966624985708
185   1.31597209478121 -2.55713743475965
186   1.19680925844354 -2.56414746330154
187   1.07742413221481 -2.57064330922089
188  0.957842226163538 -2.57657675204069
189  0.838087689606022 -2.58190447954878
190  0.718183636723851 -2.58658815865738
191  0.598152394289217 -2.59059448436818
192  0.478015691945982 -2.59389521375981
193   0.35779481058444 -2.59646718973484
194  0.237510700571043 -2.59829235764441
195  0.117184078757318 -2.59935777675524
196  -0.00316448886964205 -2.59965562773759
197  -0.123514513456148  -2.5991832168381
198  -0.243845513923608 -2.59794297707226
199  -0.364136947871488 -2.59594246655135
200  -0.484368138646845 -2.59319436387699
201  -0.604518194085332 -2.58971646032392
202   -0.7245659115752 -2.58553164821951
203  -0.844489662717511 -2.58066790443841
204  -0.964267248847752 -2.57515826717748
205  -1.08387571591121 -2.56904080306472
206  -1.20329111348502 -2.56235856008418
207  -1.32248817792338 -2.55515949967034
208  -1.44143991344057 -2.54749639856369
209  -1.56011703714132 -2.53942670760409
210  -1.67848724413077  -2.5310123506472
211  -1.79651423619084 -2.52231944247957
212  -1.91415644087823 -2.51341790051202
213  -2.03136532500224 -2.50438092211549
214  -2.14808317278054 -2.49528429932738
215  -2.26424014517028 -2.48620554780793
216  -2.37975034232299 -2.47722284114202
217  -2.49450640823418  -2.4684137704031
218  -2.60837183030502  -2.4598540005622
219  -2.72116920359172 -2.45161598343506
220  -2.83266055768704 -2.44376803996955
221  -2.94251009601146 -2.43637442119964
222  -3.05020366694731 -2.42949762632396
223  -3.15486320334468 -2.42320538052593
224  -3.25506985844537 -2.41757283364669
225  -3.35032126022361 -2.41259821155967
226  -3.44176059531158 -2.40818793618837
227  -3.53028753325852 -2.40427015976597
228  -3.61641916729166 -2.40079510844077
229  -3.70047871753719  -2.3977205830641
230  -3.78268732253746 -2.39500506306705
231  -3.86320482400983 -2.39260458282672
232  -3.94214827616716 -2.39047127285525
233  -4.01959961849853 -2.38855266533617
234  -4.09560691813786 -2.38679135322516
235  -4.17018051205195 -2.38512482510516
236  -4.24328367309053 -2.38348545934523
237   -4.3148160961968 -2.38180084585015
238   -4.3845872234594 -2.37999490132144
239  -4.45227535023027 -2.37799077818812
240  -4.51736776897378 -2.37571752530274
241  -4.57907058508016 -2.37312437443237
242  -4.63611080054561 -2.37021315300588
243   -4.6875331184941 -2.36703001142586
244  -4.73483825155539 -2.36349371647829
245  -4.78225473243418 -2.35920651347231
246  -4.93758029682965 -2.33877994017855
247  -5.78127762432832 -2.11729605912267
248  -6.47775125519403  -2.1200882220372
249  -7.19970128435165  -2.0750248465114
250  -7.85894090483079  -1.7851057415843
251  -8.30323986636017  -1.2203731368142
252  -8.35590042578131 -0.119808866153212
253  -7.75963233958984 0.801388990983191
254  -6.83286691542961   1.3644341079805
255   -5.7940553619123  1.61267833403117
256  -4.74906033356165   1.6501234625867
257  -3.77857203500505  1.58159825233394
258  -2.83919724407925  1.48285238334089
259  -1.90983578495531   1.3946503912074
260  -0.983043377097209  1.33753836706819
