// Id               X                Y
  1  -0.045547415675339  1.77987537545356
  2  0.903801053300124  1.77688029237771
  3   1.85679412909785  1.75790530293352
  4   2.82558902799357  1.75336657581378
  5   3.76539781050291   1.9426420536769
  6   4.62619595644726  2.36715898121144
  7   5.38499550127158  2.94551587428627
  8   6.12207767925401  3.52877778805211
  9   6.97293805163228  3.90418108692767
 10   7.87740188750584   3.7193819533548
 11   8.22238795032242  2.87517955653245
 12   8.03210212989944  2.38996412899871
 13   7.64623231876642  2.03743087804542
 14   7.15930584534373  1.82933006440602
 15   6.62995315256185  1.72653397474914
 16   6.09605329448886  1.67280765853916
 17   5.99324203599426  1.66059478435111
 18   5.88888964335875  1.64774893756862
 19   5.78267344392432  1.63448916501602
 20    5.6746377035923  1.62093142726809
 21   5.56487974137801  1.60734120653149
 22   5.45344427827972  1.59381139705926
 23   5.34024293952545  1.58051048603275
 24   5.22554849031455  1.56755739155125
 25   5.10970075506851  1.55511514101835
 26   4.99288983798096  1.54327728497005
 27   4.87523788500086  1.53212898100871
 28    4.7568368135185  1.52172294833878
 29   4.63775986797011  1.51209887809843
 30   4.51806855059438  1.50327737518267
 31   4.39781554317998  1.49526695711499
 32   4.27704691057096  1.48806387787766
 33   4.15580333474304  1.48165526062446
 34    4.0341210673776  1.47602023860235
 35   3.91203259008575   1.4711317442348
 36   3.78956714568126  1.46695767963386
 37   3.66675115357387  1.46346211109837
 38   3.54360855975891  1.46060620133613
 39   3.42016113628236  1.45834904866302
 40   3.29642874239395  1.45664838192978
 41   3.17242955479675  1.45546115302353
 42    3.0481802737834  1.45474403703333
 43   2.92369630832258  1.45445385227193
 44   2.79899194214026  1.45454791002445
 45   2.67408048304399  1.45498430975186
 46   2.54897439712573  1.45572218194555
 47   2.42368542889693  1.45672189015932
 48   2.29822470846604  1.45794519898199
 49    2.1726028467985  1.45935541041241
 50   2.04683001999662  1.46091747691499
 51   1.92091604343329  1.46259809351292
 52    1.7948704365584  1.46436577186099
 53   1.66870247918992  1.46619090107685
 54   1.54242126000551  1.46804579605688
 55   1.41603571794692   1.4699047360887
 56   1.28955467721411  1.47174399587138
 57   1.16298687647101   1.4735418695076
 58   1.03634099287698  1.47527868945023
 59  0.909625661512119  1.47693684114202
 60  0.782849490738594   1.4785007739912
 61   0.65602107402184  1.47995700974494
 62  0.529148998703328  1.48129414851983
 63  0.402241852201772  1.48250287302419
 64  0.275308226101579  1.48357595140873
 65  0.148356718570281  1.48450823886917
 66  0.0213959355375835  1.48529667831021
 67  -0.105565508942112  1.48594030017226
 68  -0.232518992727947  1.48644022145746
 69  -0.359455885618858  1.48679964404705
 70  -0.48636754895687  1.48702385219775
 71  -0.613245334394067  1.48712020915551
 72  -0.740080581405805  1.48709815276649
 73  -0.866864613125635  1.48696918974951
 74  -0.993588730067635  1.48674688847921
 75  -1.12024420128988   1.4864468698224
 76  -1.24682225253747  1.48608679545349
 77  -1.37331405088759  1.48568635336201
 78  -1.49971068539787  1.48526723945931
 79  -1.62600314323888  1.48485313458272
 80  -1.75218228076931  1.48446967613675
 81  -1.87823878898373  1.48414442232757
 82  -2.00416315274207  1.48390680835498
 83  -2.12994560315734  1.48378809243449
 84    -2.255576062495  1.48382128871749
 85   -2.3810440809153  1.48404108632945
 86  -2.50633876434594  1.48448374970659
 87   -2.6314486927534    1.485186997098
 88  -2.75636182806662  1.48618985488787
 89  -2.88106541097661  1.48753247930361
 90  -3.00554584567969  1.48925594288413
 91  -3.12978857163107  1.49140197890352
 92  -3.25377792148592  1.49401267215549
 93  -3.37749696372679  1.49713009325255
 94  -3.50092732803292  1.50079586193349
 95  -3.62404901173135  1.50505062635913
 96   -3.7468401643383  1.50993345231397
 97  -3.86927684418888  1.51548109861261
 98  -3.99133273944172  1.52172716599649
 99  -4.11297884409106  1.52870110644913
100  -4.23418306902553  1.53642706235127
101  -4.35490975323386  1.54492252498326
102  -4.47511903069405  1.55419679325438
103  -4.59476597223338  1.56424920594402
104   -4.7137993428083  1.57506714903835
105  -4.83215970507191  1.58662382998764
106  -4.94977632217545  1.59887581529398
107  -5.06656152569198  1.61176032237639
108  -5.18239889177429  1.62519203989954
109  -5.29711294146445  1.63905830616038
110  -5.41038516067495  1.65320866994958
111  -5.52188561572003  1.66747444238885
112   -5.6316874026481  1.68172647608384
113  -5.73977350254764  1.69580454313813
114  -5.84604135260632   1.7095145305591
115  -5.95044926878633  1.72265458195994
116  -6.05328826470827  1.73506245473682
117  -6.58838125708175   1.7877403722027
118  -7.12002707801291  1.88416544759188
119  -7.61225379515528  2.08037709991882
120  -8.01115981408743  2.41760477609698
121  -8.22644430677501  2.89113976168209
122  -7.94018894736932   3.7567154271932
123  -7.04919428117416  3.99293334377035
124  -6.18727202810369  3.64634950648255
125  -5.44543399426247  3.07204927464378
126  -4.69392314447165  2.48783735876836
127  -3.84597218729306  2.04142937341352
128  -2.91531112177036  1.81629384289436
129  -1.95085060730288  1.77913176071978
130  -0.996272380441858  1.75200988866456
131  -0.0417112149214524  2.38473358198992
132  0.893844462520149  2.38493032543552
133   1.82884807454527  2.36372287913584
134   2.76338785260473  2.35896342651385
135   3.67914337767477  2.54754636465673
136   4.51858863620884  2.97238946955656
137   5.29564961164118  3.55558393099065
138   6.17930906198578  4.14209965806047
139   7.21214515768631  4.44663989999799
140    8.2497325872495  4.17095526586662
141   8.68965076572806  3.19146187303776
142   8.65378859748076  2.50386007697705
143   8.29045264747865  1.92078657357402
144   7.74242012359091  1.51498446617998
145   7.11426364568316  1.27527619168317
146   7.21462254910181 0.704605732341078
147    7.0458186925802 0.580039830064281
148   6.86456560426028 0.480109821482319
149   6.67845083994213 0.397950212852663
150   6.49162278477593 0.329255897033638
151   6.30692989577882 0.271552132902346
152   6.12752320875691 0.223420416507612
153   5.95762318826712 0.183569373365441
154   5.79565584161178 0.150087548247294
155    5.6383894525912 0.121331725353898
156    5.4843577843087 0.0962307943349202
157   5.33279347353751 0.0740866743072531
158   5.18322220770711 0.0544319278468377
159   5.03532033002421 0.0369406913461633
160   4.88885329780661 0.0213740668018979
161   4.74364414209688 0.00754702613861855
162   4.59955520370688 -0.00469153590408642
163   4.45647665034234 -0.0154708110164642
164   4.31431884740116 -0.0249053236122825
165     4.173007096219 -0.033099323889018
166   4.03247790950307 -0.0401494662246618
167   3.89267632544259 -0.0461464522126006
168   3.75355394289541 -0.051176045465035
169   3.61506746831704 -0.0553197030459069
170   3.47717763217571 -0.0586549719417058
171   3.33984837530106 -0.06125574186345
172    3.2030462343046 -0.0631924108688275
173   3.06673987505522 -0.0645319986609176
174   2.93089973682192 -0.065338229202737
175   2.79549775934452 -0.0656715961359194
176   2.66050717216073 -0.0655894191674012
177   2.52590233067444 -0.0651458961443769
178   2.39165858722296 -0.0643921534637823
179   2.25775218823872 -0.0633762961780631
180    2.1241601907513 -0.06214345828764
181   1.99086039309368 -0.0607358531814452
182   1.85783127591097 -0.059192823940276
183    1.7250519505173 -0.0575508930925698
184   1.59250211237279 -0.0558438113331445
185     1.460161998012 -0.0541026047086806
186   1.32801234418491 -0.0523556198208353
187   1.19603434830376 -0.0506285666488868
188     1.064209629545 -0.0489445586388663
189  0.932520190152388 -0.0473241497589978
190  0.800948376639224 -0.0457853682809348
191  0.669476840703481 -0.0443437470963574
192  0.538088499758919 -0.043012350415139
193  0.406766497052641 -0.0418017967260675
194   0.27549416139051 -0.0407202779365462
195  0.144254966529558 -0.0397735746346692
196  0.0130324903238564 -0.0389650674341187
197  -0.118189626270856 -0.0382957443797113
198  -0.249427720216933 -0.037764204412067
199  -0.380698147316774 -0.0373666569048288
200  -0.51201732291535 -0.0370969172976166
201  -0.643401762268166 -0.0369463988638208
202  -0.774868120472396 -0.0369041006742113
203  -0.906433231879024 -0.0369565918362773
204  -1.03811414893255 -0.0370879921088983
205  -1.16992818042414 -0.0372799490225086
206   -1.3018929291967 -0.037511611674231
207  -1.43402632940995 -0.0377596014066054
208  -1.56634668356431 -0.0379979796207932
209  -1.69887269960111 -0.0381982130320834
210  -1.83162352855036 -0.038329136742581
211  -1.96461880339653 -0.0383569155667071
212  -2.09787868009068 -0.0382450041000659
213  -2.23142388197041 -0.0379541060856576
214  -2.36527574927987 -0.0374421336917245
215  -2.49945629603902 -0.0366641673229809
216  -2.63398827723309 -0.0355724165273082
217  -2.76889527023056 -0.034116182460701
218  -2.90420177555594 -0.0322418221553895
219  -3.03993334373265 -0.0298927143420805
220  -3.17611673701558 -0.0270092257599897
221  -3.31278013759862 -0.0235286756806113
222  -3.44995341754446 -0.0193852943954671
223  -3.58766849067037 -0.0145101681198937
224  -3.72595977342331 -0.00883115767930114
225  -3.86486479101159 -0.00227277055885037
226  -4.00442497806027 0.00524404676093753
227  -4.14468674187773 0.013802249971825
228  -4.28570288345509 0.0234892586342567
229  -4.42753451128133 0.0343978799992673
230  -4.57025364556195 0.0466278287499121
231  -4.71394681015098 0.0602882316088123
232  -4.85872007499566 0.0755017659301649
233  -5.00470631135879 0.0924115216668575
234   -5.1520760097773 0.111192416456248
235  -5.30105427922481 0.132070214092565
236  -5.45194975492776 0.155353173274927
237  -5.60520988814223 0.181484466164723
238   -5.7615458197739 0.211128192203512
239  -5.92228060880493 0.245308584433031
240  -6.09037279034829 0.285620243068924
241  -6.26833228705135 0.334067552449992
242   -6.4521219126483 0.392017711899519
243  -6.63832354761884 0.460854212629694
244  -6.82402505772957 0.542980349813061
245  -7.00511078505971 0.642617220112282
246     -7.17410865197 0.766558884400545
247  -7.06528151892897  1.33000132435346
248  -7.69659136090107  1.55613044105651
249  -8.25517852519206  1.94546061831384
250  -8.64109164988909  2.51351599178397
251  -8.71335582187935  3.19837759018499
252  -8.32337399956054  4.19899850497774
253   -7.3017135102148  4.52754209953706
254  -6.25882948297699  4.25785038509109
255  -5.36470729991438  3.68339791856031
256  -4.58131937408333  3.09229240985066
257  -3.75162047289648   2.6454657247599
258  -2.84330578388479  2.42103440612307
259  -1.90919334031247   2.3833354522308
260  -0.974111972435028  2.35819577178856
