// Id               X                Y
  1  -0.0728128312990326  1.87072408002931
  2  0.959642694220447  1.87122266363918
  3   1.95846521372997  1.83630526826672
  4   2.91246810470359  1.77692470690816
  5   3.89391209480884  1.67595447961198
  6   4.86830437908668   1.6468650530331
  7   5.83917748834982  1.70518447921849
  8    6.7901496500658  1.78290951430912
  9   7.72062039714105  1.74708712444749
 10   8.57613737585636   1.4125973130774
 11   9.06257425241588 0.630880456213098
 12    8.9585933788359 0.127256154270611
 13   8.60306721373189 -0.239585310438118
 14   8.10951221892836 -0.370771780046461
 15   7.61057676019195 -0.267245102572216
 16   7.00660012732068 0.182777949455581
 17   6.55165994938959 0.526193108993572
 18    6.4590347299216 0.583027509356932
 19   6.38477545103177 0.625867587018205
 20    6.3154566119976  0.66384800558635
 21   6.24670619161883 0.699722120999351
 22   6.17455190343085 0.735629431923975
 23   6.09704931771455 0.772348037809753
 24   6.01346434766018 0.810001832855275
 25   5.92360959708092 0.848415338329258
 26   5.82757181133549 0.887320796820091
 27   5.72558432621518 0.926416429607247
 28   5.61797204839071 0.965405224042332
 29   5.50511497055243  1.00400907172055
 30    5.3874216779976  1.04197827727267
 31   5.26530796109186  1.07909531677742
 32   5.13918075395328  1.11517575458297
 33   5.00942714823849  1.15006691582252
 34   4.87640799436897  1.18364536926165
 35   4.74045513888082  1.21581388092453
 36   4.60187123781727  1.24649834574053
 37   4.46093117337218  1.27564497574365
 38   4.31788431044304  1.30321786643293
 39    4.1729570586609  1.32919695251232
 40    4.0263554041755  1.35357630466542
 41   3.87826722459305  1.37636269395034
 42   3.72886430173678  1.39757434748592
 43   3.57830401015185  1.41723982783411
 44    3.4267306957171   1.4353969821401
 45    3.2742767777305  1.45209192168615
 46    3.1210636161767  1.46737800601257
 47   2.96720218800879  1.48131481727914
 48   2.81279361491211   1.4939671198305
 49   2.65792958175846  1.50540380703859
 50   2.50269268070842    1.515696842602
 51   2.34715671119617   1.5249202068098
 52   2.19138696114509  1.53314886006593
 53   2.03544048992596  1.54045773646514
 54   1.87936642894156  1.54692077966203
 55   1.72320631143071  1.55261003193212
 56   1.56699443923542  1.55759478543353
 57   1.41075829094033  1.56194080247457
 58   1.25451897301924  1.56570960928897
 59   1.09829171341851   1.5689578656001
 60  0.942086395351514  1.57173681026707
 61  0.785908127923714  1.57409178165686
 62  0.629757849485034  1.57606181014963
 63  0.473632959232092  1.57767927939011
 64  0.317527972468194  1.57896965254915
 65   0.16143519498509  1.57995125992826
 66  0.00534541217542622  1.58063514467898
 67  -0.150751411352553  1.58102496415347
 68  -0.306865425762314  1.58111694537779
 69  -0.463006187636237  1.58089989425972
 70  -0.619181953392522  1.58035525932171
 71  -0.775398978732913  1.57945725189345
 72  -0.931660828613874  1.57817302571735
 73  -1.08796770250689  1.57646291972397
 74  -1.24431577996995  1.57428076823855
 75   -1.4006965917176  1.57157428301131
 76  -1.55709642136224  1.56828551116229
 77  -1.71349574270738  1.56435137235988
 78   -1.8698686968046  1.55970427729924
 79  -2.02618261184488  1.55427282783978
 80  -2.18239756726348  1.54798259706344
 81  -2.33846600113861  1.54075698513883
 82  -2.49433235703378  1.53251814437342
 83  -2.64993276288623  1.52318796440178
 84  -2.80519473043057  1.51268910632112
 85   -2.9600368590602   1.5009460729984
 86  -3.11436852309187  1.48788630200067
 87  -3.26808951626405  1.47344126790965
 88  -3.42108962214726  1.45754758243455
 89  -3.57324807420115   1.4401480839872
 90  -3.72443286479243  1.42119291347361
 91  -3.87449985909594  1.40064058021368
 92  -4.02329166831249  1.37845903131011
 93  -4.17063623859755  1.35462674952004
 94  -4.31634512018462  1.32913391852633
 95  -4.46021139981821  1.30198370964699
 96  -4.60200731560082  1.27319375851252
 97  -4.74148163628468  1.24279791017827
 98  -4.87835698860504  1.21084830979292
 99  -5.01232746721615  1.17741789265491
100  -5.14305706523173  1.14260326923191
101  -5.27017970154607  1.10652789058735
102  -5.39330184453948  1.06934521854312
103  -5.51200883813484  1.03124139324225
104  -5.62587593605458 0.992436706493013
105   -5.7344846137628 0.953184857086081
106  -5.83744435314479 0.913769100313492
107  -5.93442001394272 0.874493278436859
108  -6.02516821704509 0.835665594500213
109  -6.10959511820895 0.797565293454849
110  -6.18787673933805 0.760370186954986
111  -6.26074520609646 0.723978856857181
112  -6.33013329531025 0.687596659435684
113  -6.40004487899077 0.649086167521029
114  -6.47489075944806 0.605624148532845
115  -6.56796492748935 0.548086502429926
116  -7.02136666138561 0.202520337579188
117    -7.622345931534 -0.25147273217499
118  -8.12003017483125 -0.360173872956422
119  -8.61534348808108 -0.236205606515416
120  -8.97738603173768 0.123958307013397
121  -9.09152321462739 0.625282258135257
122  -8.62094288997901  1.41555815377782
123  -7.77130627321257  1.76069632786836
124  -6.84462042547211  1.80258294222478
125  -5.90325864961565  1.72736700110347
126  -4.95481237062134  1.66854633280147
127  -4.00734096985748  1.69181788970722
128  -3.06302748104834   1.7834604845706
129  -2.11652403974042  1.84066105266218
130  -1.09048295993913  1.84485724514278
131  -0.0137358646052671  2.45937637445832
132   0.97476540561519  2.46270587108454
133   1.98949717658672  2.42920723821098
134   3.01359729206684  2.36163003132648
135   4.02546529539343  2.26789378971805
136   5.05170896356815  2.22988151236232
137   6.09837661269816  2.26306610037902
138   7.16771522382356  2.27203758880826
139   8.24022219484951  2.07948293832382
140   9.16259906065216    1.477791769521
141   9.51425948472435 0.435991942234105
142   9.42474391748255 -0.112614456175672
143   9.06472628237329 -0.527869224949152
144   8.56038958449149 -0.78645148632683
145   8.01454307091624 -0.921206317933515
146   8.20002147866229 -1.63454380287402
147    8.1848531083871 -1.83572148968905
148   8.02257658116015 -1.93724703344352
149   7.84288030377766 -2.00296370078017
150   7.65748285911763 -2.04936744906095
151   7.46934214805171  -2.0800134369717
152   7.28055638794184 -2.09747586229444
153   7.09247355894201 -2.10393497735972
154    6.9059072788728 -2.10121309981627
155   6.72132864047825 -2.09089963602478
156   6.53897673783449  -2.0744256666403
157   6.35892555690337 -2.05308664578473
158   6.18113231418552  -2.0280415697241
159   6.00547639242141  -2.0003074015705
160   5.83179096756646 -1.97075733586124
161   5.65988747291903 -1.94012538137258
162    5.4895731459092 -1.90901661828084
163   5.32066247316293 -1.87792120519765
164   5.15298376468203 -1.84723001844123
165   4.98638219443928 -1.81725018084228
166   4.82072050738901 -1.78821931862591
167   4.65587833469504 -1.76031794671425
168   4.49175078274672  -1.7336798156962
169   4.32824672574229 -1.70840033177358
170   4.16528705638505 -1.68454330520037
171   4.00280303155965  -1.6621463314312
172   3.84073477711887 -1.64122510001379
173   3.67902997419675 -1.62177688819272
174   3.51764272727781 -1.60378344822797
175   3.35653260343723 -1.58721345028896
176   3.19566382750024 -1.57202460148873
177   3.03500461627852 -1.55816552779651
178   2.87452663485716 -1.54557747906704
179   2.71420455830737 -1.53419589735577
180   2.55401572283287  -1.5239518739465
181   2.39393985110994 -1.51477351004445
182   2.23395883744283 -1.50658718896095
183   2.07405657934934 -1.49931876306531
184   1.91421884333402 -1.49289465616733
185   1.75443315389538 -1.48724288079505
186   1.59468869622524 -1.48229396961568
187   1.43497622455278 -1.47798182066017
188   1.27528796961087 -1.47424445677183
189   1.11561754020681 -1.47102470058684
190  0.955959815313531 -1.46827076720614
191   0.79631082442198 -1.46593677742037
192  0.636667615081433 -1.46398319483148
193   0.47702810758536  -1.4623771904402
194  0.317390937629686 -1.46109293823084
195  0.157755288479638 -1.46011184499704
196  -0.00187928526155687 -1.45942271714301
197  -0.161513039774187 -1.45902186650382
198  -0.321146227243643  -1.4589131564011
199  -0.480779281234714 -1.45910798823736
200  -0.640412999235535 -1.45962522798544
201  -0.800048719475366 -1.46049107100289
202  -0.959688489337107 -1.46173884274949
203  -1.11933522304226 -1.46340873226271
204  -1.27899284679685 -1.46554745470214
205  -1.43866643026535 -1.46820783895585
206  -1.59836230409803 -1.47144833624631
207  -1.75808816428133  -1.4753324459024
208   -1.9178531653077 -1.47992805497805
209   -2.0776680055568 -1.48530668916889
210  -2.23754500981441 -1.49154267343905
211  -2.39749821548807 -1.49871220180955
212  -2.55754347075363 -1.50689231671158
213  -2.71769855452519 -1.51615979894655
214  -2.87798332972019  -1.5265899693276
215  -3.03841994273981 -1.53825540213912
216  -3.19903308336827 -1.55122454819557
217  -3.35985032040317 -1.56556026096923
218  -3.52090252927846  -1.5813182123392
219  -3.68222442876051 -1.59854517420624
220  -3.84385524449742 -1.61727712758523
221  -4.00583951770208 -1.63753714074619
222  -4.16822807725377 -1.65933293137607
223  -4.33107919226762 -1.68265399359423
224  -4.49445991814052 -1.70746812868565
225  -4.65844763928538 -1.73371717001404
226  -4.82313179109816 -1.76131164246624
227  -4.98861570403423 -1.79012405534756
228  -5.15501844232374 -1.81998051364718
229  -5.32247639430998 -1.85065037512327
230  -5.49114419678912 -1.88183381813653
231  -5.66119433704642 -1.91314745777497
232  -5.83281449114066 -1.94410857954087
233   -6.0062013819363   -1.974119128362
234  -6.18154977889298 -2.00245118903429
235   -6.3590353420711 -2.02823609563347
236  -6.53879041114273 -2.05045914294595
237  -6.72087241839627 -2.06796060809803
238   -6.9052247489102 -2.07944064653473
239  -7.09162802980434  -2.0834594414754
240  -7.27963286891028 -2.07841375716586
241  -7.46844901578507 -2.06246183260823
242  -7.65675238796561 -2.03339767532553
243  -7.84246504012249 -1.98860901223707
244  -8.02264655138432 -1.92447957242923
245  -8.18569331795826 -1.82434766404119
246  -8.20188699723345 -1.62329258335524
247  -8.02107290605062 -0.908764729924809
248  -8.56840935572348 -0.780885477985701
249  -9.07561645189555 -0.52835855262729
250  -9.44212945161405 -0.118711339922864
251  -9.54004166781515 0.427371530238856
252  -9.20733583387029  1.47501659187606
253  -8.29322665064072   2.0889274340478
254  -7.22238663776537  2.29132827583908
255  -6.15256207911853  2.28940761188654
256  -5.10398850120121  2.26064354868332
257  -4.07114979164606  2.29501395467674
258  -3.04473531125208  2.38049523287031
259  -2.01352106117948   2.4253815618757
260  -0.998404185230839  2.43175347730828
