// Id               X                Y
  1  -0.0749648339116637 0.689317290724158
  2   0.92856373332413 0.695887799301379
  3   1.89720708586151 0.735303173897889
  4   2.85777029254872 0.835997580182243
  5   3.80532031598478 0.986672655118776
  6   4.74375241302383  1.15783891168318
  7   5.67795332815733  1.29593033530529
  8   6.60844871984934  1.32312357340914
  9   7.50438493004092  1.13799675051502
 10   8.25471679826979 0.648688930116976
 11   8.68160615347153 -0.13958186880403
 12   8.68147913241005 -0.641545095485323
 13   8.44591591276181 -1.15307476610791
 14   7.84364594563863 -1.48595763676152
 15   7.27659090847323 -1.16704405601028
 16   7.59884643322974 -0.322250960293811
 17   7.57514412801891 -0.00788066492883771
 18   7.41612837066352 0.185490613745577
 19   7.19752683096671 0.304653569774781
 20   6.96980180907662 0.373441075846798
 21   6.75693609472524 0.413660006453096
 22   6.57015429893656  0.43702162090003
 23   6.39474558112446 0.451611173677546
 24    6.2270621719327 0.460557791876249
 25   6.06347783622686 0.465903720806219
 26   5.90279207004813 0.468967110190197
 27   5.74441263081328 0.470653808502837
 28   5.58786297720264  0.47156019672493
 29   5.43276131082437 0.472049828497527
 30   5.27881595072074 0.472322024177555
 31    5.1258114732057 0.472467014246349
 32   4.97359137988384 0.472507137787315
 33   4.82204227219564 0.472426141011804
 34   4.67108133201023 0.472189171354851
 35   4.52064710276079 0.471755826996296
 36   4.37069292995751 0.471088183156189
 37   4.22118235967395  0.47015528882949
 38    4.0720859280375 0.468935268279646
 39   3.92337893128078 0.467415872712381
 40   3.77503988918346 0.465594097176189
 41   3.62704949968721  0.46347529454214
 42     3.479389939197 0.461072074705038
 43   3.33204440227407 0.458403167743869
 44   3.18499680321527 0.455492350272092
 45   3.03823158414527 0.452367479936531
 46   2.89173359140458 0.449059648929225
 47   2.74548799498619  0.44560244836962
 48   2.59948023512807 0.442031326851241
 49   2.45369598651471 0.438383024475337
 50   2.30812113453935 0.434695065392747
 51    2.1627417603778 0.431005295217277
 52   2.01754413279223 0.427351453383429
 53   1.87251470507228 0.423770773892122
 54   1.72764011565524 0.420299610605958
 55   1.58290719096656 0.416973085252337
 56   1.43830294901188 0.413824757634557
 57   1.29381460229752 0.410886318364097
 58   1.14942955877972 0.408187304850311
 59   1.00513541973991 0.405754841442504
 60  0.860919973737731 0.403613404615465
 61   0.71677118608339 0.401784613997702
 62  0.572677183575369 0.400287049912685
 63  0.428626234548864 0.399136097968314
 64  0.284606724559377 0.398343821105474
 65  0.140607128272862  0.39791885940965
 66  -0.00338402166029971 0.397866357901129
 67  -0.147378167811102 0.398187922446809
 68  -0.291386762213175 0.398881603875906
 69  -0.435421300540485 0.399941910328415
 70  -0.579493355122424  0.40135984781414
 71  -0.723614605751753 0.403122988906857
 72  -0.867796867348961 0.405215569437922
 73  -1.01205211370589 0.407618612981933
 74  -1.15639249673798 0.410310082839874
 75  -1.30083036092243 0.413265061120303
 76  -1.44537825287965 0.416455954397547
 77  -1.59004892635689 0.419852725294702
 78   -1.7348553431788 0.423423149215257
 79  -1.87981067102271  0.42713309536156
 80   -2.0249282791337 0.430946831181442
 81  -2.17022173329599 0.434827349550361
 82   -2.3157047915065 0.438736718425747
 83  -2.46139140185082 0.442636453526614
 84  -2.60729570408577 0.446487915930576
 85  -2.75343203645213 0.450252738463881
 86  -2.89981494940791 0.453893287448347
 87  -3.04645922850805  0.45737316968571
 88  -3.19337992989237 0.460657798181667
 89  -3.34059243423821 0.463715033320977
 90  -3.48811252915994 0.466515917714475
 91  -3.63595653654799 0.469035520710515
 92  -3.78414151089601 0.471253899667998
 93  -3.93268554787439 0.473157165669927
 94  -4.08160825984156 0.474738606772249
 95  -4.23093149743442 0.475999767045067
 96  -4.38068042553423  0.47695129950943
 97  -4.53088510149995 0.477613300920784
 98  -4.68158276064687 0.478014691747946
 99  -4.83282109888693 0.478191020429398
100  -4.98466296447275 0.478179839422102
101  -5.13719302289738 0.478012510753546
102  -5.29052708218214 0.477700940086195
103  -5.44482468186581 0.477217315998688
104  -5.60030487235332 0.476464509991051
105   -5.7572632560053 0.475234600972852
106  -5.91608518787161 0.473153632802318
107  -6.07724960599767 0.469613402221974
108  -6.24135167434225 0.463695926661162
109  -6.40963632717063 0.454068002894496
110   -6.5857985510673 0.438658031486738
111  -6.77377655614667 0.414257181197098
112  -6.98746116899044 0.372785807683752
113  -7.21523371496876 0.302745276025842
114  -7.43350530616209 0.182410381172798
115  -7.59180416801679 -0.0118987201422833
116  -7.61412904145217 -0.326366601005132
117  -7.28835347988579 -1.16962000744289
118    -7.851221667078 -1.49541559379047
119  -8.45968342770486 -1.17539443062488
120  -8.70741746640937 -0.670631337021136
121  -8.72041543151295 -0.169388231230096
122  -8.31254168828732 0.628230844617863
123  -7.57166153723475  1.12981503083061
124  -6.67913010974475  1.32345999348266
125  -5.75058912103743  1.29972143857065
126  -4.81912380598121  1.16132061124051
127  -3.88458948979208 0.987660394141826
128  -2.94185422011392 0.833615171933021
129  -1.98800244393965 0.728665629202699
130  -1.03064327527108 0.678711718051561
131  -0.0391473746035362  1.27522501761304
132  0.921159615467363  1.29403294374368
133   1.88068354938596  1.34916211776608
134   2.84133809218919  1.45086156070145
135   3.85213930638778  1.59943860985276
136   4.89239330739868  1.75516503041964
137   5.95976561604858  1.84470811209683
138   7.04471713723949  1.76135418878907
139   8.07831595003253   1.3734010025158
140   8.86413948772745 0.575199377681591
141   9.02588911557125 -0.537892860031781
142   8.69571872698122 -1.16491490699436
143   8.11388811969237  -1.5735474039755
144    7.4295424315479  -1.7716196085898
145   6.77853827023778 -1.91506538522702
146   5.98459122184725 -2.29192648858326
147   5.82599304905973  -2.3380171600395
148   5.77507617907577 -2.34996343354803
149   5.72359145305125 -2.36087354716572
150   5.66317715667272 -2.37243915917866
151   5.59282661001288 -2.38449806431439
152   5.51318820895086 -2.39657965536366
153   5.42431303950784 -2.40837515213908
154   5.31983389599734 -2.42031242965125
155   5.20772439286871 -2.43122132480532
156   5.09172972974041 -2.44085338718311
157    4.9731588649472 -2.44933324055679
158   4.85277072130056 -2.45684795150982
159   4.73105706296266 -2.46358548781623
160    4.6083459192915 -2.46971444445392
161   4.48485841134887 -2.47537858934923
162   4.36074496420259 -2.48069748564348
163   4.23610926064875 -2.48576928957478
164   4.11102413666495 -2.49067395465879
165    3.9855420965462 -2.49547612172201
166   3.85970225595686 -2.50022747751926
167   3.73353492237221 -2.50496858833997
168   3.60706460793815  -2.5097303006362
169   3.48031199491634 -2.51453482100988
170   3.35329519812367 -2.51939657897186
171   3.22603055752994 -2.52432295550231
172   3.09853312215355 -2.52931493750372
173   2.97081693751887 -2.53436773722299
174   2.84289521412111 -2.53947139868519
175   2.71478042883887 -2.54461140072176
176   2.58648439255918 -2.54976925799936
177   2.45801830393463 -2.55492311679876
178   2.32939280004581 -2.56004834022939
179   2.20061800881402  -2.5651180772108
180   2.07170360443583 -2.57010381017578
181   1.94265886516942 -2.57497587751556
182    1.8134927319238 -2.57970396793954
183   1.68421386586554 -2.58425758495976
184   1.55483070337538  -2.5886064805394
185    1.4253515069712 -2.59272105754461
186   1.29578441115271 -2.59657274103025
187   1.16613746245803 -2.60013431861233
188    1.0364186533234 -2.60338025027758
189  0.906635949598238 -2.60628694799448
190  0.776797311788781 -2.60883302545465
191  0.646910710290146 -2.61099951821377
192  0.516984135025155 -2.61277007443464
193  0.387025600043059  -2.6141311163732
194  0.257043143745868 -2.61507197269635
195  0.127044825506129  -2.6155849816812
196  -0.00296128048212135 -2.61566556531836
197  -0.132967093217879 -2.61531227432574
198  -0.262964533831266  -2.6145268040705
199  -0.392945534482441 -2.61331398139383
200  -0.522902046257783 -2.61168172233086
201  -0.652826045119126 -2.60964096071462
202  -0.782709535001036 -2.60720554764418
203  -0.912544547209599 -2.60439212178004
204  -1.04232313535339 -2.60121995040268
205  -1.17203736513322 -2.59771074112993
206  -1.30167929843211 -2.59388842413694
207  -1.43124097128313 -2.58977890465983
208   -1.5607143654527 -2.58540978549791
209  -1.69009137356676 -2.58081005916962
210  -1.81936375793127 -2.57600976934235
211  -1.94852310346328 -2.57103964117079
212   -2.0775607654537 -2.56593068027605
213  -2.20646781322003 -2.56071374031944
214  -2.33523497104622 -2.55541905951315
215  -2.46385255808699 -2.55007576700425
216  -2.59231042901986 -2.54471136088666
217  -2.72059791697038 -2.53935116061533
218  -2.84870377932167 -2.53401773772212
219  -2.97661614502501 -2.52873032976053
220  -3.10432245838207 -2.52350424297998
221  -3.23180940824706 -2.51835024881572
222  -3.35906282233636 -2.51327397714881
223  -3.48606749285466 -2.50827530456707
224  -3.61280688081799  -2.5033477276277
225  -3.73926262076439 -2.49847769863981
226  -3.86541371248606 -2.49364388448424
227  -3.99123523720919 -2.48881628809412
228    -4.116696363185  -2.4839551495416
229  -4.24175729395333 -2.47900952378084
230  -4.36636463667621 -2.47391542404915
231  -4.49044439424174 -2.46859344178217
232  -4.61389137460559 -2.46294584217302
233  -4.73655322201183 -2.45685336231419
234  -4.85820642293578 -2.45017244727442
235  -4.97852013853957 -2.44273471133254
236  -5.09699954231576 -2.43435253384359
237  -5.21288237501336 -2.42483950750265
238  -5.32485226215124 -2.41407226108914
239  -5.42906846184964 -2.40230849813605
240  -5.51780300165998   -2.390677050181
241  -5.59736227679158 -2.37875853725599
242  -5.66770259214182 -2.36685437177409
243  -5.72810663880316 -2.35543715098147
244  -5.77958106156179 -2.34466896118611
245  -5.83048994790909 -2.33287474596638
246   -5.9892576700511 -2.28730234274117
247  -6.78528624030109 -1.91465842542156
248  -7.43474115957855 -1.77788377993098
249   -8.1208587223854 -1.58985940155291
250  -8.71007621219102 -1.19319727999833
251  -9.05456925998539 -0.574319098116588
252  -8.91985384819329 0.542005323397004
253  -8.14954492654938  1.35519858894934
254  -7.12079012875284  1.75628056891643
255  -6.03621800869134    1.846583076926
256  -4.96868316361704  1.75847597521944
257  -3.92899927704746  1.60055922144022
258  -2.91937630681247  1.44792688311327
259   -1.9579331338225  1.34220043389876
260  -0.997217084578159  1.28713769078637
