// Id               X                Y
  1  -0.431488443814933  16.0190474256983
  2  0.681186980989679  15.9629230527762
  3   1.76763554353788  15.7204778297717
  4   2.79982759564262  15.2995950726773
  5   3.74683245050238  14.7083464259792
  6   4.56679619173963  13.9703944150131
  7   5.22271328508499  13.1117317477692
  8   5.68829209748062   12.185182714075
  9   6.20546808137379  11.2730238865354
 10   6.82089492592861   10.425228218866
 11   7.48201907995396  9.60774208591763
 12   7.81357650013305  9.05424076038712
 13    8.0005116425364  8.43618545464682
 14   7.92417198600893  7.85196023296445
 15   7.59026851043574  7.45684779163621
 16   6.86868187811429  7.39243624446459
 17   6.61803367869165  7.49337827809868
 18   6.49675879525262  7.57119120755435
 19   6.38552120961328  7.66346847922641
 20   6.28497434520806  7.76896057032289
 21   6.19422583353298  7.88698862788141
 22   6.11369673650033  8.01708866504598
 23   6.04332242488607  8.15804998398219
 24   5.98314664838092  8.30916488678528
 25   5.93256376179165  8.47021431554941
 26   5.89077248481599  8.64238917582626
 27   5.85326017934412  8.85227092809271
 28   5.82509626038452  9.07753567220737
 29   5.80496646168365  9.31120059223189
 30   5.79014277421158  9.55094311428738
 31   5.77770386376412  9.79534642958834
 32   5.76482141084534  10.0434203498799
 33   5.74889520933272  10.2943807459404
 34   5.72761932618411  10.5475139058151
 35   5.69901084237913  10.8020969084034
 36   5.66141737082205   11.057359344814
 37   5.61351159692139  11.3124738811956
 38   5.55427704321208  11.5665651809282
 39    5.4829873933635  11.8187290229561
 40   5.39918096811023  12.0680556180158
 41   5.30263171231916  12.3136529314558
 42   5.19331801181805  12.5546672473882
 43   5.07139066538755  12.7902993023273
 44   4.93714133372638  13.0198151518942
 45   4.79097274802065  13.2425515976954
 46   4.63337185993903  13.4579165786474
 47   4.46488690688395  13.6653854926554
 48   4.28610897640139  13.8644949950635
 49   4.09765798980989  14.0548363697909
 50   3.90017205725089  14.2360508653598
 51   3.69429811592017  14.4078289558925
 52   3.48068139187331  14.5699137203399
 53   3.25995262659811  14.7221053461337
 54   3.03271539215589  14.8642607112255
 55   2.79953870559446  14.9962823686056
 56   2.56095852832889  15.1180969495997
 57   2.31748575060875  15.2296303942031
 58   2.06961426962161  15.3307897160906
 59   1.81782510191752  15.4214564898419
 60   1.56258741418223  15.5014909245747
 61   1.30435944429299  15.5707420433266
 62   1.04359099656075  15.6290595319311
 63  0.780727176215629  15.6763043901216
 64  0.516212086927224  15.7123571246673
 65  0.250491412917044  15.7371233263207
 66  -0.0159865337058411  15.7505370524328
 67  -0.282771146710075  15.7525626300468
 68  -0.549410782102765  15.7431954325339
 69  -0.815454380534833  15.7224619667999
 70  -1.08045288597767  15.6904193154471
 71  -1.34395989867775  15.6471536763772
 72   -1.6055310653932  15.5927774973481
 73  -1.86472194536533  15.5274245885507
 74  -2.12108459111435  15.4512427046922
 75  -2.37416375469465  15.3643835422893
 76  -2.62349402732546  15.2669910392594
 77  -2.86859864316563  15.1591903460396
 78  -3.10898885711022  15.0410815193074
 79  -3.34416101852468  14.9127426717207
 80  -3.57358942970535  14.7742450610051
 81  -3.79671763620953  14.6256768305899
 82  -4.01295454470694  14.4671664359063
 83  -4.22167946380464  14.2988969577877
 84  -4.42225393029648  14.1211090612019
 85  -4.61403495370694  13.9340971559463
 86  -4.79638627270439  13.7382051868078
 87  -4.96868785919716  13.5338260402744
 88  -5.13034594865839  13.3214051625669
 89  -5.28080590373303  13.1014467817578
 90  -5.41956926955125   12.874520379024
 91  -5.54621535119672  12.6412652061439
 92   -5.6604268925099   12.402391157625
 93  -5.76201897864185  12.1586748883015
 94  -5.85097003494691  11.9109506335302
 95  -5.92745366880473  11.6600957569077
 96  -5.99187004503607  11.4070116829269
 97  -6.04487546869682  11.1526016509789
 98  -6.08740884653122  10.8977477379168
 99  -6.12071366378829   10.643290914972
100  -6.14635393046291  10.3900195820403
101  -6.16622196017513  10.1386740442503
102   -6.1825343321174  9.88997657712505
103  -6.19780905175696  9.64469855736338
104  -6.21481038480587  9.40377714330201
105  -6.23643572720997  9.16849883337333
106  -6.26548890183207  8.94082898190525
107   -6.3040572677993  8.72476507707865
108  -6.34645907474597  8.54856341855175
109  -6.39691726760715  8.38563430650426
110  -6.45638798822534  8.23352296646372
111  -6.52525305309291  8.09216010705148
112  -6.60359181202519  7.96200806997682
113  -6.69167007292951  7.84320620122547
114  -6.79059714318052  7.73535310549602
115   -6.9006546461253  7.63968334705747
116  -7.13224134242672  7.49992963878627
117  -7.85488243987521  7.42963557845915
118  -8.25059725838924  7.75733196349863
119  -8.41161042882586   8.2935575991094
120  -8.30285386508637  8.91409556918433
121  -8.01558145819998  9.47801145734488
122  -7.36619816013551  10.2967534043817
123  -6.73480607961459   11.118035507694
124  -6.19135530072356   12.004633145357
125   -5.7170513116664  12.9133074209195
126  -5.09408707819256  13.8063605075906
127  -4.35555012047577  14.5673716256476
128  -3.55960367257513   15.121511593775
129  -2.59704119167786  15.5658225092993
130  -1.51934623799775  15.8244106270255
131  -0.270772789647469   16.570329498921
132  0.834207389730711  16.5209100765607
133   1.91143051548132  16.2804173475513
134   2.93346487745552   15.862656757542
135   3.87261033692611  15.2768448829235
136   4.70496979444744  14.5420305880647
137   5.41054008548856  13.6834812115492
138   5.97650593373164  12.7292313484546
139   6.54087671567958   11.785235157354
140   7.18269571115619  10.8991286916195
141   7.84278225486046  10.0275276628213
142   8.19975940794351  9.43410709687785
143   8.40996208927545  8.77164462166139
144   8.40524684652316   8.0686420545639
145   8.33387141964122  7.36285943954167
146   8.83390709572224  6.82192647592033
147   9.07968923494119  6.30777675268461
148   8.95198321294861  5.92600047396573
149   8.68485881860545  5.65012661688576
150   8.34632498638686  5.46709032804912
151   7.97604152685772  5.35723365772648
152   7.59463329947585  5.30507708891756
153   7.21221432179829  5.30320540645132
154   6.83519792934771  5.34963194839467
155   6.46924625706943  5.44475808771045
156   6.12023315669227  5.58937244789947
157   5.79653733584556  5.78126686009251
158   5.50273513921405  6.01367293877389
159   5.24159877044891  6.27704176242746
160   5.01355428802848  6.56172410869238
161   4.81707299646268   6.8593327188152
162   4.64930941918217  7.16304034162677
163    4.5066031486755  7.46749727824284
164   4.38487213226655  7.76865922098503
165   4.27993124625706  8.06360065476948
166   4.18774074225547  8.35032383010258
167   4.10458179777477  8.62756903997559
168   4.02716266516241  8.89463679686296
169   3.95266620280947  9.15123242566543
170   3.87875305042033  9.39733937978398
171   3.80353455829144  9.63312260576085
172   3.72552737854946  9.85885964816136
173   3.64359862585373  10.0748954472134
174    3.5569073688226  10.2816164414574
175   3.46484528872039  10.4794397218628
176   3.36697704471414  10.6688127222981
177   3.26297979301833  10.8502177186573
178    3.1525821370498  11.0241730924389
179   3.03550619047609   11.191220301972
180   2.91142240321066  11.3518833308342
181    2.7799333006638  11.5065897294162
182   2.64060353507103  11.6555552663333
183   2.49304095320042    11.79866162017
184   2.33700404581141  11.9353880188835
185   2.17248315681087  12.0648598115166
186    1.9997104094001  12.1860204217411
187   1.81910363633821  12.2978500973654
188   1.63119506446016   12.399528091355
189   1.43658909511534  12.4904904072961
190   1.23595256529327  12.5704059259518
191   1.03001437144221  12.6391182839473
192  0.819555638895385  12.6965861651166
193  0.605388517444611  12.7428342747629
194  0.388332254780558  12.7779167663776
195  0.169195469108337  12.8018919649106
196  -0.0512313262356714  12.8148065628087
197  -0.272173591081287  12.8166870150824
198  -0.49286417339381  12.8075358108279
199  -0.712532175200596  12.7873310314277
200  -0.930393243458373  12.7560289721253
201  -1.14564521918935  12.7135710642608
202  -1.35747260619251  12.6598972998698
203  -1.56506141267825  12.5949685347672
204  -1.76762179859459  12.5187996720833
205   -1.9644107668482  12.4315051882231
206  -2.15474532390963  12.3333565810844
207  -2.33800402102019  12.2248435328531
208  -2.51363124253745  12.1067124315507
209  -2.68116899259397  11.9799364889568
210  -2.84032347935258  11.8455820036981
211  -2.99103231296712  11.7045963198098
212  -3.13347715054997  11.5576118518917
213  -3.26801998178256  11.4048593463442
214  -3.39509704152166  11.2462081860311
215  -3.51512597973985  11.0812806627491
216  -3.62846060403194  10.9095739035456
217  -3.73539545312682  10.7305504673682
218   -3.8362045736658  10.5436892495936
219  -3.93119700840222  10.3485052645739
220  -4.02077728239762  10.1445515414307
221   -4.1055056321457  9.93141499149144
222  -4.18615691243421  9.70871510818669
223  -4.26377863124046  9.47611175958848
224  -4.33974795967072   9.2333267597143
225  -4.41582557196558  8.98018332413766
226   -4.4942014198102  8.71666748313246
227  -4.57752450329649  8.44301526875295
228  -4.66890575982487  8.15982811219035
229  -4.77188093308696  7.86821578242037
230  -4.89031979588942  7.56996164700578
231  -5.02827089100438  7.26770077818216
232  -5.18973766458574  6.96510063377811
233  -5.37838914338189  6.66703873376589
234  -5.59720535050067  6.37977321682717
235  -5.84803219810185  6.11106045552647
236  -6.13100260402984  5.87000551906722
237  -6.44397383475169  5.66609635770348
238  -6.78403255755562  5.50634369342455
239    -7.142887044686  5.39397759834525
240  -7.51496534990482  5.32913282682885
241  -7.89463098418721  5.31404123082232
242  -8.27355357166397  5.35721845475411
243  -8.63411098698934  5.47748820161372
244  -8.94015892353817  5.70118607431739
245  -9.12756806727006   6.0524725949672
246  -8.97429953606468  6.59675625772765
247  -8.57262798965735  7.21285482938432
248   -8.7597576108503  7.89536543793774
249  -8.85586466027272  8.58993624331382
250  -8.71196274036382  9.26857469725495
251  -8.38886569946914  9.87943298478664
252  -7.73959137235662  10.7569924532609
253  -7.07652230162481  11.6244354949975
254  -6.48302221450851   12.546405333062
255   -5.9090041726667   13.491995043162
256  -5.24686777740021  14.3848470372332
257   -4.4389622246916  15.1494998839408
258  -3.48436829879785  15.7221192595376
259  -2.44873252823589  16.1328189695758
260  -1.36822019005952  16.3966441274526
