// Id               X                Y
  1  -0.0667702428981069 -0.0692224712145174
  2  0.864004594307357 -0.051770242133456
  3    1.7717097967514 0.118164029661093
  4   2.63435253105094 0.410572880968512
  5   3.44718821033429 0.792836802144132
  6   4.22004542420825  1.22612751715361
  7   4.97817589038469  1.66256093856183
  8   5.75563800965005  2.04252778850785
  9   6.57810996986117  2.29147133066861
 10   7.43356098965397  2.31337929041647
 11   8.25131649895261   2.0383867867188
 12   8.61393527994418  1.73931793626332
 13   8.89787720671024  1.29587511220619
 14   8.94533615920317 0.607339593195992
 15   8.40461315752072  0.16325012254236
 16   7.86806522752046 0.880985815531042
 17   7.55294752612092  1.14576513974209
 18   7.24621146839431  1.18210889312785
 19   6.95815926550533  1.10438274394525
 20   6.70643432408554 0.961371059375343
 21   6.48924473580029 0.791447464746125
 22   6.30361147385205 0.624373724707538
 23   6.16750990590552 0.499035854545913
 24   6.04404929956369 0.388826035666774
 25    5.9234612916742 0.287687169111526
 26   5.80163722610162 0.193699725493793
 27   5.67652726387373 0.106242538447617
 28   5.54730930002696 0.0253256188398868
 29   5.41390363059223 -0.0488155784417172
 30   5.27660535470126 -0.115976607053705
 31   5.13586245134009 -0.176090340479416
 32   4.99218115995012 -0.229239812725779
 33   4.84609075977004 -0.275640201315094
 34   4.69811462539245 -0.315617862261699
 35   4.54873557389668 -0.349587865907803
 36   4.39836756360698 -0.378027035316367
 37   4.24734441099677 -0.401444740081457
 38   4.09592506530198 -0.420356493872476
 39   3.94430807668521 -0.435263770136834
 40   3.79264765490896 -0.44664058698271
 41   3.64106672425623 -0.454925655629976
 42   3.48966556466512 -0.460518509720268
 43   3.33852672577006 -0.463778398850136
 44   3.18771774515351 -0.465025222192544
 45   3.03729308923218 -0.464542082183724
 46   2.88729613919671 -0.462579108478287
 47   2.73776142069795 -0.459358140201011
 48    2.5887168919843 -0.455077785856394
 49   2.44018599811347 -0.449918380069576
 50   2.29218926497176 -0.44404643452145
 51   2.14474532281866 -0.437618306935398
 52   1.99787134112078 -0.430782948287417
 53   1.85158290591576 -0.423683706615065
 54   1.70589339016634 -0.416459253163975
 55   1.56081287611558 -0.409243752197727
 56   1.41634670151526 -0.402166425014761
 57   1.27249372619473 -0.395350668826068
 58   1.12924445195263 -0.388912888457987
 59  0.986579170670226 -0.382961187425797
 60  0.844466350804642 -0.377594046606657
 61   0.70286148661108 -0.372899094131303
 62  0.561706616030625 -0.368952040110389
 63  0.420930658748662 -0.365815816831759
 64  0.280450642436484 -0.363539933279864
 65  0.140173787639012 -0.362160027220945
 66  3.2748043590912e-07 -0.36169758285878
 67  -0.140173138858095 -0.362159779168319
 68  -0.28045001265369 -0.363539442584078
 69  -0.420930062133427 -0.365815094308166
 70  -0.561706068931343 -0.368951101958762
 71  -0.702861008288195 -0.37289796186979
 72  -0.844465964058312 -0.377592746925977
 73  -0.986578902368684 -0.382959751925694
 74  -1.12924433347789 -0.388911353232661
 75  -1.27249379381966 -0.395349073879274
 76  -1.41634699670546 -0.402164813510068
 77    -1.560813445714 -0.409242169586558
 78  -1.70589428636906 -0.416457746283775
 79  -1.85158418589696 -0.423682322910733
 80  -1.99787306612846 -0.430781735376481
 81   -2.1447475565646 -0.437617312801552
 82  -2.29219207121039 -0.444045708666185
 83  -2.44018943748809 -0.449917975953527
 84  -2.58872101853768 -0.455077764886995
 85  -2.73776627887562 -0.459358577329758
 86  -2.88730176260413 -0.462580099119206
 87  -3.03729950258404 -0.464543749635468
 88  -3.18772497043376 -0.465027724079767
 89  -3.33853479235666 -0.463781930435058
 90  -3.48967452116038 -0.460523301528917
 91  -3.64107664777735 -0.454931962999852
 92   -3.7926586528173 -0.446648670063761
 93  -3.94432027708629 -0.435273864441622
 94  -4.09593859580725 -0.420368773186381
 95  -4.24735936839109 -0.401459274836257
 96  -4.39838397793972 -0.378043750238263
 97  -4.54875336797263 -0.349606501457717
 98   -4.6981335657954 -0.315637946194863
 99  -4.84611039209791 -0.275661040203932
100   -4.9922007241667 -0.229260517078431
101  -5.13588078630152 -0.176109897090706
102  -5.27662081999211 -0.115994004314799
103  -5.41391408898099 -0.0488299738403211
104  -5.54731220934043 0.0253147242397735
105   -5.6765199137466 0.106235182686874
106  -5.80161708125846 0.193695486633899
107  -5.92342622467723 0.287685220187481
108  -6.04399724466999 0.388824874425763
109  -6.16743688648118 0.499031639604681
110  -6.30350209766128 0.624351970379526
111   -6.4891123669773  0.79142417921707
112  -6.70628071225229 0.961346882364795
113  -6.95798731116569  1.10435818133431
114  -7.24602176023267  1.18208670453225
115   -7.5527413654397  1.14575582845769
116  -7.86786409956543 0.881008226601361
117  -8.40442902916115 0.163319711001869
118  -8.94522319649004 0.607219763694663
119  -8.89848533733944  1.29559545891857
120  -8.61570170843826  1.73904768107365
121  -8.25450593527141  2.03854311362602
122  -7.43850308699114  2.31540389346336
123  -6.58464993083495   2.2954706910558
124  -5.76452580338796  2.04760462166405
125  -4.99118654752017  1.66807518354711
126  -4.23982307245266  1.23177012547758
127  -3.47713519783782 0.798589636578913
128  -2.67892632212848 0.416545312268408
129   -1.8371005588611 0.124343009338885
130  -0.959097059816395 -0.0456127102769142
131  -0.00129318944532544 0.508480870813565
132  0.868482786284795 0.565467777123136
133   1.72304533090334 0.739742482988698
134   2.55154512723618  1.02835550115791
135   3.35107673430858  1.40853204971487
136   4.13540903511214   1.8431833972068
137   4.93519447378041  2.28299224306453
138   5.79190634544964  2.66048573002068
139   6.77135042817294  2.87746905427364
140   7.82500873630983  2.75088563180581
141   8.70562609649794  2.14614526414034
142   9.05487541404925  1.51367487230507
143   9.15416652323438  0.79431514781311
144   9.03254245982504 0.0604060711116787
145   8.77311918627054 -0.647367889783126
146   8.41318487010117 -1.44990495625158
147    8.2902109099957 -1.62292170095311
148   8.28482193992352  -1.6297568115066
149    8.2760397316187 -1.64077953123087
150    8.2596041671394 -1.66103466167935
151   8.23112614478046 -1.69504602593084
152   8.17675134394636  -1.7565331897843
153   8.07553848193128   -1.860796279127
154   7.95971787389453  -1.9672379302531
155   7.83290214402778 -2.07142600721267
156   7.69691112805656 -2.17165961631985
157   7.55296000224455 -2.26716067246773
158   7.40193424505548 -2.35759057881014
159   7.24455788480964 -2.44282480806598
160   7.08148829243567 -2.52285193996637
161   6.91334631978143  -2.5977361518842
162   6.74071232820287 -2.66760174651851
163   6.56411589921243 -2.73262025835901
164   6.38403167038296 -2.79299624538175
165   6.20088157168435 -2.84895378021296
166   6.01503954673808 -2.90072562291195
167    5.8268359703123 -2.94854545951916
168   5.63656119261372 -2.99264263441375
169   5.44446878835427 -3.03323869729094
170   5.25077912697734 -3.07054531323202
171   5.05568345885679 -3.10476327317442
172   4.85934830205456  -3.1360824012658
173   4.66191970421542 -3.16468213379123
174   4.46352696682156 -3.19073251133573
175   4.26428558776589 -3.21439532648361
176    4.0642993947349 -3.23582521508614
177   3.86366200845894 -3.25517055478632
178   3.66245784546972 -3.27257411346013
179   3.46076285510845 -3.28817345034576
180   3.25864512603613 -3.30210110490106
181   3.05616543361261 -3.31448461643113
182   2.85337775416638 -3.32544641125964
183   2.65032975042223 -3.33510358378585
184   2.44706322860749 -3.34356758984163
185   2.24361457324722 -3.35094386790976
186   2.04001517278869 -3.35733140545962
187     1.836291853058 -3.36282227173388
188   1.63246733391047 -3.36750114221057
189   1.42856071730124 -3.37144484154162
190   1.22458800418904 -3.37472192981853
191   1.02056262623575 -3.37739235142367
192  0.816495969620842 -3.37950715739907
193  0.612397865206405  -3.3811083028316
194  0.408277022919399 -3.38222851210875
195  0.204141397736372 -3.38289119871251
196  -1.51236762865516e-06 -3.38311042355641
197  -0.204144422865011 -3.38289087700977
198  -0.408280049245511 -3.38222787420354
199  -0.612400893586062 -3.38110735989145
200  -0.81649900099682  -3.3795059266013
201   -1.0205656616729 -3.37739085648888
202  -1.22459104491235 -3.37472020175634
203  -1.42856376474238  -3.3714429196313
204  -1.63247038977462 -3.36749907523579
205  -1.83629491943222  -3.3628201194803
206  -2.04001825232365  -3.3573292404645
207  -2.24361766945542 -3.35094177742273
208  -2.44706634632902 -3.34356567791494
209  -2.65033289651058 -3.33510197336073
210   -2.8533809384367 -3.32544524605638
211  -3.05616867006778 -3.31448406238804
212  -3.25864843433647  -3.3021013508503
213  -3.46076626217625 -3.28817470757259
214  -3.66246138702053 -3.27257661377979
215  -3.86366573014307 -3.25517454680359
216  -4.06430335248534 -3.23583095838385
217  -4.26428984693291  -3.2144030836156
218  -4.46353159977871 -3.19074253765365
219  -4.66192478636683  -3.1646946652714
220   -4.8593539064957  -3.1360976405734
221  -5.05568965016775 -3.10478137418358
222  -5.25078595453167 -3.07056636414634
223  -5.44447627898377 -3.03326270248264
224  -5.63656934162429 -2.99266949525388
225  -5.82684472913585  -2.9485749548861
226  -6.01504880547133 -2.90075739069125
227  -6.20089113571186 -2.84898730174591
228  -6.38404123206323 -2.79303083521615
229  -6.56412500759643 -2.73265506160284
230  -6.74072036094226 -2.66763574566037
231    -6.913352460864 -2.59776818452651
232  -7.08149151727677  -2.5228807289407
233  -7.24455695177665  -2.4428490059167
234  -7.40192768979733 -2.35760883022945
235  -7.55294612634396 -2.26717170391139
236  -7.69688797220991 -2.17166237330304
237  -7.83286746541734  -2.0714198608133
238  -7.95966923693622 -1.96722292137933
239  -8.07547372749411 -1.86077319567931
240  -8.17667066799296 -1.75650223557062
241  -8.23101791484146  -1.6950318592698
242  -8.25948712260712 -1.66102338505066
243  -8.27591752489351 -1.64077009528134
244  -8.28469662187584 -1.62974886245915
245  -8.29008287769761 -1.62291567457574
246  -8.41303630732365 -1.44988852902797
247  -8.77289758104562 -0.647318392214808
248  -9.03240048522916 0.060392408411179
249  -9.15442362682103 0.794218899695279
250   -9.0559559777912   1.5137070187209
251  -8.70759744026991    2.147050396819
252  -7.82775894643097  2.75396915408182
253  -6.77393328232675  2.88233571226405
254  -5.79327107076296  2.66551177136643
255  -4.93712517573744  2.28732266295077
256  -4.13843531899779  1.84605550696756
257  -3.35537638374855  1.40960056333369
258  -2.55669021195779  1.02780778497237
259  -1.72797908522373 0.738316996440497
260  -0.871360949043065 0.564139840916369
