// Id               X                Y
  1  -0.497566711509843    5.420668763992
  2  0.566644000445141  5.42147491493239
  3   1.62893961340169  5.28301075890511
  4   2.65816647043321  4.99626292430262
  5   3.64867072062805  4.60871817798546
  6   4.57188201105369  4.08076803031668
  7   5.49068915366475  3.55039455494024
  8   6.42637029824403  3.06345584563509
  9   7.33753367082796   2.5822766930974
 10   8.10697328836856  2.01884841444354
 11   8.63784354799447  1.13510972121747
 12   8.56809490881104 0.608345597159533
 13   8.22595948115257 0.201964148307472
 14   7.70919208376806 0.0820197265840832
 15   7.22634090528105 0.284762411524057
 16   6.84658733052043 0.862310990302364
 17   6.61650006392045  1.39238889459862
 18   6.50234299756658  1.62611051044381
 19   6.42363097767284   1.7725101054233
 20   6.35558190318878  1.89015326795588
 21   6.29339980963621  1.99112089262242
 22    6.2344543256718  2.08171425687965
 23   6.17641557642189  2.16652264999415
 24   6.11743116724191  2.24883066448694
 25      6.05601736599  2.33073618803506
 26   5.99117890838419  2.41358697640315
 27   5.92214137395269  2.49810295340425
 28   5.84842312684519  2.58466462646544
 29   5.76968364605165  2.67336197005714
 30   5.68573488011857  2.76412819141716
 31   5.59648011928711  2.85677674108421
 32   5.50190021212245  2.95105254970062
 33   5.40202905457459  3.04665535943565
 34   5.29693946511175  3.14325990652332
 35    5.1867304473005  3.24052812988575
 36   5.07151802000954  3.33811785411148
 37   4.95142841924984  3.43568845210557
 38   4.82659348897641  3.53290465094942
 39    4.6971477962279  3.62943909232704
 40    4.5632270828199  3.72497412891146
 41   4.42496768189934  3.81920316285715
 42   4.28250658122879  3.91183171851629
 43   4.13598187327034  4.00257835554035
 44     3.985533391955  4.09117547138157
 45   3.83130339051083  4.17737000669944
 46   3.67343716099594  4.26092404796107
 47   3.51208353322015  4.34161531346319
 48   3.34739521900685  4.41923750795715
 49   3.17952898846914  4.49360053389552
 50   3.00864567966176  4.56453055189445
 51   2.83491005309725  4.63186988799663
 52   2.65849050943648  4.69547679003201
 53   2.47955869314266  4.75522503953897
 54   2.29828900767974  4.81100342931292
 55   2.11485806934127  4.86271511978432
 56   1.92944412721307  4.91027689020451
 57   1.74222647618429  4.95361830309657
 58   1.55338488835227  4.99268080260934
 59   1.36309908564783  5.02741676923068
 60   1.17154827310817  5.05778855466522
 61  0.978910748074716   5.0837675214428
 62  0.785363595879586  5.10533311189058
 63  0.591082477545473  5.12247197040338
 64  0.396241509921974  5.13517714146047
 65  0.201013233787201  5.14344736359194
 66  0.00556866100714795  5.14728647657097
 67  -0.189922611916444  5.14670295561563
 68  -0.385292239497536  5.14170958246678
 69  -0.580372929664176  5.13232325902448
 70  -0.77499823139163  5.11856496493156
 71  -0.969002325969178   5.1004598562449
 72  -1.16221983921857  5.07803749827319
 73  -1.35448568998663  5.05133222191287
 74  -1.54563498743512  5.02038358949044
 75  -1.73550298618605  4.98523695331132
 76  -1.92392510440791  4.94594408789448
 77  -2.11073700561963  4.90256387529043
 78  -2.29577474052064  4.85516302197042
 79  -2.47887494070263  4.80381678555058
 80  -2.65987505182465  4.74860969007654
 81  -2.83861358988957  4.68963620973311
 82  -3.01493040077803  4.62700140265103
 83  -3.18866690029926  4.56082147896141
 84  -3.35966626983206  4.49122429041747
 85   -3.5277735813117   4.4183497328053
 86  -3.69283582509924  4.34235005705332
 87  -3.85470181551217  4.26339009046252
 88  -4.01322195206652  4.18164737577413
 89   -4.1682478206444  4.09731224264945
 90  -4.31963162910552  4.01058783299245
 91  -4.46722548802494  3.92169010726448
 92  -4.61088057147567    3.830847861502
 93  -4.75044622771019   3.7383027808902
 94  -4.88576915796063  3.64430954058063
 95  -5.01669284553944   3.5491359312073
 96  -5.14305749741019  3.45306292662875
 97  -5.26470085347021  3.35638451487827
 98  -5.38146031675939  3.25940696988022
 99  -5.49317694664683  3.16244704219412
100  -5.59970191822968  3.06582828365216
101  -5.70090607020705  2.96987438422816
102  -5.79669314100232  2.87489796666189
103   -5.8870172682153  2.78118270314187
104   -5.9719053875352  2.68895576796254
105  -6.05148545906768  2.59834630232084
106  -6.12602211731575  2.50932340823454
107  -6.19596236159876  2.42160385285785
108  -6.26199472341536   2.3345151800544
109  -6.32512385963842  2.24679601658298
110  -6.38675281741706  2.15631955876995
111  -6.44873593699571  2.05975831458936
112   -6.5133203761398  1.95227846426189
113  -6.58302545423431  1.82714899035887
114  -6.66207637799699  1.67187187200638
115  -6.77161815434418  1.42911298003845
116  -6.97664683114615 0.891605767884166
117  -7.30701520043667 0.284844689059795
118  -7.75156429906963 0.0196673469493763
119  -8.27514604452699 0.0422991757269965
120  -8.68970838041188  0.36930640123465
121  -8.85651613831387 0.879062760773468
122  -8.43074217914244  1.83094955200609
123  -7.69882702604542  2.43359522524838
124  -6.86621103699184  2.89666087676034
125  -6.02389756083858   3.3349625340865
126  -5.20270445306122   3.8058913975438
127  -4.38910063520142  4.30243378069783
128   -3.5375914521691  4.73276648029396
129  -2.56343434847552  5.09165303510421
130  -1.53394758252143  5.28850209417436
131  -0.194866416107358  5.93105465230071
132  0.915565496661085  5.90536573584935
133   2.01194496717273  5.73129835744457
134    3.0743926800022  5.41515611784889
135   4.09588144770288  4.98841015533812
136   5.05251092358803  4.43688941153149
137   6.00568980434021  3.88032496879295
138   6.97361232476195  3.34424037488483
139   7.92484620514124  2.76707705984614
140   8.71628446851641  1.97572673216944
141   9.04554063326355 0.904344724673862
142   8.91184914881236 0.218669317969772
143    8.4330382503071 -0.275290795004948
144   7.77133437106547 -0.448881970729534
145   7.09112820375835 -0.426736596781698
146   6.70459083550556 -1.02919585937986
147   6.56848149894527 -1.12434054515873
148   6.40282367426329 -1.13460106123069
149   6.23548764489042 -1.12249946987925
150   6.06982473874456 -1.09627944887726
151   5.90697425940104 -1.05677923794271
152   5.74790174880305 -1.00458427805144
153   5.59335279784444 -0.940931938643692
154   5.44374269628516 -0.867436099681848
155   5.29916914028248 -0.785774486653021
156   5.15948193548361 -0.697521968748793
157   5.02435491173124 -0.604088692844399
158   4.89334398227168 -0.506710562870311
159   4.76593324381311 -0.406459002266893
160     4.641572345692 -0.304256533252767
161   4.51970559781262 -0.200893734444795
162   4.39979370921209 -0.0970459977919146
163   4.28132911560839 0.00671071357127656
164   4.16384592935333 0.109885436587463
165   4.04692546170005 0.212059227432897
166     3.930198254852 0.312873644388325
167   3.81334353085348 0.412020674193199
168   3.69608689199079 0.509234059608698
169    3.5781969845045 0.604281966656375
170   3.45948168509349 0.696960910482262
171   3.33978421111679 0.787090839831096
172   3.21897941003306 0.874511263034329
173   3.09697036379745  0.95907828490202
174   2.97368535484501  1.04066241538571
175   2.84907518138056  1.11914700815964
176   2.72311077675639  1.19442719043433
177   2.59578107481947  1.26640915380805
178   2.46709106406094  1.33500968876889
179   2.33705998266114  1.40015586134062
180   2.20571961965236  1.46178474803258
181    2.0731127011894  1.51984316351516
182     1.939291353227  1.57428733328498
183   1.80431564159564  1.62508248021437
184   1.66825219710491  1.67220230873174
185   1.53117293694593  1.71562838309449
186   1.39315389468263  1.75534940661583
187   1.25427417004934  1.79136041675905
188   1.11461500719276  1.82366191679795
189  0.974259006473486  1.85225896842769
190  0.833289470970073  1.87716027152428
191  0.691789884809694  1.89837725746136
192  0.549843516686728  1.91592322129083
193  0.407533138627957  1.92981251597185
194  0.264940847337512  1.94005982897233
195  0.122147973349801  1.94667955822191
196  -0.0207649382773174  1.94968530078201
197  -0.163718092932872  1.94908946388878
198  -0.306632374735489  1.94490300434483
199  -0.449429255805048  1.93713529866923
200  -0.592030703877252  1.92579414300855
201  -0.73435910499396   1.9108858785891
202  -0.876337217116058  1.89241563545762
203  -1.01788816937001  1.87038768442494
204  -1.15893552025582  1.84480588451216
205  -1.29940338650892  1.81567421084318
206  -1.43921665242354  1.78299734590314
207  -1.57830126733022  1.74678131549726
208  -1.71658463663148    1.707034149747
209  -1.85399610944373  1.66376654924051
210  -1.99046756364479  1.61699253723816
211  -2.12593408724366  1.56673008088473
212  -2.26033475382442  1.51300166798318
213  -2.39361348981858   1.4558348313389
214  -2.52572003306688  1.39526262027584
215  -2.65661098613149  1.33132402890474
216  -2.78625097469427  1.26406440325208
217  -2.91461393158652   1.1935358644597
218  -3.04168454071348  1.11979780274725
219  -3.16745989200842  1.04291751620556
220  -3.29195141737334 0.962971088890647
221  -3.41518719590047 0.880044622809528
222  -3.53721473043445 0.794235956477458
223  -3.65810430065365 0.705657016690322
224  -3.77795298216181  0.61443695782773
225  -3.89688937679662 0.520726242617419
226  -4.01507901638768 0.424701809151256
227  -4.13273027267688 0.326573452134374
228  -4.25010042815009 0.226591525206458
229  -4.36750134441299 0.125056051040733
230  -4.48530392800235 0.0223273128077211
231  -4.60394037218598 -0.0811620014164006
232  -4.72390298677748 -0.184893021962474
233  -4.84573834649207 -0.288245203256097
234  -4.97003549267388 -0.390479053112155
235  -5.09740696391521 -0.490717161670144
236  -5.22846140038589 -0.587924037585698
237  -5.36376622386912 -0.680886459301385
238  -5.50379835773873 -0.768199181818608
239  -5.64888046513795 -0.848268530856213
240  -5.79910186004589 -0.919363296705542
241  -5.95423410145652 -0.97977051315487
242  -6.11368530324188 -1.02811919852597
243  -6.27658185940124 -1.06372261712687
244  -6.44189332933036 -1.08578282959482
245  -6.60697805516765 -1.08614854980205
246   -6.7484652580408 -1.00044329195644
247  -7.17059514409673 -0.425924828190888
248   -7.8498203324236 -0.512454168624138
249  -8.52904468062711 -0.413830595873103
250  -9.06392409725212 0.0119425091848707
251  -9.24512260790755  0.67907916326268
252  -9.02177992577954  1.77298776297464
253  -8.28604385990985  2.61350561033418
254  -7.36971876396167  3.24342894887293
255  -6.40890581255375  3.79698146824882
256  -5.44655964427033  4.34712665534091
257  -4.47825793204365  4.88878719519189
258  -3.46051776492271  5.33374313970532
259  -2.39809961546016  5.66054026113195
260  -1.29991278375328  5.83191777499129
