// Id               X                Y
  1  -0.104460385198359  3.61480166137088
  2  0.808997750493924  3.58254710479183
  3   1.72448409485455  3.47269683519825
  4   2.64955893554882  3.28230171098016
  5   3.57658393380022   3.0098451799981
  6   4.46134570103984  2.72115196416383
  7   5.35689116411213  2.47285780678945
  8   6.25945178116901  2.26846799537171
  9   7.16014176387081  2.08715672904936
 10   8.04880189355391  1.88745183809682
 11     8.912511179373  1.60409825658682
 12   9.35708947907376  1.35189817757515
 13   9.74364871501614 0.991647721447393
 14   9.99191521643882 0.410869673412062
 15   9.84583237711313 -0.116564762646472
 16   9.12419977518308 -0.347229503923642
 17   8.61169921492641 -0.234272518053311
 18   8.50305747624766 -0.195472154579517
 19   8.44033537795827 -0.17070012919689
 20   8.38034085930803   -0.145402367964
 21   8.32070596286111 -0.118730375328483
 22   8.25456008095797 -0.0873992909897787
 23   8.17700777058053 -0.0483848756695065
 24   8.08633588995639 0.000244125685289509
 25   7.98292984232477 0.0594695725601949
 26   7.86818516256729 0.129561884178725
 27   7.74381802682682 0.210237578835249
 28   7.61152614972383 0.300751247851961
 29   7.47288278663412 0.399942733624767
 30   7.32930732478543 0.506306355068938
 31   7.18191091101451 0.618212448734313
 32    7.0312894133439   0.7342098582641
 33   6.87755966198552  0.85313055256381
 34   6.72055058666121 0.974025253133142
 35   6.55994698416473  1.09609573116849
 36   6.39536911754096  1.21865555236544
 37   6.22642465996855  1.34110157042734
 38   6.05275068669413  1.46288864699142
 39   5.87405050742585  1.58350795350104
 40   5.69012473633803  1.70247135618977
 41   5.50089365453752  1.81930400207859
 42   5.30640792487452  1.93354538091621
 43   5.10684652762584  2.04475691424748
 44   4.90250323563327  2.15253266276975
 45   4.69376487324948  2.25650960085084
 46   4.48108541556421  2.35637486071149
 47   4.26495972985052  2.45186875902973
 48   4.04589984132984  2.54278368861977
 49   3.82441546579965  2.62895977438914
 50   3.60099950056817  2.71027852645427
 51   3.37611832743984    2.786655707427
 52   3.15020613816004  2.85803443534943
 53   2.92366195918029  2.92437929405286
 54   2.69684757861911  2.98567196612115
 55   2.47008426622166  3.04190860985223
 56   2.24364637914431  3.09309879894129
 57   2.01775119676447  3.13926530776837
 58   1.79254687967831  3.18044351206427
 59   1.56810344426786  3.21667907776318
 60   1.34441282786757  3.24802331769547
 61   1.12140144587857   3.2745269557312
 62  0.898952989231945  3.29623416960873
 63   0.67693444977606  3.31317879818635
 64  0.455217648120534  3.32538352274322
 65  0.233691464154938  3.33286150775041
 66  0.0122638982611229  3.33561918252834
 67  -0.20914400626968  3.33365874490419
 68  -0.430608884358291    3.326979353066
 69  -0.652216397660209  3.31557657806115
 70  -0.874069129124318  3.29944035913485
 71  -1.09628729309355  3.27855234253725
 72  -1.31899972737483  3.25288394896773
 73  -1.54232521037042  3.22239655438061
 74  -1.76634792713689  3.18704453399081
 75  -1.99109421264349  3.14678068466284
 76  -2.21651791263847  3.10156235542645
 77  -2.44249778345332  3.05135635566303
 78  -2.66884471664369  2.99614161735911
 79  -2.89531314401552  2.93590994273212
 80  -3.12161137017024  2.87066603609225
 81   -3.3474082700566  2.80042808528336
 82  -3.57233645786735   2.7252297267594
 83  -3.79599352681139  2.64512371323385
 84  -4.01794334741062  2.56018721000907
 85    -4.237719208727  2.47052837831406
 86  -4.45483019799528  2.37629368465121
 87  -4.66877179817662  2.27767514471894
 88   -4.8790412197534  2.17491647055347
 89  -5.08515738026257  2.06831691511679
 90   -5.2866846265099  1.95823163954223
 91  -5.48325827081223  1.84506783124146
 92  -5.67460893655471  1.72927668636648
 93  -5.86058189248064  1.61134267063747
 94  -6.04114741059625  1.49177284189959
 95   -6.2163990397533  1.37108985792081
 96  -6.38653851657694  1.24983201464353
 97   -6.5518482050024  1.12856213502075
 98  -6.71265325927772  1.00788504033026
 99  -6.86927463419223 0.888472157448515
100  -7.02196820123875 0.771094014020336
101  -7.17083206582269 0.656668981932654
102  -7.31566749072833 0.546329829580107
103   -7.4558662045391 0.441438092796081
104  -7.59046246075268 0.343439204865793
105  -7.71827440278061 0.253645353844236
106  -7.83795617652051  0.17311218137579
107  -7.94801186503619 0.102585460041544
108  -8.04691260330673 0.0424355776116588
109  -8.13342868816476 -0.00746267501212765
110  -8.20729437295304 -0.0479318806616336
111  -8.27026093542287 -0.080823385948125
112  -8.32716092074537 -0.10921830660253
113  -8.38465454751139 -0.136631000804013
114  -8.44510148992171 -0.164004343315616
115  -8.55293012770449 -0.209144196576905
116  -9.06174682241549 -0.358271582100548
117  -9.80687783760707 -0.210505595597323
118  -10.0394467196694 0.212734799084389
119  -9.97575682787178 0.715092813315149
120  -9.66642483830687  1.16230458933722
121  -9.23552778658435  1.49082868329385
122   -8.3749081121995  1.84329309605969
123  -7.48389584136276  2.07412268794213
124   -6.5843139683366  2.24852201295666
125  -5.68839458579437  2.42687933615285
126  -4.80530972075733  2.64483259572542
127  -3.93973099621928  2.90844773395398
128   -3.0709208959511  3.17914217221689
129  -2.15857700269718   3.3959139325501
130  -1.12423382594941  3.52392231141328
131  -0.0754127732717353  4.19843318678455
132  0.896649337338215  4.17157048409193
133   1.85739073932785  4.05046404209116
134   2.80066151202131  3.84885674380237
135   3.72336826087779  3.58944817585473
136   4.63624141703027  3.31240056885437
137   5.55060329586432  3.06066159557938
138   6.47845395878587  2.84744517931284
139   7.43035909922131  2.64356521573498
140   8.44132907915557   2.3609819199574
141   9.39225935499039  1.88027183404077
142   9.88230052495516  1.43908914684639
143   10.2566561007196 0.904477660520746
144   10.4820219655581 0.394267992445889
145   10.6272880641319 -0.109986016707189
146   10.7653285866948 -0.749915788154372
147   10.7457189119645 -1.82455354375526
148   10.5441995834465 -2.22105448736471
149   10.2696813393789 -2.53396906317331
150   9.94905579083802 -2.76692810689259
151   9.59888026531407 -2.92786925560675
152   9.23639622037259 -3.02297672671972
153   8.87686440196423 -3.06104396051173
154   8.53033429398754 -3.05285823283534
155   8.20176648141223 -3.00895268063618
156   7.89263997001292 -2.93830537664404
157   7.60247176361717 -2.84805387659194
158   7.32979045109593  -2.7436789971755
159   7.07263309907196  -2.6292843245175
160   6.82880565191482 -2.50785810754649
161   6.59618815054731 -2.38159203179528
162   6.37304961832182 -2.25224370599655
163   6.15808298903084 -2.12133854921717
164   5.95026149370036 -1.99020657775153
165   5.74873203784543  -1.8599856396235
166   5.55276557823138 -1.73163246678904
167   5.36172827168416 -1.60593515175038
168   5.17505647477151 -1.48352283828372
169   4.99223169295232 -1.36487342427736
170   4.81275662911666 -1.25032203401874
171   4.63613542969662 -1.14007320560407
172   4.46186106755894 -1.03421848575956
173   4.28941120147172 -0.932759118262966
174   4.11825187219029  -0.8356317710238
175   3.94784694841543 -0.742734451155874
176   3.77767067370787 -0.653949953582011
177   3.60722084285753 -0.569164998116182
178   3.43603071007788 -0.488284185280766
179   3.26367840387162 -0.411238743601289
180   3.08979323772307 -0.337990636621637
181   2.91405883540715 -0.268532955767197
182   2.73621348476605 -0.202887701668557
183   2.55604865751675 -0.141102098927064
184   2.37340718606442 -0.083244505049873
185   2.18818301332968 -0.029400723785595
186   2.00032432910377 0.0203289407917676
187   1.80984071676897 0.0658322338974011
188   1.61681241042074 0.106988106624638
189   1.42139679474177 0.143671636750853
190   1.22382615081225 0.175761091085479
191   1.02439338368341 0.203146026846783
192   0.82342812894672 0.225734204868072
193  0.621270332628093 0.243455293947882
194  0.418249015280423  0.25626074438765
195  0.214670928324184 0.264120761273221
196  0.0108198429679242 0.267020153649564
197  -0.193035704383497 0.264954837827093
198  -0.396629854259175  0.25793024289769
199  -0.599686219089992 0.245962124657159
200  -0.801908261328472 0.229079502316785
201  -1.00297713329179 0.207328664980372
202  -1.20255965714332  0.18077658900488
203  -1.40032653521487  0.14951195548549
204  -1.59597706767181 0.113642593531648
205  -1.78926328469183 0.0732895871336615
206  -1.98000609925375 0.0285797656053179
207  -2.16809993584496 -0.02036120238123
208  -2.35350791720646 -0.0734137537638458
209   -2.5362531658402 -0.130467520144133
210  -2.71641143336822 -0.191423629252544
211  -2.89410760329571 -0.256197328378434
212  -3.06951595949323 -0.324721475807193
213  -3.24286266258621 -0.396950770611386
214  -3.41442857452506 -0.472866083055662
215  -3.58455089073093 -0.552477955537275
216  -3.75362253775856 -0.635828213203407
217  -3.92208876462537 -0.722988600046148
218  -4.09044076547411 -0.814055426752988
219  -4.25920657112214 -0.909139409939073
220  -4.42893990531932 -1.00835025514225
221  -4.60020825611657 -1.11177614165771
222  -4.77358202585035 -1.21945910354001
223  -4.94962713964332 -1.33136823879852
224  -5.12890363676759 -1.44737341195626
225  -5.31197224138618 -1.56722220927982
226   -5.4994096098001 -1.69052201736799
227  -5.69183126174189  -1.8167273121275
228  -5.88992009227988 -1.94513028423074
229  -6.09445927926124 -2.07485195760232
230  -6.30637399139925 -2.20483249980274
231  -6.52679946912564 -2.33382351342772
232  -6.75718910665686 -2.46037366609523
233  -6.99938315596926 -2.58274009288751
234  -7.25548503120371 -2.69864809340923
235  -7.52760989314328 -2.80498164377702
236  -7.81767079550778 -2.89751392664818
237  -8.12710733355505  -2.9706383097648
238  -8.45633975081743 -3.01708020058508
239  -8.80376623998321 -3.02773402396604
240  -9.16426385493624 -2.99199509212246
241  -9.52766823301087  -2.8990978796571
242  -9.87878858381519 -2.74032369919076
243  -10.2006499068822 -2.50950710179111
244  -10.4768450607797  -2.1988943631028
245  -10.6813175249206  -1.8039025328163
246  -10.7048577218964 -0.70934102879841
247  -10.5736689502957 -0.0595075976334682
248  -10.3991838612276   0.5918855249349
249  -10.1146439575017  1.20174344295446
250  -9.72497992541327  1.69455052106315
251  -9.29957501282975  2.04414060842876
252  -8.46306013367669  2.44911649730514
253   -7.5664029272612  2.68837901565532
254  -6.65363290536109  2.86363831302321
255  -5.73979911077914  3.04393479599021
256  -4.82743628997015  3.26298425664062
257  -3.90451633853041  3.51842596633245
258  -2.95636490054991  3.77234008137741
259  -1.99387123487026  3.98239169010904
260  -1.03756481778801  4.12771975616526
