// Id               X                Y
  1  -0.00217276603912358 -0.303461690985351
  2   0.63815767853351  1.13536536261555
  3   1.89942694143448 0.286736975880325
  4   3.39514044661566 0.339229517399029
  5   4.84391595913415 0.726996093794777
  6   5.99151608066633  1.71395100994214
  7   5.69080906191235  3.23516502743533
  8   7.27475953009544  3.17596840008089
  9   7.94968550606157  4.77698214248727
 10   8.66354095893024   3.3764157531804
 11   9.53280062058998  2.11107329743428
 12   9.53591182613323  1.67064490209826
 13   9.39230965628833  1.23488049166575
 14   9.09404349996816 0.889967569053772
 15   8.68451425827024 0.708870574271299
 16   7.95832411059517 0.814741904738572
 17   7.51668135074988 0.900266519234473
 18   7.15812869403293 0.900638936959343
 19   6.84851099690091  0.85388015818068
 20   6.60589324658752 0.792584179991373
 21   6.49670815423904 0.759877177665908
 22   6.40194571227925  0.72944388453979
 23   6.30808222532587 0.697889869256985
 24   6.20791248753345 0.663165728405401
 25   6.09786871534482 0.624346503643025
 26   5.97698679343629 0.581552455199106
 27   5.84624395747835 0.535785116730953
 28   5.70779534468443  0.48856632754636
 29   5.56398728468762 0.441434016981609
 30   5.41670070025229   0.3956053499366
 31   5.26726998165526 0.351921387063018
 32   5.11661995542002 0.310912875214107
 33   4.96538688988167 0.272876523719493
 34   4.81400059944604 0.237939438827779
 35   4.66274305345329 0.206110378287956
 36   4.51179084250574   0.1773184437155
 37   4.36124500047712 0.151441004550211
 38   4.21115124419607 0.128323295923666
 39   4.06151358087157 0.107792021629153
 40   3.91230393727659 0.0896648152170398
 41   3.76346976723844 0.0737568456745002
 42   3.61494057587057 0.0598853779114886
 43   3.46663363763482 0.0478728225421955
 44   3.31845901627292 0.0375486735264489
 45   3.17032398219739 0.028750642652638
 46   3.02213688333562 0.0213252263579179
 47   2.87381047531661 0.0151278833546479
 48    2.7252647007892 0.0100229592994462
 49   2.57642893026276 0.00588346165946267
 50   2.42724372022134 0.00259075985106383
 51   2.27766219305625 3.42614609017379e-05
 52   2.12765119185836 -0.00188890469346643
 53   1.97719240470705 -0.00327418318365738
 54   1.82628366225624 -0.00420985897280289
 55   1.67494053948763 -0.00477729628714039
 56   1.52319816188796 -0.00505114819841545
 57   1.37111261982199 -0.00509953057550099
 58   1.21876063468389 -0.00498414707848567
 59   1.06623553873697 -0.00476034988834101
 60  0.913638054974616 -0.00447713354822049
 61  0.761062311930308 -0.00417708819912276
 62  0.608580519459131 -0.003896367019985
 63  0.456231713619794 -0.00366472292651879
 64  0.304018587554514 -0.00350562984559919
 65  0.151912398374561 -0.00343645156625395
 66  -0.000137222531429282 -0.00346859679378783
 67  -0.15219119186736 -0.00360761109197016
 68  -0.304310383521117 -0.00385318179935864
 69  -0.456545014344837 -0.0041990467188174
 70  -0.608923506347221 -0.00463280370976446
 71  -0.761442605634568 -0.00513563682430192
 72  -0.914062426270183 -0.00568200716988676
 73  -1.06670961218165 -0.00623937743484208
 74  -1.21928862206774 -0.00676802004229963
 75   -1.3716970915323 -0.00722090426193793
 76  -1.52383983053716 -0.00754361066804303
 77  -1.67563801001716 -0.00767421614290855
 78  -1.82703309940251 -0.00754312053248294
 79  -1.97798707370677 -0.00707281787074203
 80  -2.12848083307426 -0.00617763121563057
 81  -2.27851219365406 -0.00476342997263196
 82  -2.42809404853978 -0.00272734182445179
 83  -2.57725280392047 4.25341966758193e-05
 84  -2.72602696956101 0.00366740809899671
 85  -2.87446571507889 0.00827806303703022
 86   -3.0226272177637 0.0140150835622272
 87  -3.17057667355671 0.0210290135781776
 88  -3.31838389398534 0.0294803901472493
 89   -3.4661204605284 0.0395395760097366
 90  -3.61385644667873 0.0513862868251432
 91  -3.76165672966993 0.0652086769998538
 92  -3.90957687920068 0.0812018050328536
 93  -4.05765853420935 0.0995652375966263
 94  -4.20592410663345 0.120499466413818
 95  -4.35437059951895 0.144200700423651
 96  -4.50296211242004 0.170853422811867
 97  -4.65161991184432 0.200619768970669
 98  -4.80020794678156 0.233624230204883
 99  -4.94851113055844 0.269931565726511
100  -5.09620381089379 0.309515392152731
101   -5.2428065335897  0.35221516510589
102  -5.38762983561463 0.397680701321543
103  -5.52970094388175 0.445305683639342
104  -5.66766573968233 0.494156004996671
105  -5.79971683977416 0.542929309186571
106  -5.92380417808249 0.590074576102827
107  -6.03836610620601 0.634191583427548
108  -6.14322060884615 0.674526205173964
109  -6.24024322328432 0.711297811785487
110  -6.33410406772384 0.745872521424189
111  -6.43385312761187 0.780989865164892
112   -6.5623871606917 0.822898587415855
113  -6.85222781604187 0.899602873485715
114  -7.18742992505513 0.945397368888363
115  -7.55912241525615  0.93180718059101
116  -7.96274186453524 0.839432889035039
117  -8.67113110437802 0.692893810444796
118  -9.09185446889149 0.835897144318619
119  -9.42525065280699  1.14132463691038
120  -9.62802239554932  1.54854049430822
121  -9.69783721784014  1.98124567454014
122  -9.11446876280922  3.39856096875859
123  -8.69440533887718  4.91093927332974
124   -7.7772565520023  3.43171043625936
125  -6.24409657547007  3.74889234320795
126  -6.07557955004916  2.01916698778062
127  -4.49093241366033  2.20499725714874
128   -4.1459854818564 0.690493174427622
129  -2.64463918012397 0.292416482089808
130  -1.08201253648084 0.758375747961243
131  -0.321720703107904  0.27284802493678
132  0.852242568923403 0.628423606829199
133   2.04694334102857 0.881668260353315
134   3.24761192615252 0.943534360726911
135   4.41992023360035  1.20351786779105
136   5.37515386399719  1.90600334963051
137   6.08743423402166  2.85470534968396
138   6.90120497619376  3.70675697702791
139   7.94702151923323  4.20762526725137
140   9.03683135653492  3.88707247293943
141   9.69557056614741  2.99313529149759
142   9.86041895355545  2.29740956050543
143   9.82517949630932  1.61174509478977
144    9.6353337755727 0.953158910792769
145   9.37983247378155 0.332688842752528
146   9.15170728220456 -0.308015549955384
147    8.6436551031058 -1.45860359870426
148   8.60552258076707 -1.50076434608808
149   8.56950908818893 -1.53855219772796
150   8.50164484692761 -1.60501798418877
151   8.34028673280884  -1.7426464450176
152   8.15987693033197 -1.87129575873123
153   7.97118217410542 -1.98508467174524
154   7.78226952544011 -2.08306734999413
155   7.59835675985323 -2.16666608467062
156   7.42171694446657 -2.23831917393795
157   7.25208529373813 -2.30069921055457
158   7.08754214782006 -2.35624944665605
159   6.92571268375548 -2.40688746804918
160   6.76459520936702 -2.45394513735718
161   6.60273832297331 -2.49829756532853
162   6.43914609157358 -2.54051089143978
163   6.27317018526423 -2.58094406219545
164   6.10442608139576 -2.61981453742484
165   5.93272599170528 -2.65724248394249
166   5.75802580322428 -2.69328125749505
167   5.58038489753571  -2.7279387251829
168   5.39993677728212 -2.76119252870187
169   5.21686783102046 -2.79300143350474
170   5.03140154030984 -2.82331418688179
171   4.84378600558687 -2.85207672095385
172   4.65428365259271 -2.87923807971796
173   4.46316264614648 -2.90475520348721
174   4.27068972695192 -2.92859662404585
175   4.07712422785204 -2.95074510798973
176   3.88271309621855 -2.97119928904182
177    3.6876868275078 -2.98997434739688
178   3.49225625394616 -3.00710182206193
179   3.29661012591259 -3.02262867176752
180   3.10091339010738 -3.03661572271958
181     2.905306024714 -3.04913565290208
182   2.70990224498572 -3.06027066246945
183   2.51478985149198 -3.07010996958927
184   2.32002948512124 -3.07874725303297
185   2.12565362948903  -3.0862781397068
186   1.93166544027494 -3.09279781074106
187   1.73803799290821 -3.09839877740894
188   1.54471532302253 -3.10316886486318
189   1.35161723653951 -3.10718944735319
190    1.1586494418755  -3.1105340004244
191  0.965718573293516 -3.11326704781133
192  0.772748617041627 -3.11544355203219
193  0.579693212963216 -3.11710871549105
194   0.38653971151203 -3.11829805920472
195  0.193304982792865 -3.11903760348704
196  2.62207458723979e-05 -3.11934401685146
197  -0.193249531384741 -3.11922467721829
198  -0.386475339715775 -3.11867764626739
199  -0.579614357242831 -3.11769156791773
200  -0.772650344388538 -3.11624548610702
201  -0.965596909547861 -3.11430858426249
202  -1.15850170831924 -3.11183990024885
203  -1.35144233402236 -3.10878814220093
204  -1.54451390347846 -3.10509176956814
205  -1.73781248151002 -3.10067946456613
206   -1.9314198987119 -3.09547102718471
207  -2.12539346409235 -3.08937865079517
208  -2.31976100080116 -3.08230850892822
209  -2.51451964334545 -3.07416259552964
210  -2.70963641344246 -3.06484078206431
211  -2.90504920014975  -3.0542430611479
212  -3.10066755728327 -3.04227193503455
213  -3.29637324531067 -3.02883488725623
214  -3.49202068502562 -3.01384685318692
215  -3.68743756781536 -2.99723258354439
216  -3.88242586030888 -2.97892877696059
217  -4.07676340132561 -2.95888584616113
218  -4.27020624374852 -2.93706917870396
219  -4.46249185191225 -2.91345975883787
220  -4.65334323446965 -2.88805403115694
221  -4.84247409117051 -2.86086290472252
222  -5.02959509871212 -2.83190980928664
223  -5.21442155033594 -2.80122771386827
224  -5.39668264878209 -2.76885499871095
225  -5.57613281374503 -2.73483002901387
226  -5.75256558352564 -2.69918416566171
227  -5.92583137900315 -2.66193265844396
228  -6.09586135613808 -2.62306235525577
229  -6.26269999184239 -2.58251452641407
230  -6.42654857024474 -2.54016040175362
231  -6.58782020158044 -2.49576625045206
232  -6.74720473164538 -2.44894380006075
233  -6.90574211355941 -2.39907912384459
234  -7.06490253768346 -2.34522839587422
235  -7.22660655198607 -2.28598452288739
236  -7.39290433174447 -2.21940919601734
237  -7.56506942138445 -2.14319341529398
238   -7.7425405351148 -2.05504434774239
239  -7.92226571531822 -1.95325260360067
240  -8.09848267467018 -1.83762370210312
241  -8.26265394790987 -1.71122956950491
242  -8.39894148994067  -1.5878759974199
243  -8.42408326357016 -1.56278626044449
244  -8.43180372322327 -1.55491812122899
245  -8.44898604044898  -1.5371213853385
246  -9.03189345715992 -0.382458724528134
247  -9.31604267965502 0.236515076060951
248  -9.63586988682724 0.816428730803137
249  -9.91525231924943  1.43553733144929
250  -10.0671746058957   2.0987904235043
251  -10.0424781628423  2.80840784844681
252  -9.58910347527009   3.8166742223726
253     -8.59130277726  4.34693279504109
254  -7.48340140824701  4.01184152436157
255  -6.54246583936225  3.29730162396355
256  -5.66620909720439   2.5356447190974
257   -4.7809011281861  1.75477589586562
258   -3.7392413851723  1.19524163359155
259  -2.64392199513804 0.861609621176813
260  -1.54173958259733 0.448288908791338
