// Id               X                Y
  1  -0.10276828919496  3.77938020019004
  2   0.82398851693142  3.74170374011743
  3    1.7562287172527  3.62037521713804
  4   2.69790267843056  3.41303712743565
  5   3.61710546691212  3.13649555154423
  6    4.4802843254753   2.8266479304925
  7   5.35592242171165  2.55336788134258
  8   6.24311799041102  2.32281694699768
  9   7.13284650448365  2.11710807975909
 10   8.01375656859293  1.89869729487654
 11   8.87375111968826   1.6082096200118
 12   9.31850961582887  1.35707452648871
 13   9.70982384633129 0.998879688809419
 14   9.96565732710964 0.423532248280238
 15   9.82607889656269 -0.114622253127631
 16    9.1092063054933 -0.353275327803077
 17   8.59994543381926 -0.242971200210806
 18   8.50053871241296 -0.207359914978465
 19   8.44154188677701 -0.184014534055535
 20   8.38425336747528 -0.159797632238363
 21   8.32665802010553 -0.133911622411631
 22   8.26222979910785 -0.103177981801022
 23   8.18616637992024 -0.0645057191656078
 24   8.09678293373005 -0.0158602322882088
 25   7.99452752509219 0.0438579817494502
 26   7.88088446570613 0.115016044454979
 27   7.75766285866315 0.197401072124895
 28   7.62664208534233 0.290303311995686
 29   7.48947099711564  0.39254705122961
 30   7.34763881562286 0.502552744439329
 31   7.20230621198817 0.618579920886865
 32   7.05408102642204 0.739070779413147
 33   6.90305621935472 0.862776137095672
 34   6.74901785955573 0.988685982118351
 35   6.59159835546706  1.11595635560742
 36   6.43035820710775  1.24386867816634
 37   6.26483756427315   1.3718002419513
 38    6.0945973614817  1.49919691359835
 39   5.91925630332071  1.62554797134274
 40   5.73852422810245  1.75036575747658
 41   5.55222914999384  1.87317314853906
 42   5.36033419644391  1.99350041043146
 43    5.1629417942941  2.11089055359459
 44    4.9602849705443  2.22491011016902
 45   4.75270817823284  2.33516133643943
 46   4.54064162499525  2.44129236232142
 47   4.32457338467722  2.54300321099359
 48    4.1050228957447  2.64004715100405
 49   3.88251829529074  2.73222800105175
 50   3.65757883775302  2.81939461186613
 51   3.43070264365523  2.90143388414212
 52   3.20235926522629  2.97826353407323
 53   2.97298596828282  3.04982556183237
 54   2.74298610795836  3.11608111208207
 55   2.51272749406389   3.1770071482068
 56   2.28253838086883  3.23259502835796
 57   2.05269914821016  3.28285058717297
 58   1.82342948592742  3.32779470274066
 59   1.59487408356726  3.36746281691172
 60   1.36709311987922  3.40190198302913
 61   1.14006436846889  3.43116510739425
 62  0.913699496576667   3.4553037181683
 63  0.687870182746341  3.47436163887133
 64  0.462435098213569  3.48837149111264
 65  0.237259537274013  3.49735441676941
 66  0.0122238716616056  3.50132196344753
 67  -0.212778408169964  3.50027847371185
 68  -0.437849404833568  3.49422254576796
 69  -0.663097361823238  3.48314683422007
 70  -0.88864385376685  3.46703633137349
 71   -1.1146229260507  3.44586611622076
 72  -1.34116925440462  3.41960014691312
 73  -1.56839600837622  3.38819264419686
 74  -1.79636795904105  3.35159267648396
 75  -2.02507877151838  3.30975096806275
 76  -2.25444016171412  3.26262671627879
 77  -2.48428469177781  3.21019232713935
 78  -2.71437768606462  3.15243536399334
 79  -2.94443136111995   3.0893585210242
 80  -3.17411609234848   3.0209791299686
 81  -3.40306713421241   2.9473295266016
 82  -3.63088771694148  2.86845902122307
 83   -3.8571505846243  2.78443765422411
 84  -4.08140012180487  2.69536152237834
 85  -4.30315682846328    2.601359198169
 86  -4.52192540661592  2.50259855161047
 87  -4.73720721809345  2.39929307773914
 88  -4.94851731552416  2.29170665788801
 89  -5.15540555327842  2.18015563248076
 90  -5.35748041654175  2.06500727547957
 91  -5.55443323942894  1.94667436144697
 92  -5.74605963398917  1.82560652552152
 93  -5.93227455440196   1.7022803482384
 94   -6.1131178078388  1.57719112416459
 95  -6.28874812110615  1.45084955311411
 96  -6.45942577998684  1.32378577628489
 97  -6.62548559522935  1.19656145410421
 98  -6.78730252343518  1.06978873875805
 99  -6.94525092090433 0.944154083269377
100  -7.09965428277121 0.820446067716767
101   -7.2507106057061 0.699593729138407
102  -7.39835351192215 0.582738133250963
103  -7.54205126592281 0.471317696122028
104  -7.68075608137291 0.366984132682086
105  -7.81310857500205 0.271298440243137
106  -7.93759888432123 0.185497244246972
107  -8.05260271581908 0.110414584971239
108  -8.15647325260551 0.0464353445409337
109  -8.24786137904273 -0.00660691785173605
110  -8.32639217924048 -0.0496232428325433
111   -8.3937556040847 -0.0845633450755859
112  -8.45483342996754 -0.114639405724417
113  -8.51663363558617 -0.143488998987205
114  -8.58178753063353 -0.172149346870261
115  -8.69784207172956 -0.218689061246694
116   -9.2071733037949 -0.354839885567951
117  -9.94219016283828 -0.165996859316109
118  -10.1228409822399 0.345143283906734
119  -9.92663462713498 0.925802074095421
120  -9.57118740910137  1.30932362243943
121  -9.14967858168993  1.58500085862205
122  -8.30695885391432  1.90469271842232
123   -7.4354943760914  2.12948971388049
124  -6.55198166196023  2.32392076409424
125  -5.66869024638912  2.53297849826237
126  -4.79502288168934  2.78225367957796
127  -3.93511901163849  3.07412873863807
128  -3.07217499224186  3.36080200447479
129  -2.17059602438935  3.57209564423683
130  -1.13642599887878  3.69464121369082
131  -0.128588880041548  4.36629460918709
132  0.857171590747108  4.33480869343764
133   1.82250066863781  4.20838553863231
134   2.76722209812747  3.99862528731663
135   3.69831034264847    3.724558633663
136   4.61787236519094  3.42417340145389
137   5.52917690485786  3.14446424243054
138   6.45061008931717  2.90290524162403
139   7.39332198968883   2.6750044443017
140   8.39773605235056  2.37540589764932
141    9.3443614124653  1.88854910453311
142   9.84332887552702  1.44036079196336
143   10.2258701778233 0.898861449637083
144   10.4565960938065 0.388639707551752
145   10.6052121876815 -0.100252053751163
146   10.7543600502185 -0.74795001509601
147   10.7469807467129 -1.82134991025475
148   10.5475004281962 -2.22581107467316
149   10.2738951449488 -2.54370000419899
150   9.95322304466332 -2.78032495317084
151   9.60252761528652 -2.94373754856959
152   9.23916415357259 -3.04024063563918
153   8.87856045013135 -3.07864511765128
154   8.53094380453399 -3.06978931384777
155   8.20138646897189 -3.02429531287508
156   7.89141994494392 -2.95123674575516
157   7.60058936856962  -2.8578438086695
158    7.3274438107475 -2.74968900225813
159   7.07002225158113 -2.63095927160756
160   6.82610720068811 -2.50470695958111
161   6.59354212490415 -2.37317189007256
162   6.37056682587837 -2.23816276379542
163   6.15585629048629 -2.10126861705442
164   5.94836567353992 -1.96388817030823
165    5.7472196868204 -1.82722665800768
166   5.55166592104536 -1.69230541038741
167   5.36105061121931 -1.55997484814853
168   5.17479782152633 -1.43092481737762
169   4.99238690156433 -1.30569191312504
170   4.81332853716622  -1.1846660337625
171   4.63714245047885 -1.06809945648082
172   4.46334052213208 -0.956121161989542
173   4.29141798651717 -0.848757249659788
174   4.12085324922765 -0.745956096123024
175   3.95111491296666 -0.647615458705687
176   3.78167347534511 -0.553608421079175
177   3.61201496083604 -0.463805689280354
178   3.44165416851425 -0.37809277054233
179   3.27014588946995 -0.296381578307748
180   3.09709312309655 -0.218616784401365
181    2.9221519057442 -0.144777741129401
182   2.74503287932433 -0.0748770712170245
183   2.56550024489011 -0.00895713770345645
184   2.38336932697741 0.0529144045730882
185   2.19850458147204 0.110648924121315
186   2.01082027105325 0.164140293790499
187   1.82028568968567 0.213267448447357
188    1.6269351052382 0.257896738763858
189   1.43087940105312 0.297885464171666
190   1.23231313099474 0.333087881832167
191   1.03151026235841  0.36336375903916
192  0.828806210441066 0.388587711120288
193  0.624570729901702 0.408656563727319
194  0.419180715154526 0.423492733650609
195  0.213001090023292 0.433043536191834
196  0.00637748072597473 0.437277994190264
197  -0.200360265089577  0.43618331907521
198  -0.406887558610458 0.429762854071116
199  -0.61287265184378 0.418036373440874
200  -0.817967699606141 0.401042566107886
201  -1.02180817954852 0.378842491861624
202  -1.22402378132782 0.351522025779045
203  -1.42426024205951 0.319191226301749
204  -1.62220668826184 0.281979571284266
205  -1.81761953429911 0.240027884236837
206  -2.01033512739345 0.193479373759771
207   -2.2002691788853 0.142472288260548
208  -2.38740735964131 0.0871352478041417
209  -2.57179391638268 0.0275846272814834
210  -2.75352339274243 -0.0360774176210016
211  -2.93273715088478 -0.103765440792236
212  -3.10962378426471 -0.175414129787878
213  -3.28442141114794 -0.25098236166254
214  -3.45741984705295 -0.330457108442113
215  -3.62896115750356 -0.413856168115556
216  -3.79943768548255 -0.50122862296269
217  -3.96928717608922 -0.592651970037743
218   -4.1389850829305 -0.688225022784089
219  -4.30903459296403 -0.78805597949082
220  -4.47995539773621 -0.892245538000634
221  -4.65227276504188 -1.00086562411706
222  -4.82650893286425 -1.11393512862069
223  -5.00317906310858 -1.23139481597901
224  -5.18279371021241 -1.35308394623734
225  -5.36586882219005 -1.47872079600903
226  -5.55294283467906   -1.607888059201
227  -5.74459899641811 -1.74002239506728
228  -5.94149051395448 -1.87440592778585
229  -6.14436720889793 -2.01015705987248
230  -6.35410620695297 -2.14621914282803
231  -6.57176097313736 -2.28135048665701
232    -6.798668897219 -2.41412689860598
233   -7.0366135133556 -2.54292330024733
234  -7.28781508571094 -2.66572203644049
235  -7.55462923443236 -2.77973460398148
236   -7.8392464634716 -2.88105931469686
237  -8.14343992299937 -2.96440012707567
238  -8.46810227907697  -3.0227648238998
239  -8.81230796897679 -3.04722724051014
240  -9.17179292213186  -3.0271132314795
241  -9.53725909950632 -2.95118817376439
242  -9.89405835508194 -2.80990957913569
243  -10.2253690156106 -2.59632311438489
244  -10.5154165698138  -2.3018158753814
245  -10.7371318956289 -1.92392711225514
246  -10.8232364675369 -0.857438695546755
247  -10.7240157089679 -0.201468435022675
248  -10.6149540316282 0.297723469817262
249  -10.4307399418225 0.810436642858356
250  -10.0914762758211  1.37521368473952
251  -9.62088965750605  1.85244331891905
252  -8.69578915725152  2.37602753595481
253  -7.69418623901728  2.68805487075599
254  -6.74834149054131  2.90778172454624
255   -5.8223241336101  3.12955596521451
256  -4.90552918491193  3.38698574457381
257  -3.97817494481966   3.6732612556205
258  -3.01068607602927   3.9487668883898
259  -2.04415779080999  4.16204692920052
260  -1.09111884002184  4.30161115468415
