// Id               X                Y
  1  -0.537544646325303  9.90772132530996
  2  0.620609833153676  9.84874703768141
  3   1.69616449291367  9.48240952494535
  4   2.72299168234693  9.01421517551279
  5   3.69762482029767  8.45862972831967
  6   4.60874971578177  7.79977118726752
  7   5.46314993036337   7.0468260970848
  8   6.18937026490536  6.21349930887194
  9   6.78637819098651  5.30091922726818
 10   7.40887829519429  4.40189209271987
 11   8.08160332564494  3.53077251225153
 12   8.52874521717348  2.99530840727026
 13   8.95557745949551  2.44612846890448
 14   9.27348976545296  1.84459598898009
 15   9.30803779080741  1.24526749507252
 16   8.86325984722519 0.675272411712306
 17   8.29386398611169  0.55803830225516
 18   8.21904185419934 0.565193128186319
 19   8.15139950255155 0.576130334814426
 20   8.08269952094567 0.591810216690575
 21   8.01151075283599  0.61302692541562
 22   7.93329240506322 0.642590317421247
 23   7.84492837977987 0.684412673754698
 24   7.74647882889743  0.74267478795538
 25   7.64057347453891 0.821094713313879
 26   7.53135838240007 0.922536581118657
 27   7.42357040298711  1.04877431685049
 28   7.32184078423488  1.20040979439228
 29   7.23016420130608  1.37688688844836
 30   7.15146919688601   1.5765667446875
 31   7.08727082427936  1.79686637580797
 32   7.03745005382325  2.03451499659079
 33   7.00025153459133  2.28601633739151
 34   6.97256711716049   2.5482905356744
 35    6.9504364182387  2.81910193253048
 36   6.92956028301608  3.09677786726476
 37   6.90570578503364   3.3794775928893
 38   6.87504143690206   3.6649042161646
 39   6.83435324830825  3.95093768931403
 40   6.78100989887083  4.23641654594802
 41   6.71277184105511  4.52108191021152
 42   6.62763121133355  4.80505022249814
 43   6.52373225629876  5.08841705291814
 44   6.39935430399997  5.37107227820303
 45   6.25294882115579  5.65262283911178
 46   6.08323951570686  5.93234927783199
 47    5.8894015045016  6.20917001541612
 48   5.67129682251491  6.48165430017376
 49   5.42961168878852  6.74821684679035
 50    5.1657399649921  7.00749020383377
 51   4.88153535322738  7.25860355169656
 52   4.57910668815216  7.50123929464473
 53   4.26071543512637  7.73551834707686
 54   3.92883209734045   7.9617443393796
 55   3.58645251174338  8.17998888814955
 56   3.23775622040091   8.3895111277262
 57   2.88823361425188  8.58855126981525
 58   2.53911027380338  8.77717588005307
 59    2.1860509476089  8.95719956316535
 60   1.83043310418859  9.12599628072094
 61   1.47565057951771  9.27900447584676
 62   1.12388808895702  9.41165523135521
 63  0.777659671316662  9.51911932701271
 64  0.465547641920918  9.59192858653333
 65  0.201754944463773  9.63236436369573
 66  -0.011962633013567  9.64889451170848
 67  -0.197016698195344  9.65044496435462
 68  -0.406544564461702  9.63783435164927
 69  -0.666492708595285  9.60253759619106
 70  -0.976610032828999   9.5354404192858
 71  -1.32331650168546  9.43316002545138
 72  -1.67754202850501  9.30427643124824
 73  -2.03666740911344  9.15334744327852
 74  -2.39875181298951  8.98472036169756
 75  -2.76052565361909  8.80290695571777
 76  -3.11850184114037  8.61179073566072
 77  -3.47315307658768  8.41207643635988
 78  -3.82707824661775  8.20193144676989
 79  -4.17653681021297  7.98218781872319
 80  -4.51666658000442  7.75402638335489
 81  -4.84395951543837  7.51773562600304
 82  -5.15578751354985  7.27312497987233
 83  -5.44990172715058   7.0200019119054
 84  -5.72423531439645  6.75848673443179
 85  -5.97691319381235  6.48918621946686
 86   -6.2063853203728  6.21323204874199
 87  -6.41162728441617  5.93215571179597
 88  -6.59233456669875  5.64758491556593
 89  -6.74896253239539  5.36091748185554
 90  -6.88256552781692  5.07318046186732
 91  -6.99458768427737  4.78503749885049
 92  -7.08671517365743  4.49683802847919
 93  -7.16080093980924  4.20868894085757
 94  -7.21885149198244  3.92058362339796
 95  -7.26307403559804  3.63264863627188
 96  -7.29598972775886  3.34551554707081
 97  -7.32059051702527  3.06058395178486
 98  -7.34043066209853  2.77979397736054
 99    -7.359525589495  2.50510786713508
100   -7.3820746058766  2.23839952547898
101  -7.41208181187499  1.98184906630522
102  -7.45288141316756   1.7382679997854
103  -7.50663052632255  1.51092900906574
104  -7.57393726995115  1.30307509760288
105  -7.65374089013351  1.11745598661787
106  -7.74343651851124 0.956009545637729
107  -7.83918841188154 0.819647270373507
108  -7.93641330158693 0.708094525339459
109  -8.03048619776913 0.619777216869788
110  -8.11776329992806 0.551784001993882
111  -8.19691606470685  0.49997561422102
112  -8.27002768074967 0.459464555590128
113  -8.34153096887691 0.426019512848362
114  -8.41327672024595 0.398121245022753
115  -8.49308678985165 0.373300763250106
116  -9.08776893753106 0.369732383186069
117  -9.63384394499248 0.845944412318002
118   -9.6962268339464  1.38298396478327
119  -9.46045012189886  2.00035454366934
120   -9.0740730088305  2.56361601013757
121  -8.65131819060491  3.09980068234888
122  -8.00031391253952  3.96776987332291
123  -7.40965241779641  4.85456952136835
124  -6.87927510360663  5.73513563388975
125  -6.25307267176852  6.60638665775518
126  -5.44078909922598  7.36679512539421
127  -4.54377792970604  8.05279882973735
128  -3.62161631362068  8.67276526859035
129  -2.63169577040533   9.1737629830914
130  -1.59684302091175  9.58778617926992
131  -0.280833964709269  10.4175979681208
132  0.850574015799977  10.3706773003586
133   1.92301454164985  10.0411754003092
134    2.9379336611329  9.56731527704412
135   3.90436173915671  9.00346500994451
136   4.81157485924227  8.34745237202377
137   5.64532466938365  7.59900999220951
138   6.39227926390634   6.7580142152596
139   7.06429783131211   5.8509963148962
140   7.71668042305212  4.93941921880612
141   8.38037031950829  4.04897461007853
142   8.79537721137999  3.47618586102449
143   9.19350114124306  2.89138635472685
144    9.5692511283507  2.28150556194247
145    9.9277903627814  1.66258403889674
146    10.283361288671  1.06274905551881
147   10.8347820102861 -0.247349456595704
148   10.7622065705817 -0.766999335964694
149   10.5770214154538 -1.18779391860339
150   10.3167180139323 -1.52519949062039
151   10.0043976572372 -1.78574471125443
152   9.65980659463166 -1.97289699435753
153   9.30066746543656 -2.09133009912981
154   8.93950930070215 -2.14808788454726
155    8.5831773319307 -2.15042432156846
156   8.23472537644532 -2.10400140799091
157   7.89558505284266 -2.01246037568957
158   7.56708674791769  -1.8778986022459
159    7.2512584681716  -1.7017330934116
160   6.95104383115431 -1.48566297232698
161   6.67005617750586 -1.23255372289225
162   6.41196945120867 -0.947057510201978
163   6.17972105226906 -0.635778792352368
164   5.97480305141237 -0.306897013659193
165   5.79687926794616 0.0307204135296623
166    5.6438026781226 0.368821730852984
167   5.51201693605066 0.701125828639561
168   5.39724312024496  1.02401758348942
169   5.29524747154009  1.33603490629653
170   5.20238322587223  1.63666018504476
171    5.1157247814843  1.92559316632594
172   5.03297403968931  2.20265215145651
173   4.95233827561166  2.46784146398968
174   4.87242443322171  2.72138969444236
175   4.79213667634443  2.96377041050045
176   4.71056003948472  3.19575009480876
177   4.62681075531676  3.41849962130411
178   4.53984628743031  3.63374717651207
179   4.44830033571399  3.84378390998325
180   4.35042802339347  4.05118648681387
181    4.2441066804007  4.25848285507458
182   4.12682194712574  4.46791988487414
183   3.99563782581544  4.68129353024641
184    3.8471196649229  4.89985373147387
185   3.67708714521641  5.12438226229547
186   3.48009548451129  5.35537994207287
187   3.25000773503283  5.59178606983056
188   2.98815955847427  5.82399708249834
189   2.70466258279933  6.03813545810828
190   2.40382107727643  6.22936419403479
191   2.08817357838912  6.39571925665074
192   1.76168500541167  6.53561864984459
193   1.42721593756373  6.64908724122798
194   1.06070247457453  6.74275006281541
195  0.644332197685121  6.81501328492782
196  0.157040928690566  6.86000393082661
197  -0.386468423723917  6.86704318239203
198  -0.883860444866921  6.83423977532854
199  -1.30963364987023  6.77180422212214
200   -1.6848134323529  6.68624664387625
201   -2.0281579049935  6.57941002700256
202  -2.36438683426067  6.44496288360644
203  -2.69059317671158    6.282538695649
204  -3.00202247095713   6.0937737163089
205  -3.29529192475084  5.88103873223731
206  -3.56798867764188  5.64733565039377
207  -3.81371061066061   5.4014033054154
208  -4.02504071980077  5.15771405765548
209  -4.20529565135719  4.92160157117379
210  -4.36088167035605  4.69278587912131
211  -4.49685537811582    4.470283713206
212  -4.61710364129088  4.25291026053672
213  -4.72481228246649  4.03907156106181
214  -4.82266588913707  3.82673552111228
215  -4.91292372539615  3.61354216691717
216  -4.99746292501299  3.39697209573689
217  -5.07781007582659  3.17457182999564
218  -5.15517220763936  2.94424463528939
219  -5.23052553178872  2.70444181672741
220  -5.30478026611358  2.45411416927989
221  -5.37894923299152  2.19257348682098
222  -5.45428260008351  1.91940013438552
223  -5.53237924155627  1.63440064434054
224  -5.61528985450632  1.33758529482081
225  -5.70562094334983  1.02915168241167
226  -5.80662607421201 0.709547414010364
227  -5.92219695421944 0.379853063603452
228  -6.05659629419924 0.042621524585793
229  -6.21389351917274 -0.297356457835193
230  -6.39728212883693 -0.633098457250895
231  -6.60851585051298 -0.956308038950191
232  -6.84764918854354  -1.2585707967437
233  -7.11318416672301 -1.53238937904741
234  -7.40260756891417 -1.77179136318923
235  -7.71312723790433 -1.97237082682584
236  -8.04230459041467 -2.13076859466204
237  -8.38830346932735 -2.24374574237626
238  -8.74951654609393 -2.30707974444788
239  -9.12332128159465 -2.31461098816797
240  -9.50384023496442 -2.25803480674162
241  -9.87938296980257 -2.12826197753499
242  -10.2319940904568 -1.91805531858299
243  -10.5409314307151 -1.62212425807008
244  -10.7831234217776 -1.23257270590119
245  -10.9230915970719 -0.73279081090289
246  -10.5845036852705 0.559372685869979
247  -10.3011902378634  1.18808795561797
248  -10.0028783236157  1.83110928858158
249  -9.67395133947576   2.4611837007948
250  -9.31157342073072  3.05773411153977
251  -8.92231970703781  3.63415061727096
252  -8.27788608117947   4.5233610587103
253  -7.63399233979175   5.4326014592889
254  -6.96805251338539  6.34391126036651
255   -6.2269059980575  7.20558575670976
256  -5.39266228766969  7.97836392098695
257  -4.48150726792994  8.66395951949502
258  -3.50804732816902  9.26550079635728
259  -2.48098828878512  9.77052617074293
260  -1.40540976834472  10.1723518468263
