// Id               X                Y
  1  -0.378851001410605 -0.704996475841945
  2  0.600022951566405 -0.0738383542761146
  3   1.79489469189891 0.014175755824093
  4   2.61598725782167  0.16873107840554
  5   3.46655056395299 0.928863473494118
  6   4.20470589726655  1.46055774893624
  7   4.98349363784814  1.97740386506687
  8   5.85679531659739  2.50496932594713
  9   6.79861871291585  2.70781838120979
 10   7.71974245695217  2.57871833443101
 11   8.33123864734193  2.11705062679987
 12   8.65455860603451  1.81146668299369
 13   8.92551831821593  1.38608108194683
 14   8.93357678593803 0.837786289380862
 15   8.57630064484585  0.49050906080611
 16   7.82152315511673  0.80805200178419
 17   7.30110223314343 0.964882839127566
 18   7.02392109483605   0.9338821213374
 19   6.79853756909297 0.847166430743518
 20   6.61592190376092 0.735514164831254
 21   6.46495079681231 0.618922374233645
 22   6.33333451457605 0.506033536038491
 23   6.21460365183539 0.401889138065444
 24   6.09591543371532 0.300819814383326
 25   5.97277377512537 0.202710287519108
 26   5.84512181002899   0.1100193271012
 27   5.71267030463479 0.0238084676530079
 28   5.57574434547032 -0.0552708126928416
 29   5.43505072055596 -0.126939177428016
 30   5.29138069087079 -0.191248776245834
 31   5.14545919315608 -0.248462732921078
 32      4.99785448337 -0.298981705955102
 33   4.84899551744481 -0.343227720813685
 34   4.69917964366004 -0.381641518403993
 35   4.54862439688874 -0.414617420148702
 36   4.39748315527887 -0.442542702333201
 37   4.24590550212328 -0.46575845260554
 38   4.09407901588448  -0.4845988721765
 39   3.94218275520719 -0.499383124246032
 40   3.79018567494499 -0.510450519098603
 41   3.63802957419288 -0.518118197350739
 42   3.48575456476315 -0.522689532710279
 43   3.33345581853601 -0.524459052553754
 44   3.18124742441471 -0.523720605583708
 45   3.02924643552147 -0.520764352390158
 46   2.87756484532606 -0.515876547390508
 47   2.72630627477747 -0.509336491452162
 48   2.57556444778657 -0.501415246476024
 49   2.42542288334004 -0.492373830277511
 50    2.2759550110187 -0.482462398727993
 51   2.12722461781421 -0.471919357933651
 52   1.97928643480425 -0.460971126625597
 53   1.83218693840533 -0.449831508854958
 54   1.68596520806038 -0.438702021578435
 55   1.54065387731551 -0.427770548770909
 56   1.39627944072014 -0.417212815891334
 57    1.2528619035144 -0.407188375219877
 58   1.11041198944222 -0.397845532378614
 59  0.968927243372861 -0.389310735702617
 60   0.82838479973606 -0.381702996236587
 61   0.68873620235465 -0.375109823615503
 62  0.549900766715678 -0.369621664464147
 63  0.411766002731923 -0.365284463080336
 64  0.274187186403985 -0.362164548159769
 65  0.136994863161247 -0.360269609415097
 66  3.02337687706715e-07 -0.359645415998094
 67  -0.136994252277271 -0.360269142346225
 68  -0.27418655797967 -0.362163620665113
 69  -0.411765348250295 -0.365283089173958
 70  -0.549900082476043 -0.369619864619709
 71  -0.68873549084775 -0.37510762652578
 72  -0.828384070970212 -0.381700437382212
 73  -0.968926515326285 -0.389307859188171
 74  -1.11041128817691 -0.397842389361806
 75  -1.25286126252764 -0.407185025027521
 76  -1.39627890021121 -0.417209324501538
 77  -1.54065348332134 -0.427766989043314
 78  -1.68596501192991 -0.438698471881214
 79  -1.83218699646476 -0.449828052677111
 80  -1.97928680828723 -0.460967851346953
 81  -2.12722537282656 -0.47191635416705
 82  -2.27595621850144 -0.482459759251405
 83  -2.42542461887598 -0.49237164929125
 84  -2.57556679123249 -0.501413618301113
 85  -2.72630930965789  -0.5093355085171
 86  -2.87756865785843 -0.515876296587403
 87  -3.02925111343817 -0.52076490837641
 88  -3.18125305498506 -0.523722023964466
 89  -3.33346248824844 -0.524461359059862
 90  -3.48576236053728 -0.522692727838804
 91  -3.63803860124371 -0.518122252776936
 92  -3.79019608429905 -0.510455427004023
 93    -3.942194788547 -0.499388882895469
 94  -4.09409294625424 -0.484605596175288
 95  -4.24592146239738  -0.4657662466525
 96  -4.39750054237897 -0.442551905754252
 97  -4.54864176227563 -0.414628235309339
 98  -4.69919531542764 -0.381654328462106
 99  -4.84900937096405 -0.343241978646286
100  -4.99786762513208 -0.298996794457671
101  -5.14547329500695 -0.248477204385909
102  -5.29139630565776 -0.191262106056006
103  -5.43506832645872 -0.126950523655754
104  -5.57576417396696 -0.0552799560703975
105  -5.71269286487977 0.0238019454311967
106  -5.84514449353794 0.110013483932621
107  -5.97279105073624 0.202700071091299
108  -6.09592218330256 0.300799256912238
109  -6.21459973960344 0.401856051461688
110  -6.33332468674025 0.505990543945127
111  -6.46493002699259 0.618864000380842
112  -6.61588106691629 0.735434115648802
113  -6.79846793895716 0.847066360491258
114  -7.02383045162469 0.933778251253561
115  -7.30100471063141 0.964788043140871
116  -7.82143564074437 0.807982236389158
117    -8.576229786993 0.490476459831187
118  -8.93348414385593  0.83776570582493
119  -8.92541106777597  1.38603746215445
120  -8.65446091837907  1.81140775429082
121  -8.33116795718172  2.11698959577265
122  -7.71970143634216  2.57869476288168
123  -6.79857342311891  2.70779861018151
124  -5.85624464457908  2.50397040801814
125  -4.98386156936477    1.980065758598
126  -4.20472333599113  1.45337582720515
127  -3.45254013820141 0.932236394976369
128  -2.59964433345779 0.170051931127012
129  -1.81602918234782 0.0466604552165272
130  -1.02496489292535 -0.370178388317034
131  0.142193660843383 -0.599889610930288
132  0.806294085592392 0.449274958965968
133   2.00511869047972 0.647481536232374
134   3.19057730010306 0.203863729833856
135   3.06451271787703  1.48694892398924
136   4.09488950085679  2.07917868474995
137   5.09242147734921  2.60322976811923
138     6.069969004182  3.14583952505818
139   7.22404363708721  3.22929177432931
140   8.35676445861189  2.79893565016452
141   9.18934178818592  1.79775065998251
142   9.25498510799958  1.51257445275906
143   9.30727744024979  1.02746659199213
144   9.31024338300595 0.511404195712941
145   9.26483868924264 0.0234136394803237
146   9.16481239969705 -0.721694035717408
147   9.05870018263871   -1.011427978784
148   8.97858926269162 -1.17353650742472
149   8.87763226361322 -1.32695293146045
150   8.76972844021266 -1.47828247512446
151   8.64210855215322 -1.61756906638821
152   8.50730846275605 -1.75674130085119
153   8.35319809420743 -1.88826807596749
154   8.19887152079791 -2.01378838689345
155   8.03966951103997 -2.12278943342909
156   7.88212229357291 -2.23107480739168
157   7.71570160783605 -2.32480733626186
158   7.55097346628313 -2.42208300190929
159   7.37773912783351 -2.50380918802906
160   7.20668550545258 -2.59023267841421
161   7.02871864099257 -2.66131421801938
162   6.85257436643849 -2.73673655870618
163   6.67112208161153 -2.79867132860213
164   6.49015277114932 -2.86342811671223
165   6.30478337336038 -2.91788976911512
166   6.11804540665782 -2.97293422156337
167   5.92747909204943 -3.02087522582447
168   5.73446560582325 -3.06732644226487
169   5.53822202257798 -3.10879654798873
170   5.33969009752644 -3.14754152089701
171   5.13914119179299 -3.18230429665875
172   4.93711743495529 -3.21394942327827
173   4.73385698027257 -3.24221371879755
174   4.52963944877601 -3.26749959960827
175   4.32465682927153 -3.28987490538014
176   4.11909569724574 -3.30960162541607
177   3.91310844944521 -3.32684786871136
178   3.70683226123849 -3.34183477830157
179   3.50038376321486 -3.35475547666614
180   3.29386358901309 -3.36581374411222
181   3.08735553050044 -3.37520061042368
182   2.88092729257213 -3.38310355062831
183   2.67462971707805 -3.38969901266521
184    2.4684959248946 -3.39515397062851
185   2.26254000382787  -3.3996231259299
186   2.05675608035982 -3.40324878531634
187   1.85111861574872 -3.40615974201663
188   1.64558511164664 -3.40847111868549
189   1.44010195520527   -3.410284139603
190   1.23461299511086 -3.41168636761829
191   1.02906906983346 -3.41275205872525
192   0.82343597115964 -3.41354271497169
193  0.617698973349272 -3.41410766223855
194  0.411863350173789 -3.41448461184794
195  0.205951619033212 -3.41470014070506
196  -1.35942053744406e-06 -3.41477004441722
197  -0.205954343440465 -3.41469956974097
198  -0.411866090795637 -3.41448347927203
199  -0.617701739393995 -3.41410598673563
200  -0.82343876950139 -3.41354052449282
201  -1.02907190429448  -3.4127493904407
202  -1.23461586611143 -3.41168326777216
203  -1.44010485999318 -3.41028066348074
204  -1.64558804522357 -3.40846733034363
205  -1.85112157239805 -3.40615571437848
206  -2.05675905545026 -3.40324459966937
207  -2.26254299551653 -3.39961887240431
208  -2.46849893542012 -3.39514974707442
209  -2.67463275363757 -3.38969492558452
210  -2.88093036772293 -3.38309971197684
211  -3.08735866238426 -3.37519713782545
212  -3.29386680114374 -3.36581075431613
213  -3.50038708414422 -3.35475308220545
214   -3.7068357244919 -3.34183309110352
215  -3.91311209179794 -3.32684697774678
216  -4.11909956662066 -3.30960169005667
217  -4.32466097342575 -3.28987597418108
218  -4.52964398182414 -3.26750212736205
219  -4.73386200271562 -3.24221742377554
220  -4.93712348486163 -3.21395571696423
221  -5.13914886831418 -3.18231068619432
222  -5.33970287947348 -3.14755236678353
223  -5.53824463854657 -3.10879953407951
224  -5.73451666494725  -3.0673358081403
225   -5.9275759265297 -3.02084529719677
226  -6.11823802263983 -2.97291601007787
227   -6.3050648657912  -2.9177569284964
228  -6.49056796632758 -2.86336150637701
229  -6.67151815832866 -2.79839806390484
230   -6.8530164508604 -2.73669299927765
231  -7.02893289220606 -2.66099704002246
232  -7.20690114969761 -2.59030641347213
233  -7.37762318538439 -2.50359458297204
234  -7.55086479084405 -2.42230715487448
235   -7.7152658808468 -2.32483510565581
236  -7.88170919495656 -2.23142833516193
237  -8.03917047855092 -2.12304065684319
238  -8.19854609071295 -2.01402858556811
239  -8.35308517610216 -1.88839450099228
240  -8.50728261089399 -1.75668380346564
241  -8.64222891216392   -1.617562688797
242  -8.76966198200386 -1.47818765652817
243  -8.87765280361402 -1.32710249953684
244  -8.97841134094905 -1.17366499900242
245  -9.05869063805045 -1.01153611200981
246  -9.16480326417233 -0.721694783238175
247  -9.26479831221519 0.0234225066127968
248  -9.31017528241109 0.511407514912433
249  -9.30719718473412  1.02745155564409
250  -9.25492434990178   1.5124594811229
251  -9.18929003886931  1.79763036694384
252   -8.3567061704564  2.79889115349604
253  -7.22386747882761  3.22938783137344
254  -6.06986912227938  3.14425497851944
255  -5.08733704900971  2.60996267183033
256  -4.10108813464295  2.06674351053608
257  -3.06222686579761  1.49404654372666
258  -3.16246962262158   0.2086738174444
259  -1.96168079148696  0.70438929588819
260  -0.858951158794522 0.182170474298027
