// Id               X                Y
  1  -0.252265288240079  4.74484164070764
  2  0.828224739860788  4.70133457396734
  3   1.87796890979037  4.53292071237016
  4     2.895068704963  4.27122686794543
  5   3.89330898244228  3.90897725887697
  6   4.82837429840074  3.47260735863768
  7   5.77653206737979  3.05411232665159
  8   6.73967514666788  2.69437533642701
  9   7.69170018558644  2.38244038886969
 10   8.64042235712423  2.03635620350579
 11   9.50052882227314  1.41179446943211
 12   9.92883901776073 0.968817364845095
 13   10.1869855381905 0.498885302212397
 14   10.2177660288545 -0.0032102227216629
 15   9.96070884132529 -0.409755023033863
 16   9.20543289025968 -0.485205061788505
 17   8.72143582286889 -0.271512087437684
 18    8.6228947361275 -0.211851717651964
 19   8.56510586660651 -0.174134520544654
 20   8.50999557132556 -0.136305176539888
 21   8.45490044030721 -0.0966277086919407
 22    8.3931123357687 -0.0499895763648121
 23   8.32040603319741 0.00779566022169811
 24   8.23573813953875 0.0789315012896655
 25   8.13999206766369 0.164158414994584
 26   8.03481434225676 0.263245965889574
 27   7.92196191169364 0.375292871700897
 28   7.80305749992099 0.498829837990474
 29   7.67954910198416  0.63186168152797
 30   7.55253714119123 0.772173546410492
 31   7.42251273643035  0.91783821125779
 32   7.28941214616981  1.06737545888083
 33   7.15284994627256    1.219632224032
 34   7.01227730628825  1.37367969767021
 35   6.86706454621493  1.52875776852448
 36   6.71655307650922  1.68423270764207
 37   6.56009803747062  1.83955539682071
 38    6.3971106134591  1.99421928509076
 39   6.22710172617752  2.14772282543917
 40   6.04972288148954  2.29954343575435
 41   5.86479687525129  2.44912823120878
 42   5.67233206458402  2.59590179523852
 43   5.47251788209866   2.7392861208214
 44   5.26570379535432  2.87872524260474
 45   5.05236703827213  3.01370760185238
 46   4.83307546800717  3.14378171745503
 47   4.60845117281232  3.26856368970523
 48   4.37913878254552   3.3877373245869
 49   4.14578059224948  3.50104885391442
 50   3.90899908884072   3.6082984975194
 51   3.66938643508747  3.70933083945971
 52   3.42749984601168  3.80402551812449
 53   3.18386140959114   3.8922892804507
 54   2.93896055658857  3.97405010899759
 55   2.69325693438454  4.04925387576848
 56   2.44718090392477  4.11786370861738
 57   2.20112855848427  4.17986183142287
 58   1.95544874448779   4.2352529428613
 59   1.71042198182901  4.28406728777907
 60   1.46623585742354  4.32636086819656
 61   1.22296682110073  4.36221054166894
 62  0.980579912852407  4.39170371026251
 63  0.738951431688336  4.41492529260944
 64  0.497907099028518  4.43194648803118
 65  0.257259573993269  4.44281867458251
 66  0.0168313881144275  4.44757254482558
 67  -0.223540867713958  4.44621996087606
 68  -0.464016009784638    4.438755548178
 69  -0.704761426846272  4.42515635435779
 70  -0.945958947520199  4.40537993757898
 71  -1.18779458593925   4.3793631474393
 72  -1.43042976434741  4.34702467778784
 73  -1.67396177767508  4.30827322550338
 74  -1.91838934676261  4.26301996349778
 75  -2.16359747417562  4.21119122490024
 76  -2.40936471088166  4.15273720552284
 77  -2.65538472364183  4.08763500433128
 78  -2.90129048579633  4.01588715482089
 79  -3.14667285253532  3.93751818292169
 80   -3.3910907359483  3.85257158694261
 81  -3.63407403649353  3.76110878179169
 82  -3.87512218630636  3.66321068243903
 83  -4.11370133985081  3.55898199905713
 84  -4.34924279901946  3.44855795636926
 85  -4.58114473262942  3.33211289658584
 86  -4.80877883158236  3.20986994804046
 87  -5.03150318189726  3.08211056881703
 88  -5.24868217475178  2.94918232223472
 89  -5.45971351609046  2.81150283751711
 90  -5.66406121347584  2.66955780996004
 91  -5.86129182182961  2.52389144625444
 92  -6.05110949457929  2.37508925642882
 93  -6.23338408134599  2.22375551928131
 94  -6.40816638546594  2.07049051060915
 95  -6.57568633794162  1.91587447186478
 96  -6.73633321995816  1.76046493465351
 97  -6.89062111893672  1.60481083123877
 98   -7.0391455843195  1.44948196294744
 99  -7.18253707653799   1.2951085269892
100  -7.32141273613319  1.14242499611734
101  -7.45632067451823 0.992316949481606
102  -7.58765661158297 0.845882776179031
103  -7.71550476236341 0.704548570417062
104  -7.83941395459242 0.570196444506459
105  -7.95839235638048 0.444976869564777
106  -8.07116643204619 0.330824750993207
107  -8.17627946181852 0.229229602619558
108  -8.27211640761979 0.141186530392933
109  -8.35714931364644 0.0670544512554085
110  -8.43056694140736 0.00623091417492484
111  -8.49338253794373 -0.0433900354735445
112   -8.5497391665976 -0.0859742293117089
113    -8.606393788027 -0.126919659280872
114  -8.66629929316965 -0.168164550449264
115  -8.77097732521126 -0.235196467578961
116   -9.2505558723966 -0.46506308908828
117  -10.0098669351369 -0.421826827126825
118  -10.2846608654331 -0.0278386402342401
119  -10.2761436744991 0.473374932551468
120   -10.039213763249  0.95003943261112
121  -9.64574441925573  1.39181177953941
122  -8.80282370018896  2.03818432199444
123  -7.89557591713026  2.38226279730991
124   -6.9810006009006  2.68200235183775
125  -6.07444518119698  3.00852146378832
126  -5.18892645738238  3.37938020849428
127  -4.32609868126416   3.7708483941285
128  -3.35696555089293  4.15147374143204
129  -2.34161599150647   4.4526646343832
130  -1.27424776788889  4.64439400591216
131  -0.241320145249946  4.94926893490915
132  0.845371107667061   4.9138641796839
133   1.91508603243181  4.74500602352613
134    2.9551382207805  4.47630796231206
135   3.95968731907088  4.10951413124993
136   4.91462994915344  3.67117437972909
137    5.8582503678332  3.25497796273973
138   6.81153172008133  2.89892215163769
139   7.76347359994504  2.58552587712446
140   8.72013635349062  2.23978727675402
141   9.57875455102849   1.8305153622956
142   9.98728941963231  1.48588528584407
143   10.3632623186585 0.975524321811829
144   10.6143255262346 0.340831026841253
145   10.7395095446802 -0.330906251515758
146   10.8150225091575 -0.999625576752865
147   10.6838736558986 -2.07317351864223
148   10.4345921398867 -2.45107387861617
149   10.1215131276981 -2.73123761955764
150   9.77021965059719 -2.92331723862197
151   9.39729412506059  -3.0367657408606
152   9.02021030958646 -3.07981729676854
153   8.65379875716264 -3.06351992531032
154   8.30703199542788 -3.00044325877037
155   7.98359764129397 -2.90226169667159
156   7.68381527435794 -2.77861709619148
157   7.40622159601884 -2.63701774696446
158   7.14846332844651 -2.48309021584576
159   6.90773227046877 -2.32085681290588
160   6.68120345403636 -2.15315162870501
161   6.46649299861317 -1.98218414378338
162   6.26172280916152 -1.80985088039863
163   6.06535739970016 -1.63778348585382
164   5.87609851573785 -1.46736060911408
165    5.6928433939168 -1.29973483724511
166   5.51466161974711 -1.13585913077121
167   5.34077149887012 -0.976504214665755
168   5.17050975643805 -0.822265741216363
169   5.00329489480759 -0.673565177478739
170   4.83858910520359 -0.530651752578377
171   4.67586547318136 -0.393612620861351
172   4.51458583414567 -0.262394708456022
173   4.35419132561713 -0.136836923826249
174   4.19410442855628 -0.016708088822618
175   4.03373931815038 0.0982549529434526
176   3.87251680543512 0.208313615213571
177    3.7098805783739 0.313701017118256
178   3.54531227881844 0.414603644371327
179   3.37834379077395 0.511150977776651
180   3.20856580344586 0.603412049796317
181   3.03563224964409 0.691397477454848
182   2.85926068463356  0.77506534669059
183   2.67922916316406 0.854329286856441
184   2.49537078299359 0.929067128515746
185    2.3075678271674 0.999128696818439
186    2.1157482497847  1.06434163041335
187   1.91988773659347  1.12451474728795
188    1.7200199950018   1.1794394850773
189   1.51625535856108  1.22889120199684
190   1.30880291167172  1.27263308936958
191   1.09798593418734  1.31042513675046
192   0.88423912198716  1.34203827181971
193  0.668083006449245  1.36727031834456
194  0.450083717289772    1.385958496865
195  0.230814757077641  1.39798492291176
196  0.0108347981319755  1.40327564049989
197  -0.209314636204938  1.40179683371202
198  -0.42909717531814  1.39355221005976
199  -0.647965747910629  1.37858374595488
200  -0.865354369336996  1.35697532162543
201  -1.08068689740726  1.32885626764404
202  -1.29340560074257  1.29440062111312
203  -1.50301197562037  1.25381921003122
204  -1.70910372988119  1.20734547140572
205  -1.91139309160843  1.15521955299517
206  -2.10970268087099  1.09767569645407
207  -2.30394676705143  1.03493510447953
208  -2.49410971613255 0.967203167434352
209  -2.68023014278969 0.894668293166201
210  -2.86239370349703 0.817499825890379
211   -3.0407333229734 0.735843704807077
212  -3.21543384548147 0.649815730643301
213   -3.3867379889263  0.55949319273676
214  -3.55495114275375 0.464906130184165
215   -3.7204433783112 0.366029763259259
216  -3.88364776549738 0.262779740101747
217  -4.04505466696434 0.155011851191705
218  -4.20520216761235 0.0425277644504622
219  -4.36466328062134 -0.0749119327954898
220  -4.52403113500089 -0.197566637528614
221  -4.68390403761009 -0.32568676489954
222    -4.844873062637 -0.459478476834413
223  -5.00751543705455 -0.599065344401339
224  -5.17239706100699 -0.744451643257849
225  -5.34008656065185 -0.895492371605132
226  -5.51118109719865 -1.05187355265212
227  -5.68634120275081 -1.21310284181424
228  -5.86632949956186 -1.37850621498956
229  -6.05204793336578 -1.54722391474802
230  -6.24457101735188 -1.71819959406978
231  -6.44517887508284 -1.89016078144429
232  -6.65540842177602 -2.06159780685898
233  -6.87717117887902 -2.23075972922721
234  -7.11292122534894 -2.39560732659857
235  -7.36555318519318 -2.55347036801106
236  -7.63795938037574 -2.70048678631306
237  -7.93268159241774 -2.83121862459886
238  -8.25150328198074 -2.93834402383616
239  -8.59456441811864 -3.01234565836426
240  -8.95879682504643 -3.04152733229119
241  -9.33597680372483 -3.01302744018322
242  -9.71195757389528 -2.91517212941675
243  -10.0696612144237 -2.73901942403017
244   -10.393114531575 -2.47452354882106
245  -10.6567235061328 -2.11264528936877
246  -10.8372490408854 -1.05043970743505
247   -10.792726088104 -0.379571829696784
248  -10.6990444405974 0.296289066676691
249  -10.4763441275086 0.940540476667072
250  -10.1232441835116  1.46052885987481
251  -9.72770289624278  1.81595168238419
252  -8.88482365293741  2.24089265520235
253  -7.96879649179776  2.58492297386973
254  -7.05240214486053  2.88692883533923
255  -6.15308079932755  3.21093979694332
256  -5.27290112218187   3.5794941916206
257  -4.39143024608722  3.97384439053877
258   -3.4082125234355  4.35923689595952
259  -2.37431833859267  4.66276433609372
260  -1.30295784930331  4.85266546384766
