// Id               X                Y
  1  -0.0999327821935652  3.31106523519327
  2   0.84511947128114  3.29364602219357
  3   1.85985334803247  3.16604029632653
  4   2.78035927583846   2.9732521451284
  5   3.66310280857826  2.73604607777974
  6    4.5323554186994  2.49598984364934
  7   5.41454981570725  2.30123637579712
  8   6.30567481649538  2.15219605883562
  9   7.19741299469659  2.02142881143049
 10   8.08075462736691   1.8628445064546
 11   8.94375988911241  1.60891062485856
 12   9.38366053137899  1.36621123981155
 13   9.76590841295296  1.01023925595383
 14   10.0024311428191 0.446299871761506
 15   9.85555987967975 -0.0786186159215241
 16   9.13127243986776 -0.308434421624782
 17   8.61371483937905 -0.199618572767351
 18   8.52425483370229 -0.170069213946898
 19   8.46696270031544 -0.149482588297696
 20   8.41233027550886 -0.128648995754743
 21   8.35584919652151 -0.105920120129375
 22   8.28954048760149 -0.0777015500294987
 23   8.20905424532013 -0.0413024862092592
 24     8.113601918136 0.00479470705418545
 25   8.00431200514253 0.0612426527599003
 26   7.88303901630873 0.128088354942742
 27   7.75172859394742 0.204914568731113
 28   7.61219125146079 0.290898042462567
 29   7.46612833134701 0.384802936617843
 30   7.31511593556602 0.485056483400391
 31   7.16030233011926 0.590070564859074
 32   7.00221019905697 0.698524944165428
 33   6.84090833945443 0.809365550528189
 34   6.67623428058518 0.921715418610926
 35   6.50791753470176  1.03482272024291
 36    6.3356482680541  1.14803114346033
 37   6.15912660118282  1.26075622763764
 38   5.97810292912729  1.37246513866339
 39   5.79241090795663  1.48266134282064
 40   5.60199148797475  1.59087591634473
 41   5.40690564133027  1.69666601040534
 42   5.20733458707293  1.79961921214603
 43   5.00356842972599  1.89936114703984
 44   4.79598607461582  1.99556327676257
 45   4.58503030838049   2.0879484622066
 46    4.3711818912995  2.17629302044408
 47    4.1549357046749  2.26042516090481
 48   3.93678087701996  2.34022049156913
 49   3.71718573032032  2.41559565489436
 50   3.49658751391764  2.48650117872531
 51   3.27538623819397  2.55291446355979
 52   3.05394140467926  2.61483360235319
 53   2.83256999246771  2.67227250163904
 54   2.61154379023545  2.72525752458066
 55   2.39108439735778  2.77382554072706
 56   2.17135544756163   2.8180228152022
 57   1.95245395776117  2.85790374120362
 58   1.73440517518981  2.89352835910095
 59   1.51716582279465  2.92495821091657
 60   1.30063787036071  2.95225115841674
 61   1.08469023646588  2.97545661830667
 62  0.869182424471828  2.99461262224677
 63  0.653984046873359   3.0097452986581
 64  0.438986714953435  3.02087042977366
 65  0.224107731630937  3.02799617610478
 66  0.0092869665799131  3.03112597247921
 67  -0.205520994639362   3.0302608025493
 68  -0.420357352780648  3.02540034878202
 69  -0.635270348821509  3.01654279095162
 70  -0.850325364597799  3.00368328454633
 71  -1.06561173746329  2.98681142977157
 72  -1.28124394720524  2.96590835911849
 73  -1.49735512440826  2.94094436626587
 74  -1.71408217195188  2.91187810576884
 75  -1.93154436172208  2.87865809699932
 76  -2.14982025309662  2.84122649293234
 77  -2.36892928999864  2.79952411928043
 78  -2.58882279472675  2.75349527189826
 79  -2.80938480971877   2.7030911212197
 80  -3.03043919120592   2.6482715680136
 81   -3.2517581027731  2.58900629263364
 82  -3.47306860116797  2.52527603415267
 83  -3.69405648769358  2.45707488999292
 84  -3.91436840047604  2.38441399145834
 85  -4.13361383011426  2.30732654084913
 86  -4.35136870679556  2.22587394455857
 87  -4.56718187249998  2.14015258799897
 88  -4.78058534232067  2.05030061689114
 89   -4.9911087944492  1.95650391375379
 90  -5.19829813904997  1.85900034997182
 91  -5.40173724603587  1.75808146163201
 92  -5.60107099203727  1.65409105747142
 93  -5.79602687967575  1.54742097283391
 94  -5.98643187501694  1.43850513926256
 95  -6.17222112591086  1.32781405520906
 96  -6.35343604245226  1.21585220369541
 97  -6.53021065962696  1.10316064413902
 98  -6.70274662997041 0.990325946457192
 99  -6.87127767458721  0.87799535746161
100  -7.03602275864166 0.766897536281151
101  -7.19712082292902 0.657870551614942
102  -7.35451547682634 0.551912596214236
103  -7.50772628352246  0.45028547643824
104  -7.65564034828103 0.354558214143053
105  -7.79673228242588 0.266324269121512
106  -7.92941964607914 0.186851678030915
107  -8.05205616653721 0.117022223243688
108  -8.16286543865375 0.0573549961472445
109  -8.26013676609379 0.00794308877936241
110  -8.34282971774497 -0.0317177614121877
111  -8.41174258050619 -0.0630360563783015
112  -8.47116256884264 -0.088729592787454
113  -8.52910256245565 -0.112584226747666
114  -8.59022107105873 -0.13643426350836
115  -8.68736060399467 -0.171509929077366
116  -9.20345180372095 -0.299324111051396
117  -9.93975436825072 -0.105223395989807
118   -10.114263308353 0.408012922561774
119  -9.91333403954484  0.97540184055004
120  -9.55130899495382  1.34833026495767
121   -9.1236818607551  1.60699139305595
122  -8.26901112876764  1.87981261492309
123  -7.38930848614606  2.04236620125835
124  -6.49990694708809  2.16613887064741
125  -5.61027256881914  2.30162473056141
126  -4.72862041130182  2.48031652353776
127  -3.86029075924899  2.70680708046992
128  -2.98688174763611  2.94509264056348
129  -2.08788448951111  3.13476347729561
130  -1.06770320879105  3.23659023299396
131  -0.0932447968674243   3.9017462658273
132  0.862878917815558  3.87737882541798
133   1.81094150500266  3.76141782036918
134   2.75323659779283  3.57444385934892
135   3.68570894204111  3.34418758269402
136   4.61085591980655  3.10865094096366
137   5.53419922282708  2.90851761831794
138   6.46708245495865  2.74998358601081
139   7.41799428143888  2.59920659721586
140   8.43698860234537  2.36144270676894
141   9.39615830254985  1.90584572933568
142   9.89877809792604  1.46262344212595
143   10.2759726342535  0.92225444253887
144   10.4951613957031 0.422623313420989
145   10.6384535194158 -0.0664467175662009
146    10.785867856585 -0.716330787164046
147   10.7771027571422 -1.83135718239063
148   10.5701173636583 -2.22649227094652
149   10.2896448278431 -2.53621816985849
150   9.96164261690863 -2.76597207955523
151   9.60462241702521  -2.9226883119687
152   9.23835967711402 -3.01304139899922
153   8.87862816337813 -3.04740562696465
154   8.53452241785176 -3.03770193649432
155   8.20976240884202 -2.99480688332339
156   7.90487773265097 -2.92754464100501
157   7.61881550524768 -2.84271004760494
158   7.34979484189059 -2.74541063245226
159   7.09563409837768 -2.63937898523805
160   6.85396947819691 -2.52725404259856
161   6.62269074048579 -2.41098462718709
162   6.40022714208453 -2.29219618667429
163    6.1854298086366 -2.17231031689468
164   5.97738816678749 -2.05254944819467
165   5.77533900559536 -1.93394378476234
166   5.57862370100567 -1.81734500999039
167    5.3866585836835 -1.70343867840468
168   5.19890869854211 -1.59275461591358
169   5.01486382126119 -1.48567732401378
170   4.83401859980033 -1.38245884384631
171   4.65585930566934  -1.2832357711413
172   4.47985868750345 -1.18805056775468
173   4.30547869735964 -1.09687573528043
174   4.13217933307921 -1.00963847548565
175   3.95943104892814 -0.92624338920632
176   3.78672817012812 -0.846591352952844
177   3.61360123834896 -0.770593579190599
178   3.43962690152195 -0.698180693484247
179   3.26443463293503 -0.62930728598631
180   3.08771014526164 -0.563952785286073
181   2.90919587595411 -0.502119697882079
182   2.72868941960508 -0.443830306713117
183   2.54604128547836 -0.389122849946677
184    2.3611537269722 -0.338047983770602
185   2.17398224556629 -0.290665922818286
186   1.98454020317791 -0.247044064226942
187   1.79290466313244 -0.207254344695533
188   1.59921913690544 -0.171369470292803
189    1.4036884147468 -0.139457806196459
190   1.20656344219611 -0.111577837998796
191   1.00811890025657 -0.0877738680621359
192  0.808629491109164 -0.068074353442041
193  0.608350922131293 -0.0524932471750423
194  0.407509022656561 -0.0410336350219419
195  0.206297454199532 -0.0336924136017897
196  0.00488253420109019 -0.03046476765637
197  -0.196587013550297 -0.03134751715838
198  -0.397967544972538 -0.0363407731705825
199  -0.599107201413322 -0.045447657832784
200  -0.799833821952383 -0.0586721220161672
201  -0.999946278986541 -0.0760151977225656
202  -1.19921166789483 -0.0974703916615543
203  -1.39737049685135 -0.123019310899893
204  -1.59415068493476 -0.152628826170924
205  -1.78928860366222 -0.186250852251996
206  -1.98255239355695 -0.223825012925646
207  -2.17376123465042 -0.265283333220683
208  -2.36279583112427 -0.310555361235787
209  -2.54959959249822 -0.359572338063011
210  -2.73417403053718 -0.412270021932126
211  -2.91657316387391 -0.468590728462305
212  -3.09690019997764 -0.528485454368019
213  -3.27530730412752 -0.591916627696029
214  -3.45199749743507 -0.658861463029888
215  -3.62722707997792 -0.72931541590904
216  -3.80130709395276 -0.803294931181744
217  -3.97460276086664 -0.880838538149334
218  -4.14753028450333 -0.962005316369344
219   -4.3205508449099 -1.04686982973077
220   -4.4941620516502 -1.13551282857355
221  -4.66888762108306 -1.22800738925656
222  -4.84526659273849   -1.324400716067
223  -5.02384392602151 -1.42469252619678
224  -5.20516465224324 -1.52881162500696
225  -5.38977367935145 -1.63659270033844
226  -5.57822270780206 -1.74775524270158
227  -5.77108461156701  -1.8618857048705
228   -5.9689745321925 -1.97842274107255
229  -6.17257660861034 -2.09664412258204
230  -6.38267677874527 -2.21565336379385
231  -6.60020841964491 -2.33436546539088
232  -6.82634239993043 -2.45149940547355
233  -7.06268565193206  -2.5655855164222
234  -7.31144779486859 -2.67487245186636
235  -7.57514422486397 -2.77694165731634
236  -7.85611529136611 -2.86826628621028
237  -8.15634211334033 -2.94393310297105
238  -8.47717997520611 -2.99733007892716
239  -8.81856350299015 -3.01976724978244
240  -9.17744989679988 -3.00035540777444
241  -9.54561288806779 -2.92684255627514
242   -9.9081267784167 -2.78806342668018
243  -10.2457428802099 -2.57629000669232
244   -10.540559791759 -2.28357785326624
245  -10.7665259827142 -1.90480337542577
246  -10.8355823062109 -0.789470476688133
247  -10.7235490622165 -0.132509404968574
248  -10.6073516807523  0.36371568379293
249  -10.4165853369284 0.870947073794368
250  -10.0664096132163  1.42843016457831
251  -9.58096245405118  1.89162496210942
252  -8.63303356945927  2.37200567142776
253   -7.6133309967199  2.61863983869781
254  -6.65810983238487  2.76468641818424
255  -5.72249814481177  2.91039722091029
256  -4.79641047493942  3.09487345591437
257  -3.86850114055317  3.31673007909764
258  -2.93140634113718  3.53756467728752
259  -1.98448065462351  3.72028677003874
260   -1.0408655566674  3.84415901313973
