// Id               X                Y
  1  -0.102847384250983  3.82370329145477
  2   0.82797735162806  3.78544746614352
  3   1.76468712097999  3.66184745872155
  4   2.71058970556246  3.45060511557463
  5   3.62660938450208  3.17387064851401
  6   4.48673234090803  2.85763491074593
  7   5.35941206392199  2.57840725125811
  8   6.24417974771151  2.34203540218777
  9   7.13195720102185  2.13080093353327
 10   8.01143422688647  1.90811186630687
 11   8.87052334570218  1.61506918987777
 12   9.31485511269784  1.36313038579199
 13   9.70577405881833  1.00477280422396
 14   9.96206687045756 0.430050482592687
 15   9.82443576370414 -0.108423015050261
 16   9.11070885644502 -0.351452758867649
 17   8.60431512539267 -0.24366528035021
 18   8.50621938921576 -0.208758193592594
 19   8.44732265182353 -0.185585451022583
 20   8.39001456080078 -0.161436743775421
 21   8.33231690317008 -0.135578891546305
 22   8.26778742211396 -0.104816452739373
 23    8.1916348504389 -0.0660793892822754
 24   8.10218648434337 -0.0172936499515339
 25   7.99989468780431 0.0426698414712747
 26   7.88625378984622 0.114209988085406
 27   7.76308152259784 0.197139386145756
 28   7.63216132963232 0.290767369929093
 29   7.49514782354034 0.393922897250732
 30   7.35355457625946 0.505000208719115
 31   7.20857808575679 0.622207313675109
 32   7.06083413009609 0.743949650952532
 33    6.9103959868116 0.868964695326571
 34   6.75702706202314 0.996234494543692
 35   6.60034021015159  1.12490721286233
 36   6.43987753793455  1.25425776524679
 37   6.27516061308548  1.38365898243223
 38   6.10573088497252  1.51255420097124
 39   5.93118634681688  1.64043151581077
 40   5.75121509032005  1.76680249755155
 41   5.56562311950148  1.89118857493033
 42   5.37435250505691  2.01311693723362
 43   5.17748692436475  2.13212533459715
 44    4.9752441087117  2.24777281561828
 45   4.76795736689762  2.35965234195949
 46   4.55605008782709  2.46740161569574
 47   4.34000757317257  2.57070983121439
 48    4.1203499549599  2.66931965299578
 49   3.89760881255337  2.76302495779926
 50   3.67230887689529  2.85166555379769
 51   3.44495516593973  2.93512026656981
 52   3.21602510337565  3.01329965090969
 53   2.98596456582254  3.08613933113439
 54   2.75518626987197  3.15359470145553
 55   2.52406840276869  3.21563745055642
 56   2.29295106652738  3.27225404962361
 57   2.06212839148439  3.32344586900792
 58   1.83183573832527    3.369229951798
 59   1.60223454510066  3.40963889306573
 60   1.37340098372725  3.44471825763807
 61   1.14532578546263  3.47452097374404
 62  0.917928850517085  3.49909987910653
 63   0.69108502524292   3.5185008591659
 64  0.464651992757903  3.53275873791156
 65  0.238491351547618  3.54189652840417
 66  0.0124783829130248  3.54592705966983
 67  -0.213499011823867  3.54485527314466
 68  -0.439548480949048  3.53867967576605
 69  -0.665783350770774  3.52739216828485
 70  -0.892329253238473   3.5109763941879
 71  -1.11932236332754  3.48940565211506
 72    -1.346896338207  3.46264201853969
 73  -1.57515903203664  3.43063824077097
 74  -1.80416521037448  3.39334289253809
 75  -2.03389470637031  3.35070758904363
 76  -2.26424347711307  3.30269387439727
 77  -2.49502845756503  3.24927771650515
 78  -2.72600085927594  3.19045109391704
 79  -2.95686076406046  3.12622167751258
 80   -3.1872682118428  3.05661219946329
 81  -3.41684951539691  2.98166082138383
 82  -3.64520002062817  2.90142319010168
 83  -3.87188550605255  2.81597630638482
 84  -4.09644438726759  2.72542394868027
 85  -4.31839245664812  2.62990313896758
 86  -4.53723137645849  2.52959092736979
 87  -4.75246163176054  2.42471056721268
 88  -4.96360007836152  2.31553598484173
 89  -5.17020150575823  2.20239341915721
 90  -5.37188274824777  2.08565935598485
 91  -5.56834690850703  1.96575453302126
 92  -5.75940444022268  1.84313484578791
 93   -5.9449875118161   1.7182812311251
 94  -6.12515456470451   1.5916915908064
 95   -6.3000833766653  1.46387799875432
 96  -6.47005289242643  1.33537149648228
 97  -6.63541577455598  1.20673496953345
 98  -6.79656408688316  1.07858274507165
 99  -6.95388908882627 0.951604674753006
100  -7.10773225645726 0.826593543717849
101  -7.25831348379678 0.704481688235418
102  -7.40558977251405 0.586415454184883
103  -7.54903065754671 0.473859424138767
104  -7.68756178488869 0.368511207995945
105  -7.81980500712657 0.271961225334167
106  -7.94424753647405 0.185450610348891
107  -8.05926417898515 0.109804975048958
108  -8.16320352493903 0.0453937432552087
109   -8.2547116205988 -0.00797214416242863
110  -8.33341187409013 -0.0512321380155143
111  -8.40099224816074 -0.0863633980830565
112  -8.46231389381807 -0.116589298779376
113  -8.52430922252346 -0.145520476012705
114  -8.58950822556021 -0.174151226848877
115  -8.70417032888374 -0.219991013186155
116  -9.21051963695226 -0.354009187136393
117  -9.94290652924469 -0.161479501176876
118  -10.1221621734417  0.35060479553646
119  -9.92419759896571 0.932339459429766
120  -9.56753912373915  1.31611500979942
121  -9.14472058182827  1.59233563073787
122  -8.30095893528494  1.91374384973531
123  -7.42828339619277   2.1419131667885
124  -6.54310293355914  2.34156238919374
125  -5.65737196905864  2.55696639844459
126  -4.78021739621347  2.81319595726219
127  -3.91555144323337  3.11278143762436
128    -3.050515470708  3.41122833694839
129  -2.14839722588175  3.62799655929945
130  -1.12801424525202  3.74365867622374
131  -0.126953738390039  4.41036132582466
132  0.857618930972545  4.37662167117098
133   1.82386932847584  4.24849226399181
134   2.77013705670413  4.03666850469236
135   3.70302663329194  3.76090054825869
136   4.62351835210359  3.45732270563807
137   5.53402331132912   3.1722618615137
138   6.45398252881315  2.92455967682313
139    7.3947164575071  2.69085935885752
140   8.39692649595065  2.38630444919069
141    9.3414214048935  1.89672943147927
142   9.83959766314385  1.44831565920928
143   10.2221867838122 0.907164395035235
144   10.4532774597722 0.397408270811813
145   10.6023376399125 -0.0916090459737531
146   10.7508472849787 -0.736185093503014
147   10.7437539274583 -1.83593710223838
148   10.5415420444278 -2.23941798830955
149   10.2659031248934 -2.55583546671681
150   9.94382330352025 -2.79073189176981
151   9.59224529162636   -2.952301830489
152   9.22844606239874 -3.04695376385883
153   8.86776942312098 -3.08357188653316
154   8.52034978296245 -3.07302789048119
155   8.19117262303245 -3.02594274496277
156   7.88170204482159 -2.95136914512193
157   7.59144086494787 -2.85651179200017
158   7.31891838074696 -2.74692322038319
159   7.06216129584054 -2.62677507414643
160   6.81892284042865 -2.49909590099258
161   6.58700379867532 -2.36609165742526
162   6.36462776331453 -2.22955334594661
163   6.15047925418313 -2.09107499958238
164   5.94352287526828  -1.9520675097081
165   5.74288684906647 -1.81374877001913
166   5.54781914748949 -1.67715285453277
167   5.35766542468491 -1.54314303533281
168   5.17184960009164 -1.41242202145222
169   4.98985221473374 -1.28553904333625
170    4.8111868129325 -1.16289591997009
171   4.63537737948056 -1.04475542708774
172   4.46194074116245 -0.931254877321186
173   4.29037684490067 -0.822425992498843
174   4.12016773634912 -0.718219890652232
175   3.95078401339509 -0.618534422748355
176   3.78169628450646 -0.523240669996754
177   3.61238886279889 -0.432205964631491
178   3.44237329486952 -0.345311822680762
179   3.27119998410187 -0.262466223765574
180   3.09846685266561 -0.183610494469961
181   2.92382458410656 -0.108721590768612
182   2.74697851099173 -0.0378108764521398
183   2.56768773230431 0.0290793731812007
184   2.38576263154389 0.0918805081245581
185   2.20106260160333 0.150501978344766
186   2.01349625467622 0.204834972594071
187   1.82302620710718 0.254755043472886
188   1.62967900100415 0.300124368404685
189   1.43355758040346 0.340795048058893
190   1.23485014417831 0.376614904481487
191    1.0338280814663 0.407436105302328
192  0.830829549840206 0.433125011071524
193  0.626232529210576  0.45357037054198
194  0.420426542788911 0.468687552574377
195  0.213791965395037 0.478418467030997
196  0.00669129546238979 0.482728685777962
197  -0.200528272282921 0.481604018109253
198  -0.407524896825198  0.47504844769569
199  -0.613950113271062 0.463084394299259
200  -0.819440488331118 0.445755120474272
201  -1.02361799907363 0.423127991511633
202  -1.22610223715211 0.395296497315956
203   -1.4265335283529 0.362378932074589
204  -1.62460082860565 0.324512802605934
205  -1.82006491122736 0.281846063175821
206   -2.0127692213583 0.234527836368385
207  -2.20263730109958 0.182701128273749
208  -2.38966201247284 0.126498397749992
209  -2.57389368353896 0.0660391339132911
210  -2.75543200167156 0.00142793417133759
211  -2.93442293827457 -0.0672480552452052
212  -3.11105949952361 -0.139922679024736
213  -3.28558416719072 -0.216554916239463
214  -3.45829101889618 -0.297132791558505
215  -3.62952607321395 -0.381675997693737
216  -3.79968501262432 -0.470236115649257
217  -3.96920796587591 -0.562893377431335
218  -4.13857149280882 -0.659749087029393
219  -4.30827836906211 -0.760913133966441
220  -4.47884626149771 -0.866486543739829
221  -4.65079690595824 -0.976539723123822
222  -4.82464784376865  -1.0910878989587
223  -5.00090894019369 -1.21006600220719
224  -5.18008555359666 -1.33330557325437
225  -5.36268921255147 -1.46051582327681
226  -5.54925516233801 -1.59126969926846
227  -5.74036474728286 -1.72499405809372
228   -5.9366701289553 -1.86096164142456
229  -6.13892000634753 -1.99828219186313
230  -6.34798856191899  -2.1358911684938
231  -6.56492113346201 -2.27253941426874
232  -6.79104412576261 -2.40680014124478
233  -7.02815222125596 -2.53706717763447
234  -7.27850574698417  -2.6613617333197
235  -7.54449305121666 -2.77692821410868
236  -7.82832454116785 -2.87989028532672
237  -8.13180101114481 -2.96498063517081
238  -8.45586506067455 -3.02524044447226
239  -8.79966789115919 -3.05177239158691
240  -9.15904744981049 -3.03391068112835
241  -9.52482367914741 -2.96038967208319
242   -9.8824679476711  -2.8215837729777
243  -10.2152835055676 -2.61040291452019
244  -10.5076561761573 -2.31802736600862
245   -10.732565326775 -1.94164655725238
246  -10.8218290177237 -0.848794312557195
247   -10.723522511688 -0.195849232551469
248  -10.6141478175458 0.303430999896185
249  -10.4290733348051   0.8165559198207
250   -10.089238077306  1.38099780574708
251  -9.61908985705129   1.8580464351021
252  -8.69524515592255   2.3834949162308
253  -7.69518273890545   2.6998176650217
254  -6.74982125085683  2.92499712917456
255  -5.82471208679388  3.15290337938444
256  -4.90967993391828  3.41707626291255
257  -3.98613066065077   3.7106841682041
258  -3.01075983184611  3.99694869012916
259  -2.04240510581429  4.21322122658169
260  -1.08825882861072  4.35073049932714
