// Id               X                Y
  1  -0.0698484182512295 -0.0563793236346361
  2  0.886630041618182 -0.0748046409578222
  3   1.80213503061671 0.071107811956952
  4   2.66305322475472 0.376335034686445
  5   3.46259817881124 0.793989478698499
  6   4.22190587159804  1.26132263843711
  7   4.97839219939755  1.71639738205261
  8   5.76805325592468  2.09854956780455
  9   6.61122127122745  2.33972633962561
 10   7.48711478324975  2.34142140661796
 11   8.33436964223396   2.0659083490292
 12   8.74165954932974  1.74462101129854
 13   9.00392142681958  1.31690521905066
 14   9.05016303861882 0.799076568256413
 15   8.77387328297613 0.398963255115997
 16   7.98288369239086 0.601594537241718
 17    7.4113508169691 0.836641725201159
 18   7.02010448978365 0.829637169277468
 19   6.80804767132787 0.774161108842312
 20   6.62825474528221 0.699023024943376
 21   6.46887995347677 0.612213123123497
 22   6.32660656317222  0.52123091535995
 23   6.19914881612531 0.432128858774504
 24   6.07398934133559 0.341049652807294
 25    5.9474007179035 0.248767581287946
 26   5.81952509195921 0.158395541550391
 27    5.6894108229049 0.0716156335762609
 28   5.55638189497467 -0.010303651671446
 29   5.42012976766729 -0.0863885755568321
 30   5.28067675890703 -0.155934887780772
 31   5.13827581546185 -0.218514720624304
 32   4.99331881032714 -0.273963548246405
 33   4.84625759263199 -0.32234920857059
 34   4.69753491298953 -0.363929548157149
 35    4.5475503603621 -0.399098255170123
 36   4.39665019484989 -0.42833244189322
 37   4.24515271453265 -0.452145935887345
 38    4.0933841535715 -0.471057079875349
 39   3.94159689556165 -0.485579849585779
 40   3.78977274356739 -0.496214799718335
 41   3.63782881229954 -0.503408089298935
 42   3.48577899063265 -0.507547878264398
 43   3.33370106943366 -0.508980384059544
 44    3.1816989485413 -0.508020732135706
 45   3.02988336243109 -0.504960160970038
 46   2.87836304094025 -0.500071700039783
 47   2.72724057013249 -0.493614823642742
 48   2.57661027901839 -0.485838990754126
 49   2.42655711123315 -0.47698593886953
 50   2.27715610283287 -0.467290734947703
 51   2.12847232413706 -0.456981733763057
 52   1.98056124585802 -0.446279696439955
 53   1.83346950588943 -0.435396362535416
 54   1.68723599609834 -0.424532751772924
 55   1.54189304937106 -0.413877412181311
 56   1.39746727404065 -0.403604752451443
 57   1.25397929981915  -0.3938735267651
 58     1.111441597875 -0.384825516845006
 59  0.969853869760509 -0.376584494929568
 60  0.829196477481089 -0.369255631294942
 61  0.689423445239654 -0.362925538450471
 62  0.550457217007872 -0.357663064157655
 63  0.412186721941408 -0.353520749413769
 64   0.27446937825685 -0.350536690240575
 65  0.137136368214514 -0.348736440488963
 66  3.20369213942522e-07 -0.348134621998415
 67  -0.137135721501697 -0.348735987354278
 68  -0.274468714621393 -0.350535790358004
 69  -0.412186033408032 -0.353519415690206
 70  -0.550456500429466 -0.357661316260085
 71  -0.689422703914131  -0.3629234031004
 72  -0.829195722356435 -0.369253142542087
 73  -0.96985312006136 -0.376581694317802
 74  -1.11144088106961 -0.384822453395071
 75  -1.25397865102468 -0.393870256737393
 76  -1.39746673514302 -0.403601338909439
 77  -1.54189266817639 -0.413873924426702
 78  -1.68723582570398 -0.42452926474359
 79  -1.83346960433418 -0.435392956252071
 80  -1.98056167600822 -0.446276455560208
 81  -2.12847315351824 -0.45697874724552
 82   -2.2771574032465 -0.467288095788679
 83  -2.42655895861883 -0.476983743854049
 84  -2.57661275314139 -0.485837340020114
 85  -2.72724375274352 -0.49361381974812
 86   -2.8783670146911 -0.500071446393609
 87   -3.0298882130548 -0.504960759336051
 88  -3.18170476270554 -0.508022278546068
 89  -3.33370793047213 -0.50898296321429
 90  -3.48578699530799 -0.50755155619334
 91  -3.63783809240092 -0.503412902732369
 92  -3.78978344910335 -0.496220743722266
 93  -3.94160920481843 -0.485586863117633
 94  -4.09339830750456 -0.471065025825903
 95  -4.24516882086437 -0.452154604698847
 96  -4.39666780030109 -0.428341626250652
 97  -4.54756834846378 -0.399107849681192
 98  -4.69755144338532 -0.363939695153624
 99  -4.84627061147776 -0.322360332178538
100  -4.99332814504788 -0.273975749728952
101  -5.13828328704866 -0.218527432037026
102  -5.28068673063689 -0.155946230536779
103  -5.42014611437189 -0.0863964052001803
104  -5.55640499013152 -0.0103075132248932
105  -5.68943755495628 0.0716136015062942
106  -5.81954791601436 0.158389205241608
107  -5.94741831124349 0.248754171384762
108  -6.07399929435737 0.341025622143958
109  -6.19915346536709 0.432094714755885
110  -6.32660412405606 0.521184801799093
111  -6.46884676157711  0.61214043976261
112  -6.62818827015939 0.698928794491065
113  -6.80794358191904 0.774053923598264
114   -7.0200561313828 0.829548910147599
115  -7.41128050120407 0.836557217167207
116  -7.98281294309529 0.601531074015243
117  -8.77380837248889  0.39893386876175
118  -9.05008165879389 0.799055625946421
119  -9.00382922335802  1.31687335610203
120   -8.7415672251756  1.74457723699706
121  -8.33429676867043  2.06584108550797
122  -7.48708540332419  2.34130520840393
123  -6.61131872080654  2.33965455336645
124  -5.76834289826301  2.09913009599218
125  -4.97904116184111   1.7183692772761
126  -4.22463838716579  1.26450416493998
127  -3.47286597913082 0.795994844330827
128  -2.68977687580516 0.373526696418917
129   -1.8541765485367 0.0634518653976864
130  -0.973409099800159 -0.0802763717019428
131  0.0167396002249396  0.50534442678243
132   0.88604335928984 0.539094120581449
133    1.7438924899606 0.690662235895972
134    2.5692048115235 0.990688471677691
135   3.35507436784995  1.40557134490433
136    4.1243600136756  1.87445088942132
137   4.91713880990628  2.33378813362477
138    5.7746449597243  2.71654187716481
139    6.7720036280051  2.94011418380023
140   7.83636074743751  2.84194700315552
141   8.72684904575063  2.27485859158764
142   9.03916751306655  1.78329690583852
143    9.1953821305049  1.20683245645955
144   9.20397218224298 0.695197026807746
145   9.15551411262427 0.219512749646017
146   9.10749377032458 -0.489794838751472
147   8.92603559655549 -1.21434746602004
148   8.92602897455369 -1.21436064440685
149   8.85628934861395  -1.3396499201567
150   8.76151244761895 -1.48028606482618
151   8.64732397477734 -1.62178644941734
152   8.51465962317967 -1.76145145413329
153   8.36364730531204 -1.89859824937268
154   8.20605635597531 -2.02425962850283
155   8.04655928117342 -2.13795917924565
156   7.88473562639511 -2.24246685598689
157   7.72060398019127 -2.33933073107405
158    7.5539500515663 -2.42970361595663
159   7.38455757151112 -2.51438323775073
160   7.21229952294818 -2.59389939441349
161   7.03715163891194 -2.66860104793436
162    6.8591536357861 -2.73873210012971
163   6.67836943665661    -2.80447992833
164   6.49486964076227  -2.8659987278118
165   6.30871443711761 -2.92342431865303
166   6.11994603233525 -2.97688127487964
167   5.92857406973265 -3.02648988812874
168   5.73457004401128  -3.0723690354377
169   5.53798000585389 -3.11461442661037
170   5.33913628369435 -3.15327234311566
171   5.13846270493235 -3.18840275230275
172   4.93630615399004 -3.22011222215137
173   4.73294919523834 -3.24854367412357
174   4.52863181106051  -3.2738663612951
175   4.32356223039252 -3.29626884753642
176   4.11792251660005 -3.31595319981654
177   3.91187190771989 -3.33312975011207
178   3.70554903340022  -3.3480123346036
179   3.49907344549924 -3.36081407700607
180   3.29254665329889  -3.3717437947931
181   3.08605272768685 -3.38100306820102
182   2.87965844559124 -3.38878396019017
183   2.67341293370789 -3.39526732782737
184   2.46734685931598 -3.40062163495605
185   2.26147141657871 -3.40500216683558
186   2.05577766933139 -3.40855055752472
187   1.85023716527822 -3.41139456311248
188   1.64480486662718 -3.41364804017885
189   1.43942506844052  -3.4154111066569
190   1.23403987959756  -3.4167704643694
191   1.02859863445727 -3.41779984632639
192  0.823065839321635 -3.41856053228747
193  0.617425892317518 -3.41910186679284
194  0.411683819774298 -3.41946172451726
195  0.205862691951474 -3.41966688723664
196  -1.3723749424335e-06  -3.4197333166513
197  -0.205865442270889 -3.41966631810446
198  -0.411686586277154 -3.41946059512286
199  -0.617428684063068   -3.419100194961
200  -0.823068662886326 -3.41855834496404
201  -1.02860149323001 -3.41779717981825
202  -1.23404277348941 -3.41676736464222
203  -1.43942799419372 -3.41540762965803
204  -1.64480781881171 -3.41364425213177
205  -1.85024013786227 -3.41139054069753
206  -2.05578065750726 -3.40854638783481
207  -2.26147441847443 -3.40499794697951
208  -2.46734987734811 -3.40061747118763
209    -2.673415975465 -3.39526333410537
210  -2.87966152424811 -3.38878025612348
211  -3.08605586218992 -3.38099977639261
212  -3.29254986841861 -3.37174103766658
213  -3.49907677124673 -3.36081197330566
214  -3.70555250421074  -3.3480109958027
215  -3.91187556270821 -3.33312927693616
216  -4.11792639878235 -3.31595367931913
217  -4.32356638337684 -3.29627035126522
218  -4.52863628254781 -3.27386894396108
219  -4.73295404862246 -3.24854737222097
220  -4.93631147329098 -3.22011705389552
221  -5.13846862086601 -3.18840871463631
222  -5.33914307072844  -3.1532793937271
223   -5.5379881810542 -3.11462245541209
224  -5.73458043482886 -3.07237783015816
225  -5.92858800389235 -3.02649905865866
226  -6.11996551140766 -2.97689015472119
227  -6.30874164999778 -2.92343202876308
228  -6.49490612898895 -2.86600440178139
229  -6.67841467491399 -2.80448324984499
230  -6.85920253866113 -2.73873446191925
231  -7.03719511687268 -2.66860589008171
232  -7.21232587513182 -2.59391218296645
233  -7.38455828525696 -2.51440920185009
234  -7.55392512960801 -2.42974470984934
235  -7.72056217773171 -2.33938425171969
236   -7.8846934027014 -2.24252442946751
237  -8.04652611988838 -2.13801457190111
238  -8.20603995174295 -2.02430585187136
239   -8.3636463111082 -1.89863319380708
240  -8.51467206560957 -1.76147245554837
241  -8.64735901347808 -1.62177729386531
242  -8.76155294581089 -1.48025766560556
243  -8.85632062804244 -1.33961814048976
244  -8.92600862407546 -1.21441052103776
245  -8.92601560564602 -1.21439662669377
246   -9.1074599869118 -0.489807788288367
247  -9.15545611107991 0.219499488226574
248  -9.20389923049746 0.695185345655504
249  -9.19529469193877  1.20681925744034
250  -9.03907385379056   1.7832524376792
251  -8.72676314983672  2.27477518946138
252  -7.83630678140161  2.84180153378811
253  -6.77201242439914  2.94003455185428
254  -5.77448075899898  2.71709254276856
255  -4.91597632452303  2.33545878444286
256   -4.1216719869951  1.87642026155271
257  -3.35094922889297  1.40436086956441
258   -2.5630631449811 0.981682833963742
259  -1.73225437197436  0.67402973679908
260  -0.863150740921118 0.524255796725371
