// Id               X                Y
  1  -0.107167853575774   4.9355252245812
  2   0.91610951371195  4.88634481263449
  3   1.94862131697108  4.71968486903552
  4   2.89332925578556  4.47857606853016
  5   3.76390088961109  4.09774077857899
  6   4.59039319360759  3.68498470972079
  7   5.41123309552336  3.26003991016566
  8   6.24684787938901  2.86502224004746
  9   7.09114558574706  2.49571833331262
 10   7.93149743746246   2.1318845268104
 11   8.75427978862725  1.73367283361373
 12   9.18636647747093  1.44787103649629
 13   9.57283916819284  1.07577380949337
 14   9.84966573328092 0.500779713197114
 15    9.7150909390251 -0.121110674387633
 16    9.0112443306139 -0.368409879686427
 17   8.52033295502125 -0.258815473221806
 18   8.37790233185291 -0.199580045625395
 19   8.31253142999329 -0.16808356943675
 20   8.24966858701721 -0.135199525374828
 21   8.18844149002962 -0.100670008798633
 22   8.12576560943351 -0.0627944489398056
 23   8.05729564030129 -0.0184328145484004
 24   7.98010024463062 0.0353097762639553
 25   7.89316075368773 0.100580342290094
 26   7.79685853181226   0.1787008590136
 27   7.69235227513869 0.270266541080819
 28   7.58106435152999 0.375252184397122
 29   7.46436335144977 0.493096271630458
 30   7.34347815814718 0.622680554012188
 31   7.21957743331066 0.762214828167951
 32   7.09362193461746 0.909468443550832
 33   6.96597151352977  1.06243866896074
 34   6.83640596972638  1.21958972506103
 35   6.70439099943151  1.37971083034966
 36   6.56924333975199  1.54180988493966
 37   6.43020874436856  1.70506607424539
 38   6.28650641405114  1.86879583350023
 39   6.13736169563625  2.03241721510272
 40   5.98203697819875  2.19541050474955
 41    5.8198652733925   2.3572782673478
 42   5.65028610946724  2.51751110191513
 43   5.47287940099118  2.67556570769999
 44   5.28739133110425  2.83085900098078
 45   5.09374740501299  2.98277743922085
 46   4.89205074528271  3.13069675813266
 47   4.68256694540532  3.27400556840004
 48   4.46569925114382  3.41212683332203
 49   4.24195899016131  3.54453332065237
 50   4.01193605603408  3.67075560770127
 51   3.77627324266844  3.79038329733614
 52    3.5356467775083  3.90306140034861
 53   3.29075386929249  4.00848436473262
 54   3.04230663216267   4.1063901897499
 55   2.79103037893008  4.19655667239913
 56   2.53766295143961  4.27880122022465
 57   2.28295053622489  4.35298483040746
 58   2.02763461844651   4.4190197142011
 59   1.77242505067316  4.47687861758661
 60   1.51795668571631  4.52660234095496
 61   1.26473258398182  4.56830084105811
 62   1.01306517613636  4.60214352939601
 63  0.763034649877551  4.62833689403104
 64  0.514484191303296  4.64709233129219
 65  0.267058406883544  4.65859188240574
 66  0.0202698640021133  4.66296063903783
 67  -0.226431580219933  4.66025051904699
 68  -0.473599742803928  4.65043496131044
 69  -0.721736481870261   4.6334129314919
 70  -0.971228842821973   4.6090228328437
 71  -1.22228464413164  4.57706725392021
 72   -1.4748882792606   4.5373455133923
 73  -1.72879510000999  4.48968637997969
 74  -1.98356398467886   4.4339729217802
 75  -2.23861192362373  4.37015530240902
 76  -2.49327127890015  4.29825215764172
 77  -2.74683637308054  4.21834427789546
 78   -2.9985942498776  4.13056513035455
 79  -3.24784063003848   4.0350919931226
 80    -3.493885277927  3.93214007560357
 81  -3.73605184500128  3.82196060955224
 82  -3.97367677473187  3.70484279073233
 83  -4.20611082616886  3.58111865183203
 84  -4.43272562951851  3.45116936718022
 85  -4.65292656300639  3.31543105875926
 86  -4.86617210503888  3.17439791058641
 87  -5.07199860016592  3.02862043598806
 88  -5.27004808637697  2.87869728547767
 89  -5.46009561940575  2.72526020825149
 90  -5.64207171071954  2.56895367755344
 91  -5.81607545869746  2.41041291158281
 92  -5.98237499362058  2.25024583760027
 93  -6.14139398377618  2.08902501325104
 94  -6.29368572045335  1.92729391272482
 95  -6.43989876755032  1.76558842678594
 96  -6.58073907411148  1.60447029752739
 97  -6.71693184214753  1.44456672813313
 98  -6.84918218318699  1.28661142068088
 99  -6.97812635342356  1.13148826347388
100  -7.10425177458721 0.980292996170508
101  -7.22775074545366 0.834438114003108
102  -7.34834411402297 0.695729940095499
103  -7.46529971910895 0.566148417105563
104  -7.57768550787454 0.447370282259679
105  -7.68449689689475 0.340539879738775
106  -7.78463208724552 0.246302456369499
107  -7.87695564681684 0.164817626437958
108  -7.96055301110383 0.0956781435196532
109  -8.03517477020033 0.0377679851288079
110  -8.10180828572102 -0.0108768653032165
111  -8.16312111892907 -0.0530778071365727
112  -8.22305196012003 -0.0919572164373993
113  -8.28426723850687 -0.129257596550699
114  -8.34764816055124 -0.16531927674735
115  -8.49150282704585 -0.237730104827581
116  -8.97748065332554 -0.389876575270662
117  -9.70730193574181 -0.222618622847556
118  -9.93059065948818  0.21387214208456
119  -9.85778445842009 0.727731901749876
120  -9.52541251931556  1.21218410968052
121   -9.0584012777659  1.59307329670469
122  -8.21597796030933   2.0398991748093
123  -7.35636735282166  2.42286907046534
124  -6.49116947224753  2.78507028324865
125  -5.63629557074196  3.16456491904347
126   -4.8013005774939  3.57617068333684
127  -3.97415036864365  4.00484241691344
128  -3.12332265102416  4.40340725677094
129  -2.17683600876784  4.66372596910397
130  -1.14267607611297  4.82660105566588
131  -0.0960523536772952  5.51839106137763
132  0.892989813991352  5.47670203725561
133   1.87091604753391  5.32388921859517
134   2.85146779492765  5.06353547606251
135   3.82638828480123  4.69536602957347
136   4.76467454977995  4.26430798326475
137   5.65594046263859  3.82665690313879
138   6.52931075717729  3.41598643793512
139   7.42033041702343  3.01978739971377
140   8.36285394313645   2.5709972986151
141    9.2524201844783  1.98867229881586
142   9.72283925798352  1.51304433604924
143   10.0920583019084 0.958570631472485
144   10.3405256525136 0.382431470132102
145   10.4832876749868 -0.112467889536842
146   10.6154479230083 -0.754525324577055
147    10.591608616417  -1.7202160491333
148    10.407898751198 -2.13599917119985
149   10.1491130460138 -2.46898300420278
150   9.84370377695265 -2.71989806068772
151   9.50770763928516 -2.89743247386255
152   9.15422150765194 -3.00785402526323
153   8.79619301061317 -3.05731808520753
154   8.44460506040618 -3.05369317264195
155   8.10693686350171 -3.00595946929411
156   7.78719140378009 -2.92291764955621
157    7.4867922221225 -2.81235409046395
158   7.20557415139787  -2.6807945928438
159   6.94249555756302 -2.53358086084138
160   6.69597375139351 -2.37497871342417
161    6.4639540452538 -2.20818221684562
162   6.24418805116248 -2.03549556842182
163   6.03477418110671 -1.85885192812937
164   5.83424554885399 -1.68006972392183
165   5.64137652911327 -1.50080686821753
166   5.45508184086211 -1.32251776468742
167   5.27439394024974 -1.14645355392364
168   5.09846132956769 -0.973676580394622
169   4.92654641110695 -0.805074793669385
170      4.75801540934 -0.641370303469629
171   4.59231867611556 -0.483121558858365
172   4.42896383219488 -0.330723019441535
173   4.26748690784881 -0.184408355363304
174   4.10742714037093 -0.0442621620177471
175   3.94830951595963  0.08975814597581
176   3.78963661241273  0.21779212999344
177    3.6308889778824 0.340041860666206
178   3.47153180013429 0.456737681154828
179   3.31102505806836 0.568107857959891
180   3.14883447486224 0.674354367438183
181   2.98444111355178 0.775635636615902
182   2.81734815656371 0.872055890993589
183   2.64708421540928 0.963659922690154
184   2.47320346590245  1.05043153976541
185   2.29528407446957  1.13229366281598
186   2.11292777360048  1.20910804960397
187    1.9257648562967  1.28067309879466
188   1.73346975955536  1.34671929841759
189   1.53579188663078  1.40690373699657
190   1.33260326163197  1.46080745305975
191   1.12395829960944  1.50794144093762
192  0.910152276558524  1.54776737195919
193  0.691757923858174  1.57973591185962
194  0.469620990773272  1.60333871461228
195  0.244810708916311  1.61816291777355
196   0.01854289914219  1.62393505765282
197  -0.207897507007624  1.62054714902655
198  -0.433221810430425  1.60806537411449
199  -0.656199170626591  1.58672371995573
200  -0.875726789339984  1.55690179703488
201  -1.09090373851824  1.51908570122166
202  -1.30108576472639  1.47381671131703
203  -1.50590038888402  1.42163923810245
204  -1.70522032633245  1.36305974305544
205  -1.89911045056485  1.29852240599473
206  -2.08776849562478  1.22840030921302
207  -2.27147468381977  1.15299677766524
208  -2.45055718405478  1.07255088990939
209   -2.6253734393047  0.98724275760258
210  -2.79630354800315  0.89719643789919
211  -2.96375071887461  0.80248031012196
212  -3.12814433514928 0.703106041320803
213  -3.28994240730912 0.599027903180368
214  -3.44963153479492 0.490144361426663
215  -3.60772364037285 0.376303715987776
216  -3.76474962540211 0.257315229546426
217   -3.9212507830981 0.132966657271629
218  -4.07776939026093 0.0030483311631135
219  -4.23484041509845 -0.132617089132139
220  -4.39298666458315 -0.27414135802644
221  -4.55271976910304 -0.421537285017369
222  -4.71454892088592 -0.574689417275598
223  -4.87899805764143 -0.733332511251926
224  -5.04663026799637 -0.897039602219846
225  -5.21807609619231 -1.06521830704523
226  -5.39406114133096 -1.23711094270741
227   -5.5754289869912 -1.41179300933648
228  -5.76315873510324 -1.58816676708641
229  -5.95838333736845 -1.76495229426548
230  -6.16242967728472 -1.94068801533281
231  -6.37691658491844  -2.1137527131484
232  -6.60386893382583 -2.28233828418291
233  -6.84559853098583 -2.44418078977893
234  -7.10430653204131 -2.59613450309808
235   -7.3817981017439 -2.73395124058551
236   -7.6793169598569 -2.85221521475387
237  -7.99719706241981 -2.94425080582926
238   -8.3341916362802 -3.00207721339099
239  -8.68654170447032  -3.0166555067377
240  -9.04713201280395 -2.97867229574762
241  -9.40545284003728 -2.87973379604472
242  -9.74898241999522 -2.71291582286014
243  -10.0647642598227 -2.47107683833946
244  -10.3365281955295 -2.14477533491387
245   -10.536088741696  -1.7297100766648
246  -10.5831079348312 -0.733057861533634
247  -10.4658184506652 -0.0747930721242048
248  -10.2924085167374 0.590214608129218
249  -10.0091044839503  1.21513081991757
250  -9.62497280413835  1.73605381319759
251  -9.22368501174412  2.11273140856323
252  -8.42701691347447  2.61532866805715
253  -7.57008159849808  3.00490434957155
254  -6.69863253018937  3.36824083884359
255  -5.82965082825978  3.75210805146535
256  -4.95430345086104  4.16860657146719
257  -4.01785023629266  4.60370252831872
258  -3.04492489732041  4.98506044024135
259  -2.06859059028641  5.26251742511783
260  -1.10998171065207   5.4372690178516
