// Id               X                Y
  1  -0.0774376621371967 0.239602640386243
  2  0.614641311223999 0.247378767417073
  3     1.306293961427 0.230842960613864
  4   1.99565770924784 0.227332379245878
  5   2.68354526344893 0.318373332846586
  6   3.35621981528882 0.514153069456634
  7    3.9942018281199 0.821147149651223
  8   4.57708729909857  1.23827133253055
  9   5.07962689480025  1.76131944378362
 10   5.58629916150492  2.28599872810715
 11   6.38506146325631  2.51920754791283
 12   6.81706056674918  2.47120916246541
 13   7.27216082892956    2.261946666606
 14   7.59158024753232   1.8832731539021
 15   7.66558652603648  1.40738647117262
 16   7.25889703693463 0.778605189584785
 17   6.83678411687041 0.498989017487412
 18   6.77665360774298 0.466211217942185
 19   6.74423709504694  0.44917120691936
 20   6.70860177234818 0.430942218048163
 21   6.66769837047135 0.410634551488452
 22   6.61936351799459 0.387472400319799
 23   6.56083769009981 0.360589863742623
 24   6.48971776297554 0.329570551587281
 25   6.40420858945857 0.294552818821364
 26   6.30317608223863  0.25619683313345
 27   6.18640311272773 0.215660539831129
 28   6.05515259618471 0.174575859479358
 29   5.91237607427833 0.134796725513065
 30   5.76153320486907 0.0978130719036006
 31   5.60526749693756 0.064429512352985
 32   5.44528725903764 0.034924319463032
 33   5.28271955568578 0.00928146907339917
 34   5.11835576602826 -0.0126710672299861
 35   4.95277628756994 -0.0311876235451998
 36   4.78641866011807 -0.0465626748463741
 37   4.61961958251743 -0.0591052517009455
 38   4.45264288663217 -0.0691230952671266
 39   4.28569891581211 -0.0769129218715387
 40   4.11895823019636 -0.0827546539890078
 41   3.95256139022626 -0.0869082769637006
 42   3.78662590285986 -0.0896124507093069
 43   3.62125100913394 -0.0910842908162677
 44   3.45652074364822 -0.0915199123597769
 45   3.29250554390657 -0.091095446755352
 46   3.12926261133881 -0.0899683228283396
 47   2.96683522892807 -0.0882786634185091
 48   2.80525132044588 -0.0861506975433943
 49   2.64452167088837 -0.0836941294946933
 50   2.48463837021507 -0.0810054402627771
 51   2.32557413090436 -0.0781691209790249
 52   2.16728310668805 -0.0752588500917192
 53   2.00970367256822 -0.0723386252146842
 54   1.85276331312651 -0.0694638495189682
 55   1.69638532414959 -0.0666823562592232
 56   1.54049648776087 -0.0640353399569897
 57    1.3850342989064 -0.0615581558186424
 58    1.2299518862449 -0.0592809569746235
 59    1.0752188378342 -0.0572291662155098
 60  0.920817079696906 -0.0554238201322635
 61  0.766732716152315 -0.0538818596365966
 62  0.612946521810641 -0.052616445359472
 63  0.459426392563494 -0.0516373384331306
 64  0.306123992253718 -0.0509513274032529
 65   0.15297581206552 -0.0505626387119948
 66  -9.27319896005274e-05 -0.0504732635136095
 67  -0.153161868427819 -0.050683157719099
 68  -0.306311738675293 -0.0511902990550748
 69  -0.459616666933978 -0.0519905987314426
 70  -0.613139733848559 -0.0530776715693676
 71  -0.766928685042004 -0.0544424826619004
 72  -0.921014876353015 -0.0560729153228992
 73   -1.0754166262339 -0.0579533274921234
 74  -1.23014675676596 -0.0600641563392524
 75  -1.38522209210141 -0.0623815856554257
 76  -1.54067162048363 -0.0648772316973324
 77  -1.69654064720632 -0.0675177685781124
 78  -1.85289004338528 -0.0702644228817122
 79    -2.009791446445 -0.0730723059122585
 80  -2.16732019328113 -0.0758895938360619
 81  -2.32554782266118 -0.0786565922558208
 82  -2.48453554104277 -0.0813047285465043
 83  -2.64432946271237 -0.0837555074476414
 84  -2.80495789694845 -0.085919450103914
 85  -2.96643052540884 -0.0876950208750899
 86  -3.12873901407599 -0.0889675359457693
 87  -3.29185844800109 -0.0896080477161348
 88  -3.45574895902391 -0.0894722112341414
 89  -3.62035700405157 -0.0883991627185962
 90  -3.78561588940965 -0.0862104728925249
 91   -3.9514452664348 -0.0827092770686665
 92  -4.11774940056567 -0.0776797298383872
 93  -4.28441401908462 -0.0708869889318821
 94  -4.45130146911515 -0.062078009299389
 95  -4.61824377019863 -0.0509835394883511
 96  -4.78503290656379 -0.0373218818362344
 97  -4.95140731261996 -0.0208052470096821
 98  -5.11703286369349 -0.00114997335129278
 99  -5.28147556269698 0.0219073740588255
100  -5.44416069437309 0.0485846367904172
101  -5.60430688601292 0.079013074551379
102   -5.7608060559945 0.113166898347875
103  -5.91198875224061 0.150733033007071
104  -6.05528819650176 0.190896538382284
105  -6.18735363006656 0.232202468957089
106  -6.30531363855497 0.272873367817513
107  -6.40792658830245  0.31137010292158
108  -6.49540723133166 0.346628261151798
109  -6.56889841882448 0.378076353952302
110  -6.63024243518264 0.405661254085304
111  -6.68195992405023 0.429895372289883
112  -6.72701968117921 0.451762011362273
113  -6.76780584286539 0.472176098979537
114  -6.80652823919858 0.492118883737183
115  -6.87839176164301 0.530629207682768
116  -7.30762299271412 0.807071207840133
117  -7.73215683531508  1.42654939138691
118  -7.67486275603442  1.90429717925446
119  -7.37056119239889  2.29389767333795
120  -6.92400664678308  2.51811709362081
121  -6.49461110715408  2.57767511452517
122  -5.69412227358048   2.3548054212422
123   -5.1882745015255  1.83104872856881
124  -4.70358621156832   1.2924858240304
125  -4.13219167494348 0.860283425545316
126  -3.50206379131937 0.538129471950753
127  -2.83400625508741 0.328261448841477
128  -2.14808517360915 0.227267529356996
129  -1.45890291895862 0.228429582894955
130  -0.766870141703578 0.192243311630508
131  -0.072434153382577 0.819347538727036
132  0.538820471693048 0.822327812400484
133   1.15043223427547 0.815246903019131
134   1.76212183077562 0.817842473812127
135   2.36628575617943 0.873103261475234
136   2.94997338744061  1.00768590982357
137   3.49871859809933  1.22533597627362
138    4.0033763497856  1.51108839662726
139   4.47491290881646  1.83191753341392
140    4.9468390809998  2.15407092415353
141   5.36436869902724  2.41259679744716
142   6.09381298706138   2.6735475590091
143    6.8229038754701  2.67985026334354
144   7.50812739062271  2.43907775473457
145   8.10866665808539  2.04403989943208
146   8.65583795147664  1.61585269194072
147   9.49565368420771 0.610414252125998
148   9.60348877738861 0.0913630577644658
149   9.57778864270549 -0.386061708120578
150   9.45923465916769 -0.810506785876086
151    9.2769685491112 -1.17976198239993
152   9.05298495641087 -1.49534423309256
153   8.80486762601933 -1.76061030751067
154   8.54628928316544  -1.9806456139428
155   8.28715279656296 -2.16156179497417
156   8.03400621398336 -2.30967605435215
157   7.79044491660347 -2.43101476737909
158   7.55723336464014 -2.53114005112042
159   7.33268043605699  -2.6149493595986
160   7.11419892838162 -2.68623292049472
161   6.89980581660745 -2.74756988629088
162    6.6883198207679 -2.80069835745272
163   6.47904786328281 -2.84687393742795
164   6.27156094467388 -2.88706730320719
165   6.06558173330089 -2.92206544828147
166   5.86092454628781 -2.95252795001904
167    5.6574594596157 -2.97902066558276
168    5.4550894635475 -3.00203689341713
169   5.25373565214565 -3.02201114735174
170   5.05332770859265 -3.03932844987359
171   4.85379800041969 -3.05433086923897
172   4.65507821240167  -3.0673223470358
173   4.45709783114393 -3.07857245957383
174    4.2597840412331  -3.0883195116489
175   4.06306275172711 -3.09677321009918
176   3.86686055753561 -3.10411707088334
177   3.67110744698762 -3.11051065538695
178   3.47573999456882 -3.11609169521487
179   3.28070464736216 -3.12097814069157
180    3.0859605710517 -3.12527015100649
181   2.89148142895272 -3.12905203025694
182   2.69725548467336 -3.13239410212727
183   2.50328358101753 -3.13535450630542
184   2.30957485922268 -3.13798089237407
185   2.11614052868171 -3.14031198264891
186   1.92298655220204 -3.14237897540138
187    1.7301067080854 -3.14420676548847
188    1.5374779370599 -3.14581497193513
189   1.34505981515447 -3.14721878143957
190   1.15279903496308 -3.14842963928965
191  0.960637973935803 -3.14945583574487
192  0.768524599328185 -3.15030303579984
193  0.576420318435188 -3.15097477987384
194  0.384303473302831  -3.1514729520647
195  0.192168251054124 -3.15179818817081
196  2.04228980921034e-05 -3.15195018859779
197  -0.192128325199548 -3.15192790925339
198  -0.384266391081588 -3.15172961645542
199  -0.576388252198886 -3.15135280207973
200  -0.768500126720257 -3.15079396285897
201  -0.960624221803614 -3.15004825757379
202  -1.15279980889885 -3.14910906904912
203  -1.34507971679334 -3.14796750762626
204  -1.53752247215875 -3.14661188856689
205    -1.730182382054 -3.14502719355402
206  -1.92310093527025 -3.14319449515118
207  -2.11630225472081  -3.1410902996884
208  -2.30979350791871 -3.13868576001015
209  -2.50356938908473 -3.13594572332074
210  -2.69761884105841 -3.13282760109696
211  -2.89193213070033 -3.12928006832588
212   -3.0865068466329 -3.12524161359253
213  -3.28135198637564 -3.12063896906909
214  -3.47648984960099 -3.11538545104864
215  -3.67195588970255 -3.10937923830978
216  -3.86779697554614 -3.10250160814364
217  -4.06406866895892 -3.09461513905311
218  -4.26083213861689 -3.08556187543042
219  -4.45815124255224 -3.07516143280019
220  -4.65609017593891 -3.06320900117524
221  -4.85471195706352  -3.0494731755708
222  -5.05407795566128  -3.0336935010712
223  -5.25424867370055 -3.01557755594385
224  -5.45528606866915 -2.99479729645681
225  -5.65725785691352  -2.9709842304551
226  -5.86024446207926  -2.9437227389238
227  -6.06434963210055 -2.91254046417732
228  -6.26971631789596 -2.87689401973084
229  -6.47655038482457 -2.83614713396441
230  -6.68515686203621 -2.78953619042161
231  -6.89599917959519 -2.73611346317281
232  -7.10980801386052 -2.67464664536905
233  -7.32779498776115 -2.60342628959485
234  -7.55194736608532 -2.51992171491906
235  -7.78483310508275 -2.42042870657177
236  -8.02816066733616 -2.30016686986355
237  -8.28126201013682 -2.15370083356615
238  -8.54070646325688 -1.97513211214615
239  -8.80017277436838 -1.75826435719645
240  -9.05005327415201 -1.49708628965716
241  -9.27705564438071 -1.18657814122563
242  -9.46412598861004 -0.823367222723928
243  -9.59008157092043 -0.405627409676906
244  -9.62685202583246 0.0653688246483379
245   -9.5358041270086  0.57696730323997
246  -8.72954048484479  1.60472174726499
247  -8.19685313860441  2.04976196501274
248   -7.6100943567345  2.46469341069947
249   -6.9324696698785  2.72555759498178
250  -6.20375526908701  2.73347149553101
251  -5.47265679505038  2.47662205984952
252  -5.05648585738098  2.21447210228837
253  -4.58962331442099  1.88467125475676
254  -4.12533736942561  1.55364438702008
255  -3.62907050149121  1.25526537698012
256   -3.0866947037304  1.02434287672137
257  -2.50668868148798 0.877685042590368
258  -1.90391984175765   0.8127278390093
259  -1.29297007653238 0.802023568693345
260  -0.682182044484158 0.807498139150433
