// Id               X                Y
  1  -0.109315066213125  6.64925604206262
  2  0.984223122971648  6.57449605872137
  3   2.05470383067216  6.39629470966197
  4   3.06353198886524  6.07835107731844
  5   4.04964107738691  5.66343344099664
  6   4.91831939225054  5.13623699993919
  7   5.65634327926678  4.58105259434027
  8   6.33955301171767  3.98778903340649
  9   7.05073709193019  3.43101044683545
 10    7.7925531023642   2.9163194426956
 11   8.47619551235731  2.39197073931338
 12   9.17511523766257  1.86114719985729
 13   9.80470044748034  1.25174136219494
 14   10.2428961696915 0.479748478444684
 15   10.1835222079584 -0.406722671176303
 16   9.01269520454031 -0.375509532400667
 17   8.60376826684445 -0.0991901899368892
 18   8.53627163180676 -0.0385099061780525
 19    8.4911029482741 0.00495259853764772
 20   8.44599780998582 0.0507885285491928
 21   8.39947319368704 0.100647277984197
 22   8.34675580127083  0.16049144975478
 23   8.28485540443465 0.235445796308878
 24   8.21355528166832 0.328333090458935
 25    8.1343378467657 0.440065062733474
 26   8.04927453554622 0.570289822812771
 27   7.96014857928219 0.718099608150493
 28   7.86733624858271 0.883808537958422
 29   7.77162649210161   1.0657825187176
 30   7.67569398162854  1.25688878833523
 31   7.57930499780274  1.45423941452915
 32   7.48152929445001  1.65598093260574
 33   7.38124630867795  1.86064374172565
 34   7.27727493555357  2.06706448624502
 35   7.16843730145222  2.27434494623611
 36    7.0535876724686  2.48181207209295
 37   6.93162368303754  2.68896955543789
 38   6.80149352807109  2.89543897621642
 39   6.66221004107039  3.10089301052195
 40   6.51287809928587  3.30498773032529
 41   6.35273518621482  3.50730501970967
 42   6.18119808017963  3.70731668528859
 43   5.99790456949853  3.90437720221783
 44   5.80273969598316  4.09774400203579
 45   5.59584072744147  4.28661680460684
 46    5.3775814828925  4.47018392932537
 47   5.14854212305057  4.64766446614646
 48   4.90947338580019  4.81833915471435
 49    4.6612641961414  4.98156759070358
 50   4.40491922414682  5.13679333363795
 51   4.14154886236116  5.28354114370792
 52   3.87236793725274  5.42141229773231
 53   3.59868998433012  5.55008521499433
 54   3.32189055885515  5.66932899431584
 55   3.04330194201558  5.77903394582667
 56   2.76401667464591  5.87924942473449
 57   2.48465832675479  5.97019208749445
 58   2.20530656114452  6.05217075789212
 59   1.92575053895671   6.1254238021142
 60   1.64595119885151  6.18996778853737
 61   1.36638161647174  6.24556674427667
 62   1.08811353163231  6.29182311144892
 63  0.812755736998071  6.32832754825061
 64  0.542285348488655  6.35482813417597
 65  0.278479866019608   6.3713946082802
 66  0.0211736590057033  6.37846629270607
 67  -0.234205427759393  6.37648801315739
 68  -0.494102770603192  6.36530469267172
 69  -0.761025782688113  6.34438314033893
 70  -1.03398391992499  6.31342227147359
 71  -1.31099797029274  6.27250120795939
 72  -1.59021630934147   6.2219575769796
 73  -1.87023479888198  6.16221930450568
 74  -2.15020361872504  6.09364435367306
 75  -2.42984907548772  6.01638843905536
 76  -2.70930957074758  5.93035160254028
 77  -2.98873363270567   5.8352558938904
 78  -3.26786490914814  5.73081345639545
 79  -3.54590790493016  5.61686408439601
 80  -3.82167674714027  5.49341742070878
 81  -4.09382340966868  5.36062961564489
 82  -4.36100210259606  5.21876602950093
 83  -4.62194711052686  5.06817644466101
 84   -4.8754957746923  4.90928632111859
 85  -5.12059084637308  4.74259824120106
 86  -5.35628350626434  4.56869608650486
 87  -5.58174642701428  4.38824538853346
 88  -5.79629827424623  4.20198473570145
 89  -5.99943590134767   4.0107050436818
 90  -6.19086717759313  3.81521638681054
 91   -6.3705358529492  3.61630608085152
 92  -6.53863066976493  3.41469603274559
 93  -6.69557441695267  3.21101032459645
 94  -6.84199411311227  3.00576366046877
 95  -6.97867912730749  2.79937683345838
 96  -7.10653736339061  2.59221807083482
 97  -7.22655888576552   2.3846622677267
 98  -7.33979165497907  2.17715704113781
 99  -7.44732745517411  1.97028609014549
100  -7.55029020616197  1.76482462792636
101  -7.64981480359591  1.56178654104267
102  -7.74700124785861  1.36246915461673
103  -7.84282033173645   1.1685178458901
104  -7.93788572966145 0.982142940080973
105  -8.03095083800289  0.80847596436302
106  -8.11993987953446 0.652504038294632
107  -8.20480197155603 0.513959820444821
108  -8.28427222744048 0.393600057779528
109  -8.35657302814477 0.291980279421885
110  -8.42030924209835 0.208490898117085
111  -8.47559084014912 0.140553458460477
112  -8.52515406036142 0.0830548608378549
113  -8.57371017569555 0.0297395108849241
114  -8.62286820006485 -0.0213035700841184
115  -8.69792040903943 -0.0938197105006759
116  -9.09961456208064 -0.389633736289626
117  -10.2690602712032 -0.493383846847624
118  -10.3840171819336 0.384062116891814
119  -9.98297580460759  1.17373398268288
120  -9.37167375305657  1.79787900723409
121  -8.67939248891114  2.33273237757466
122  -7.99623687165346  2.85259857922984
123   -7.2536624220129  3.35779821560546
124  -6.54206971489846  3.90577212775792
125   -5.8623776458003  4.49461678564646
126   -5.1336354657813  5.06213886406269
127  -4.25820336460728  5.61158624618967
128    -3.274735913874  6.03073476156408
129  -2.26810836217776  6.36950386768581
130  -1.19372772943912  6.54237362422901
131  -0.101870678113922  7.22967735260765
132  0.970605748395642  7.16619645084133
133   2.02920958611685  6.98039093918832
134    3.0639322528814  6.67090023409219
135   4.05901644034371  6.25098842742723
136   5.00667738497039  5.72566675281435
137   5.90054478912355  5.11511880884533
138   6.74782893304978   4.4435305515731
139   7.57518915621678  3.74972505945158
140   8.40792628095728  3.05100453863383
141   9.29482881434933  2.34402786062675
142    9.8289914595793  1.84310592844524
143   10.3014323539276  1.28038112202604
144   10.6550954153246  0.65077894765039
145   10.8588778475829 -0.0397675597414979
146   10.9655841228011 -0.709388051256176
147    10.881310679858 -1.56092641684777
148   10.6628868152227 -1.99331761455644
149    10.368918092922 -2.32324042310756
150   10.0229077079358 -2.56247892149573
151   9.64402457576002 -2.71600214685626
152    9.2506136105909  -2.7887241430566
153   8.85963523719776 -2.78841380844101
154   8.48356171145943 -2.72573271519204
155   8.12973093282295 -2.61219820911858
156    7.8015079502444 -2.45863843746977
157   7.49985574276025 -2.27473587308991
158   7.22526937833136 -2.06985150226873
159   6.97612656915232 -1.85164550372339
160   6.74705977118095 -1.62320141911213
161   6.53523030919836 -1.38837825040805
162   6.33820903978014 -1.15064566552884
163   6.15365589196487 -0.912824877777891
164   5.97937287835654 -0.677140804982788
165   5.81336684932017 -0.445317714795734
166   5.65389379118678 -0.218685362586639
167   5.49947927633177 0.00172660690059614
168   5.34891608487939 0.215119672547626
169   5.20124144039716 0.420887861336984
170   5.05569704685951 0.618606055178574
171   4.91167690214698 0.808034482392595
172   4.76867002391558 0.989125362988256
173   4.62620602126498  1.16201977131137
174   4.48381000093636   1.3270289025209
175   4.34097019408245  1.48460069013637
176    4.1971181965769  1.63527733055086
177   4.05161887889468  1.77965083690881
178   3.90376532373528  1.91832285769556
179   3.75277367782514  2.05187268639356
180   3.59777370159649  2.18083433241213
181   3.43779378488872  2.30567975214791
182   3.27174592046642  2.42680048646178
183   3.09842879717012  2.54447419654461
184   2.91658564107495  2.65879891054204
185   2.72506642999983   2.7695856415467
186   2.52311606782628  2.87623531362756
187   2.31069342908306  2.97768954540857
188   2.08856530425402  3.07257144467356
189   1.85796415637148  3.15950932307629
190   1.61998394384855  3.23743216403468
191   1.37513789704123   3.3056381331879
192   1.12324517801762  3.36366391675029
193  0.863519625885362   3.4110903911479
194  0.594804522790042  3.44735503960795
195  0.316257347519714  3.47159222819157
196  0.0292388947647681  3.48263705341581
197  -0.260201487179417  3.47959965306131
198  -0.544062151120112   3.4627599358842
199  -0.818464083226581  3.43324331642021
200  -1.08332577583638  3.39210827653793
201  -1.33975458470372   3.3400727220521
202  -1.58878903570806  3.27761242102219
203  -1.83098752744327   3.2051322121407
204  -2.06627317916731  3.12315307296086
205  -2.29390197524256  3.03249206107096
206  -2.51267834522509   2.9343363304715
207  -2.72147893759397  2.83008942300934
208  -2.91980019322394  2.72104075309716
209  -3.10794524351975  2.60809234420784
210  -3.28682531164458  2.49169164297469
211  -3.45763563769516  2.37191808790309
212  -3.62161032092021  2.24860643350184
213  -3.77990121257194  2.12144026939054
214  -3.93354344918543  1.99000527549856
215   -4.0834612196994  1.85381599639796
216  -4.23048412348957  1.71233242961913
217   -4.3753610708729  1.56497781464767
218  -4.51876896429974  1.41116352516581
219  -4.66131852946671  1.25032261744862
220  -4.80356174680907  1.08195023479013
221  -4.94600568667497 0.905646419406072
222  -5.08913668724577 0.721155127782634
223  -5.23345685129423 0.528393110957626
224  -5.37953197029634 0.327464665819535
225   -5.5280468120207 0.118663270494756
226   -5.6798612485557 -0.0975325295452191
227  -5.83605994381893 -0.320456735372206
228  -5.99798942576606 -0.549234122449859
229  -6.16727829840642 -0.782730415522238
230  -6.34583777140686 -1.01947304392594
231   -6.5358406573795 -1.25754935421686
232  -6.73968005977162  -1.4944973889141
233  -6.95992172817833 -1.72721404342879
234  -7.19934156684429 -1.95195124428073
235  -7.46236336574563  -2.1652798036523
236  -7.75315769054572 -2.36169647937592
237  -8.07188235401068 -2.53170108072502
238  -8.41813035150984 -2.66529501032087
239  -8.78942878083863 -2.75130689380186
240  -9.17955208355082 -2.77759550912435
241   -9.5771584968665 -2.73239900233714
242  -9.96606201877509 -2.60639734121818
243  -10.3281709196215 -2.39307917198443
244  -10.6445591379347 -2.08584365922636
245  -10.8921013238234 -1.67115752807463
246  -11.0320945919143 -0.84166346294383
247  -10.9675020965394 -0.167336378692768
248  -10.8029179268929  0.53441968260815
249  -10.4776702701305  1.17961168875283
250  -10.0222080530559  1.75794184979497
251  -9.49643797689277   2.2700966500724
252  -8.61257158281392  2.98337646341376
253  -7.77582620404621  3.68016146819815
254  -6.94232054920938  4.36951268741055
255  -6.09225745062722  5.04038155450333
256  -5.20061762990835  5.65970112183084
257  -4.25663250623996  6.19774980622823
258  -3.26496782886469   6.6294060350265
259  -2.23232389965546  6.95203292927169
260  -1.17629788952395  7.15066551701396
