// Id               X                Y
  1  -0.102214685567121  3.65494247444635
  2  0.813168664723103  3.61899228208062
  3   1.73317416062813   3.5038560479288
  4   2.66302836953014  3.30718471194091
  5   3.59288909799595  3.02833597766303
  6   4.46584149181361  2.73584308821379
  7   5.35117011593397  2.48190633360714
  8   6.24622835935277   2.2710750680323
  9   7.14197311126769  2.08344617026354
 10    8.0276234254814  1.87937033529586
 11   8.89145497920449  1.59723935518428
 12   9.33795630616672  1.34740618899532
 13   9.72957175864081 0.987940046817608
 14    9.9812805073502 0.409391561476621
 15    9.8344344226024 -0.125932813492053
 16   9.10884795549994 -0.351778540016041
 17   8.59160775459187 -0.235209633533456
 18   8.48755031662319 -0.197488740598151
 19    8.4278212501854 -0.173656696910099
 20   8.37033340590077 -0.149248532594466
 21   8.31287953495884 -0.123412621810373
 22   8.24867894607934 -0.0928941958126848
 23   8.17283181505788 -0.054625893075715
 24   8.08362230380489 -0.00665860439845881
 25   7.98146977102183 0.0520116758015235
 26   7.86781498413969 0.121673835554558
 27   7.74441965612863 0.202064558601103
 28   7.61302307602579 0.292455540774771
 29   7.47523058116037 0.391699850804888
 30   7.33247298608822  0.49830660454377
 31   7.18586789641803 0.610651100029954
 32   7.03603735879384 0.727260310756437
 33   6.88312879055534 0.846932641534339
 34   6.72698819803319 0.968691500762316
 35   6.56730454982392  1.09171986427607
 36   6.40369378816281  1.21531886362369
 37   6.23575272675613  1.33887805032892
 38   6.06310161299606  1.46184927350467
 39     5.885421452902  1.58372381291966
 40   5.70248616995072  1.70401513404136
 41   5.51418683799284  1.82224963493054
 42    5.3205447998594  1.93796610601957
 43   5.12171204088186  2.05072234582443
 44   4.91795964578065  2.16010567524936
 45   4.70965728807062    2.265743686351
 46   4.49724775439909  2.36731235648546
 47   4.28122043468319  2.46454004768526
 48   4.06208687796657  2.55720725349468
 49   3.84036038470785  2.64514287491159
 50   3.61654052366115  2.72821822808388
 51   3.39110258547404  2.80634002417684
 52   3.16449131749377  2.87944338954855
 53   2.93711774104261  2.94748575205903
 54   2.70935735683061  3.01044217216038
 55   2.48154764014936  3.06830242950159
 56   2.25398269484523  3.12106981509808
 57    2.0269038017728  3.16876106882396
 58   1.80048682249124  3.21140632788926
 59   1.57483060645413  3.24904765157667
 60   1.34995276462885   3.2817351254074
 61   1.12579784236257  3.30952081856376
 62  0.902257669822379  3.33245226536173
 63  0.679197816519897  3.35056759649505
 64  0.456481768963171  3.36389360973514
 65  0.233986570141109  3.37244664626981
 66  0.0116078046796094  3.37623507218361
 67  -0.210744636038572  3.37526185328953
 68  -0.433156567402118  3.36952601057648
 69  -0.655721050180094  3.35902235668464
 70  -0.878547010865163  3.34373963549939
 71  -1.10176078932768  3.32365789716502
 72  -1.32549763359837  3.29874648730107
 73  -1.54988282666925  3.26896414293708
 74   -1.7750062029727  3.23426207859981
 75  -2.00089755741054  3.19458964947829
 76  -2.22751095868445  3.14990086511639
 77   -2.4547219226074  3.10015966922428
 78  -2.68233528848593  3.04534282063001
 79  -2.91009780481952  2.98544066126109
 80  -3.13770974514691  2.92045701369911
 81  -3.36483273074989  2.85040954677905
 82   -3.5910938048188  2.77533149540687
 83  -3.81608741161543  2.69527506627647
 84  -4.03937734552887   2.6103164345487
 85  -4.26050049575363  2.52056195160634
 86  -4.47897376121035  2.42615496839279
 87  -4.69430502785641  2.32728247574266
 88   -4.9060085817391  2.22418057594977
 89  -5.11362469943751  2.11713770028817
 90   -5.3167423575787  2.00649459924775
 91  -5.51502306869519  1.89264058761451
 92  -5.70822294736851  1.77600638506008
 93  -5.89620953303797  1.65705504324422
 94  -6.07896998608405  1.53627354892026
 95  -6.25660824320539  1.41416823013844
 96   -6.4293304191152  1.29126664590877
 97  -6.59741953432684  1.16812721906555
 98  -6.76120154349329  1.04535610423013
 99   -6.9210036391615 0.923629741862403
100   -7.0771015419633   0.8037227855628
101  -7.22964083037247 0.686547896486124
102  -7.37850167251211 0.573222296731832
103  -7.52312731011304 0.465130005595934
104  -7.66249097548305 0.363835390640286
105   -7.7952669960027 0.270824181096881
106  -7.91996880934617 0.187297560726035
107  -8.03499227706872 0.114088416163272
108  -8.13871791919204 0.0516042261868148
109  -8.22982440357415 -0.000275483293994334
110  -8.30795261139587 -0.0423926105871377
111  -8.37479986609344 -0.0766170986194075
112  -8.43528524045831 -0.106103567333063
113  -8.49655722952694 -0.134507892985975
114  -8.56143269998167 -0.162941653503601
115  -8.68050291180177 -0.210676574462384
116  -9.19770795181416 -0.350910494998403
117  -9.93893956484696 -0.170063516531716
118  -10.1222650563928 0.339905600090884
119   -9.9268244859033 0.920150910101629
120  -9.57079357609696  1.30187441797691
121  -9.14874718647772  1.57394930181107
122  -8.30402044410751  1.88317875444182
123  -7.43174276087264  2.09402942111708
124  -6.54840236926006  2.27236973110557
125  -5.66574150998243  2.46405077384563
126  -4.79305639955756   2.6959832595165
127  -3.93463623611075  2.97085840432646
128   -3.0695995733606  3.23952565852041
129  -2.16778552733601  3.44389554678639
130  -1.13214575440824  3.56732011521839
131  -0.111199421799098  4.23987186863253
132  0.869213658902874  4.21022637853066
133   1.83325453526005  4.08681317609989
134   2.77717802771497  3.88224432233363
135   3.70221933524398  3.61765157972789
136   4.61759166262591  3.33339019426872
137   5.53136463936685  3.07393667709934
138   6.45743312833848  2.85293183440771
139   7.40710301276707  2.64234777662536
140   8.41677674173528  2.35493342610002
141   9.36617776059853  1.87193632080102
142   9.86452611893577  1.42262731445607
143   10.2442212184017 0.879060270988292
144   10.4713279288647 0.368413801546242
145   10.6171046246984 -0.120353467409982
146   10.7660248102269 -0.775779689450562
147   10.7560141637134 -1.77878305873574
148   10.5633001941954  -2.1852814911273
149   10.2947773518422 -2.50665824897127
150   9.97763148190569 -2.74756573414878
151   9.62906222625085 -2.91569735027297
152   9.26664957054815  -3.0170342182356
153   8.90608045363337 -3.06018453612741
154   8.55784005942554 -3.05590717829236
155    8.2272243985895 -3.01483287872978
156   7.91593520486294 -2.94608926206435
157   7.62362732699029  -2.8569695270272
158   7.34890954216238 -2.75309664975029
159   7.08986622924406 -2.63869884598869
160   6.84434157001478 -2.51687690737773
161   6.61023568025185 -2.38991648476628
162   6.38579918610405 -2.25963599673382
163   6.16968900967445 -2.12759851697858
164   5.96084736666138 -1.99516478682666
165   5.75839738570742 -1.86350118729038
166   5.56159098581503 -1.73359108659967
167   5.36977951460276 -1.60624785594753
168   5.18238926358943  -1.4821252159259
169    4.9988967671964 -1.36172510691109
170    4.8188044904188 -1.24540562264115
171   4.64161990632131 -1.13339209438272
172   4.46684116130712 -1.02579341342497
173   4.29395110402521 -0.922623717908983
174   4.12241943489954 -0.823827675776857
175    3.9517111164358 -0.729306573835517
176   3.78129844026966  -0.6389424414853
177   3.61067420122573 -0.552618166005513
178   3.43936394902049 -0.47023253156526
179   3.26693595376821 -0.391709998558328
180    3.0930081459613 -0.317005686443175
181   2.91725182732916 -0.246106424720146
182   2.73939243757278 -0.179028946756088
183   2.55920817378336 -0.115816373721151
184   2.37652782481133 -0.0565340894420488
185   2.19122970140983 -0.00126591100145024
186   2.00324368382284 0.0498889487748282
187   1.81255761114352 0.0968182769720656
188   1.61922704053119 0.139399499281457
189    1.4233842366633 0.177503842350446
190   1.22524008559637 0.211002822881311
191    1.0250740293198 0.239776460043038
192  0.823212408465276 0.263721145537844
193  0.620001406898834 0.282754803735189
194  0.415782996528904 0.296818133404168
195    0.2108800649231 0.305872436667779
196  0.00559270918122988 0.309895716279492
197  -0.199795889510569 0.308878968230012
198  -0.405007606092297  0.30282415158555
199  -0.609755933545236 0.291744552484063
200  -0.813735562986263 0.275667398513294
201  -1.01661929012926 0.254637727117407
202  -1.21806538221115 0.228721812062175
203  -1.41773586769583 0.198008214064455
204  -1.61532210919809 0.162605124622862
205  -1.81057020589288 0.122634151354717
206   -2.0032981612702 0.0782223239271232
207  -2.19340072427645 0.0294947203606645
208  -2.38084391297132 -0.0234307535834246
209  -2.56565512187689 -0.080446467349998
210   -2.7479144615509 -0.141457154884641
211  -2.92775015163565 -0.206382178072587
212  -3.10533793200344 -0.275158576632874
213  -3.28090288052796 -0.347744810149219
214  -3.45472168857267 -0.424124566252332
215  -3.62712378721812 -0.504309710714232
216  -3.79849026439424 -0.588341336715815
217  -3.96925003784198 -0.676287874590508
218  -4.13987320892949 -0.768239331962612
219    -4.310861961158 -0.864296969400743
220  -4.48273983970917 -0.964558121184163
221  -4.65604077105368 -1.06909647401639
222  -4.83129969293777 -1.17793888519156
223  -5.00904700248131 -1.29104060548342
224  -5.18980895484499  -1.4082612838451
225  -5.37411545297051 -1.52934402314284
226  -5.56251538676706 -1.65389882460771
227  -5.75559824062943 -1.78139019050969
228  -5.95401990235139 -1.91112708992314
229  -6.15853143839268 -2.04225276065076
230  -6.37001358380076 -2.17373280953281
231  -6.58953131961257 -2.30434431003878
232  -6.81843882722119 -2.43266998262247
233  -7.05851129595929 -2.55705664393017
234  -7.31191626597307 -2.67541885354984
235    -7.580944097272 -2.78488996736179
236  -7.86772358860185 -2.88149114263539
237  -8.17394669328379   -2.959839718408
238  -8.50037207711124 -3.01284479800067
239  -8.84587068720472 -3.03148995411772
240  -9.20590784001348 -3.00505816910561
241  -9.57086854270041  -2.9223651805488
242  -9.92577616964497 -2.77403949942878
243  -10.2534622706507 -2.55339821203856
244  -10.5376697134401 -2.25221195548039
245  -10.7510639093019 -1.86854084372216
246   -10.827081938515 -0.870854340938524
247  -10.7237800318034 -0.20780541479493
248  -10.6139487063516 0.290622012546331
249  -10.4296997820909 0.802685355759282
250  -10.0898077730707  1.36740934738489
251  -9.61715928354653  1.84351665447622
252  -8.68811003506485  2.36033266498819
253  -7.68204226156195  2.65950341919149
254  -6.73262902278208  2.86335665001598
255  -5.80325376352522   3.0676506739406
256  -4.88232602095322  3.30691052059009
257  -3.95092813673077   3.5748535480982
258  -2.99684355658812  3.83012276273938
259  -2.02830393708007  4.03592594973504
260  -1.07324540404762  4.17433448355247
