// Id               X                Y
  1  -0.711480891150824 -0.048320987262002
  2  0.223536208414438 0.538784133598504
  3   1.18075251999454 0.576475758788295
  4   2.16496390903827 0.605885531598989
  5   3.12523725987295 0.705801294620979
  6   4.04035162667945 0.921574398476707
  7   4.90692178804698  1.22089386453267
  8   5.74131580210627  1.55651995696832
  9   6.56929031554303  1.87107239814239
 10   7.42202578747743  2.09852815210188
 11   8.33885909919689  2.12731366374525
 12     8.826855774261  1.94649513601123
 13   9.21856827629289  1.59397167218232
 14   9.40008021863238  1.04616844700891
 15   9.21435283718965 0.542396555397732
 16   8.48295019195857  0.30747518358233
 17   7.94120776391929 0.329637990419888
 18   7.66914429084277  0.34203461099725
 19   7.56138904653838 0.346672995815117
 20   7.46613319005615 0.350597713691271
 21   7.37630112251709 0.354125873120888
 22   7.28216954810885 0.357631314957639
 23   7.17755691007731 0.361288441480015
 24   7.05948124507995 0.365104171496953
 25   6.92684043181111 0.368982240526933
 26   6.77968067528811 0.372763985852191
 27   6.61914627728308 0.376254056346434
 28   6.44770931309188 0.379251733750243
 29   6.26851863885581 0.381601942776158
 30   6.08416846021745 0.383226551379627
 31   5.89649254276879  0.38411094469758
 32    5.7068531977527 0.384280993071103
 33   5.51631156169179 0.383785983202967
 34    5.3257049807703 0.382686320744001
 35   5.13569357150539 0.381044918594982
 36   4.94679433826794 0.378921704899286
 37    4.7594079460466 0.376370617416508
 38   4.57383992342565  0.37343841591898
 39   4.39031712346229 0.370164707807187
 40   4.20899999881163 0.366582697206646
 41    4.0299912061413 0.362720292433751
 42   3.85334114008065 0.358601319286791
 43   3.67905118981782 0.354246681957909
 44   3.50707575649328 0.349675390302248
 45   3.33732424146267 0.344905432771221
 46   3.16966417025669 0.339954516866957
 47   3.00392628552664  0.33484072051939
 48   2.83991189216274 0.329583097671895
 49   2.67740214619858 0.324202263821787
 50   2.51616853402362 0.318720960715539
 51   2.35598359375028 0.313164573160525
 52   2.19663097607639  0.30756155189705
 53   2.03791413825043 0.301943687789609
 54    1.8796632023572 0.296346184159343
 55   1.72173970272553 0.290807484111413
 56   1.56403905388454 0.285368826168182
 57   1.40649059412134 0.280073523120442
 58   1.24905505461219 0.274965985690839
 59   1.09171937232863 0.270090544842475
 60   0.93448902309449 0.265490162794979
 61  0.777378548547562 0.261205155694283
 62  0.620401574488767 0.257272066192824
 63  0.463562084375059 0.253722806797295
 64  0.306848712753211 0.250584140557409
 65  0.150233246046466 0.247877489280985
 66  -0.00632646337993072 0.245618989393418
 67  -0.162880008492152 0.243819678164214
 68  -0.31947600691417 0.242485699342403
 69   -0.4761537942626 0.241618460759106
 70  -0.632937233680852 0.241214739107905
 71  -0.789832159057069 0.241266786681381
 72  -0.946828104930963 0.241762530867148
 73  -1.10390391161229 0.242685956867681
 74  -1.26103584882676 0.244017728183751
 75  -1.41820641550997 0.245736043946429
 76   -1.5754120989865 0.247817681303461
 77  -1.73266896700369 0.250239143700279
 78  -1.89001568696079 0.252977836629419
 79  -2.04751412486844 0.256013213001961
 80  -2.20524796173982 0.259327858218729
 81  -2.36331983026927 0.262908510929581
 82   -2.5218474329315 0.266747035219654
 83  -2.68095904335952 0.270841372912217
 84  -2.84078875290852 0.275196511341245
 85  -3.00147179914442 0.279825502698828
 86  -3.16314027960149 0.284750565924024
 87  -3.32591949076297 0.290004291004848
 88  -3.48992502999935 0.295630948588788
 89  -3.65526066492149 0.301687885113703
 90  -3.82201683111944 0.308246955216728
 91  -3.99026948971146 0.315395908144067
 92  -4.16007897602211 0.323239601155669
 93  -4.33148839653514 0.331900856536679
 94  -4.50452105620976  0.34152070335407
 95  -4.67917627404148 0.352257640648866
 96  -4.85542270712672 0.364285410569297
 97  -5.03318787941904 0.377788557006177
 98  -5.21234193451314 0.392954741795204
 99  -5.39267267365458  0.40996237706803
100  -5.57384777527062 0.428961631095408
101  -5.75535886805727 0.450046404973364
102  -5.93643987023318 0.473214644204396
103  -6.11593803324346  0.49831329388705
104  -6.29204517260894 0.524954903193977
105  -6.46175515667521 0.552385967905189
106  -6.62095094963146 0.579475152521522
107  -6.76673261307045 0.605178755659793
108  -6.89939359319488 0.629048441706465
109  -7.02274739216221 0.651396674132316
110  -7.14519482635975 0.673471414458181
111   -7.2916390521691 0.699399068003227
112  -7.60205588709847 0.751431873518156
113  -7.96902595769368 0.804787451701079
114  -8.36784973839211  0.85262345349813
115  -8.74679822726072 0.900297356321085
116  -8.74686842833593 0.900309261520124
117  -9.40636868995215  1.06468216986332
118  -9.73354913662307  1.47624602715877
119  -9.78293937491685  2.02680399020696
120  -9.55539023196295  2.50939498859734
121  -9.14207892032221  2.83643420490637
122  -8.22438514242264  2.95705132175997
123   -7.3898971520181  2.72144857823216
124  -6.65337135171516  2.26245004672063
125  -5.97611979571699  1.72343024780457
126  -5.27139525882717  1.22899315866651
127   -4.4918208747541 0.866170190751008
128  -3.65048977424523 0.669911187810879
129  -2.75727108789863 0.563336754332912
130  -1.76836332292862 0.144842083976166
131  -0.0705374382529098 0.796212508109422
132   1.07198153439046  1.03263301766462
133   1.95921134420009  1.20462323764291
134   2.82241410228565  1.37489521247174
135   3.67500901353031  1.58093584776385
136   4.51640400371579  1.84394693692522
137    5.3534175599799  2.15890233433825
138   6.20790520371242  2.48460266699339
139   7.12756186322223  2.73962282063091
140    8.1713316234873  2.75909790446692
141    9.0216915127276  2.39199056289906
142   9.42096356958238  2.01068008737354
143   9.72833306682261  1.50623684779062
144   9.90217357637821   1.0039219382955
145   10.0028468367473 0.504106452231434
146   10.0995625948376 -0.155212048431291
147   10.0200039174006 -1.26517725023009
148   9.87179381681129 -1.53685556036577
149    9.6410761570194  -1.8173835305972
150   9.37353391472784  -2.0439427839115
151    9.0817344622097 -2.22250721372694
152   8.78070260399075 -2.35727028169896
153   8.48298874195213 -2.45491638188498
154   8.19668345031394 -2.52338552383481
155   7.92603770707366 -2.57013302493015
156   7.67258014242873 -2.60132263192648
157   7.43576248356715 -2.62170245395329
158   7.21320366604558 -2.63475273515461
159   7.00162493457367 -2.64288999280768
160    6.7982179460394 -2.64773823794388
161   6.60091822072281 -2.65041544942087
162    6.4081473365287 -2.65172362856324
163   6.21865375960707 -2.65225669925422
164   6.03143804728192 -2.65246529352595
165   5.84570528144035 -2.65269739503903
166   5.66082823446024 -2.65322414197465
167   5.47631698272378 -2.65425626646184
168   5.29179363312255 -2.65595465359012
169    5.1069716445336 -2.65843728256378
170   4.92163944252758 -2.66178401620742
171   4.73564802723153 -2.66604017521794
172   4.54890214668812 -2.67121948590586
173   4.36135436699882  -2.6773067739763
174   4.17300107260885 -2.68426065485749
175   3.98387920188861 -2.69201640654787
176    3.7940625120146 -2.70048916487594
177   3.60365644810653 -2.70957752037721
178   3.41279120575258 -2.71916750684171
179   3.22161315342273 -2.72913686551491
180   3.03027523522186  -2.7393593748049
181   2.83892719506481 -2.74970898201145
182    2.6477064507256 -2.76006347499993
183   2.45673028014212 -2.77030748268351
184   2.26608976661029 -2.78033467502758
185   2.07584576866357 -2.79004912372636
186   1.88602707980591 -2.79936586580418
187   1.69663092235561 -2.80821077471949
188   1.50762592654918 -2.81651988634183
189   1.31895767898288 -2.82423835517875
190    1.1305566651449 -2.83131923378561
191  0.942347928062593 -2.83772227301358
192  0.754261132125824 -2.84341292188606
193   0.56623924573835 -2.84836165198512
194  0.378244052861643 -2.85254364372403
195  0.190257290136397 -2.85593877248223
196  0.0022772090153468 -2.85853175482251
197  -0.185688565423032 -2.86031228585738
198  -0.373632178076057 -2.86127502553056
199  -0.561554571576332 -2.86141936157343
200  -0.749472325431808 -2.86074896594337
201  -0.937420735596707 -2.85927124196335
202  -1.12545245511784  -2.8569968061925
203  -1.31363210943814  -2.8539391466348
204  -1.50202826616684 -2.85011454823243
205  -1.69070463301081 -2.84554229775967
206  -1.87971222751386  -2.8402451037259
207  -2.06908365989532  -2.8342496173345
208  -2.25882993598064 -2.82758692515236
209  -2.44893961862236 -2.82029289451946
210  -2.63937989458081 -2.81240827547081
211  -2.83009902548421 -2.80397848861161
212  -3.02102970173137 -2.79505305360108
213  -3.21209287732892 -2.78568463759756
214  -3.40320170543775 -2.77592772709075
215  -3.59426522470648 -2.76583694823211
216  -3.78519148920685 -2.75546507702949
217  -3.97588991199873 -2.74486078871527
218  -4.16627271229336 -2.73406619405117
219  -4.35625551019646 -2.72311420059755
220  -4.54575727979536 -2.71202572242772
221    -4.734700027014 -2.70080674628798
222  -4.92300868875994  -2.6894452479769
223  -5.11061185895014 -2.67790793806157
224  -5.29744406144782 -2.66613679372978
225  -5.48345045512707 -2.65404528913959
226  -5.66859512872198 -2.64151414582509
227  -5.85287458166622 -2.62838624823257
228   -6.0363386328346  -2.6144600438994
229  -6.21912183785518 -2.59948017137976
230  -6.40148938093419 -2.58312307273288
231  -6.58390207738332 -2.56497369828955
232  -6.76710640572269 -2.54448654685802
233  -6.95226799470579 -2.52091779519172
234  -7.14123621866796 -2.49319374621669
235  -7.33706610194713 -2.45963781180805
236  -7.54387699874192 -2.41761865358322
237  -7.76440423044212 -2.36356430135512
238  -7.99782461440903 -2.29330396107936
239  -8.23932125621823 -2.20264605162122
240  -8.47954171177298 -2.08896950705376
241  -8.69630156659007 -1.95974550359868
242  -8.77826157651735 -1.90232456667434
243  -8.81135576064766 -1.87758567294252
244  -8.82753385650036  -1.8651439780583
245  -8.94367116486396 -1.76856198510107
246  -9.71553781523744 -0.173379581020989
247   -9.9375888074085 0.510588661445697
248  -10.0924148078294  1.04567334233893
249   -10.190555279465  1.68947635390472
250  -10.1185818007264  2.35653908288318
251  -9.83177182299248  2.95317181277637
252  -9.00609859248936   3.5687602350615
253  -7.89857073717541  3.61363424734908
254  -6.85247960036959  3.25405304027682
255  -5.88412357590775  2.72509755703401
256  -4.92759589868603   2.1765813833907
257  -3.93362565241206  1.70145021591099
258  -2.89852541800621  1.32037053467535
259  -1.86828364703785  1.00542819207634
260  -0.988566641597403 0.826946328986511
