// Id               X                Y
  1  -0.101197022766476  3.66669088856795
  2  0.818010564600622  3.63025291048207
  3   1.74185153512934   3.5133569043747
  4     2.674476295731  3.31380277147166
  5   3.57439995280135  3.05585032823648
  6   4.43658658969587  2.76125128616967
  7   5.31109896432933  2.50458920411461
  8   6.19684340382745  2.29002159835092
  9   7.08587179304345  2.09962502211442
 10   7.96864346538738  1.89871036116891
 11   8.83367313298514  1.62564901903971
 12   9.28239268893183  1.38150194337381
 13   9.67787481901354  1.02845472805624
 14   9.93904372555851 0.457448506421628
 15   9.80606342843237 -0.0812395907729342
 16   9.09248445554614 -0.329925610613858
 17   8.58136799358366 -0.227787227984832
 18   8.48134486698394 -0.193873429408901
 19   8.42228984234771 -0.171698490316704
 20   8.36504364716574 -0.148678679915438
 21   8.30753225069071 -0.124087984187362
 22   8.24322407369764 -0.0948550820402096
 23   8.16725253156043 -0.0580269993934366
 24   8.07787306313189 -0.0116046900867363
 25   7.97547059145072 0.0455126948201425
 26   7.86148177615877 0.113730581039759
 27   7.73768913285123 0.192889856386189
 28   7.60587197856881 0.282338760448771
 29   7.46770228307754 0.380959218710253
 30   7.32470434966787 0.487230883601134
 31   7.17807649864824 0.599469729086978
 32   7.02847297416881 0.716152937338209
 33   6.87603656992578 0.836045049187961
 34   6.72059583413004 0.958142121357353
 35    6.5618185141897  1.08160338566314
 36    6.3992963303965  1.20571111430584
 37   6.23259822845014  1.32984188338729
 38   6.06131227521736  1.45344045747592
 39   5.88508273831148  1.57599598455489
 40   5.70364294470998   1.6970229568792
 41   5.51684139094022  1.81604965383672
 42   5.32465761411712  1.93261539319125
 43   5.12720548666772  2.04627563147008
 44   4.92472402150494  2.15661195487677
 45   4.71755818097086  2.26324320722243
 46   4.50613362267444  2.36583453828922
 47    4.2909295363822  2.46410249541903
 48   4.07245301983309  2.55781572633287
 49   3.85121729574063  2.64679193354538
 50   3.62772490026069  2.73089226784984
 51   3.40245599789323  2.81001445540554
 52   3.17586124054409  2.88408579832069
 53     2.948358020209  2.95305693285131
 54   2.72032848199489  3.01689696001475
 55   2.49211727953989  3.07559028394464
 56   2.26402698621237  3.12913514541519
 57   2.03630977353764  3.17754336540056
 58   1.80915587723338  3.22084027467196
 59   1.58268227304416  3.25906347935694
 60   1.35692731404865  3.29225942227446
 61   1.13185645270924  3.32047780267126
 62   0.90737975867403  3.34376526380367
 63  0.683376313891494  3.36216035456902
 64  0.459717707228758  3.37569114517583
 65  0.236284239489913  3.38437556012925
 66  0.0129712332042785  3.38822339691538
 67  -0.210313571772768  3.38723860510447
 68  -0.433658359451127  3.38142063529364
 69  -0.657157171416535  3.37076425215163
 70  -0.880917044025204  3.35525792123492
 71  -1.10505830364633  3.33488158288787
 72  -1.32970529504949  3.30960514438203
 73  -1.55496762378373  3.27938907626475
 74  -1.78091598849262  3.24418783277321
 75   -2.0075599592451  3.20395554076005
 76  -2.23483492537983  3.15865223123786
 77  -2.46260115184739   3.1082487078725
 78  -2.69065226174434  3.05272911987929
 79  -2.91872739704823  2.99209164754924
 80  -3.14652202891124  2.92634851120298
 81  -3.37369514330188  2.85552652964617
 82  -3.59987308283374  2.77966900531976
 83  -3.82465168672088  2.69883919606596
 84  -4.04759867320488  2.61312523807083
 85  -4.26825795204382  2.52264611538953
 86  -4.48615711537449  2.42755806456003
 87  -4.70081887990283  2.32806061380031
 88  -4.91177673028411  2.22440129826547
 89  -5.11859437613837  2.11687804096182
 90  -5.32088784638898  2.00583836068277
 91  -5.51834815844153  1.89167507548481
 92  -5.71076169496149  1.77481903972393
 93  -5.89802498645448  1.65573053863755
 94  -6.08015083908658  1.53489191100216
 95  -6.25726380892355  1.41280430527956
 96  -6.42958468754938  1.28999086432532
 97  -6.59740526886805  1.16700718666355
 98  -6.76105530312468  1.04445827751083
 99  -6.92086240477586 0.923020334441076
100  -7.07710165149092 0.803466909093285
101   -7.2299199205141 0.686705938764031
102  -7.37920061162191 0.573845362919999
103  -7.52438454830156 0.466259485487266
104  -7.66443008660273 0.365505776429314
105  -7.79798552019803 0.273064139444242
106  -7.92353628471057 0.190124599369753
107  -8.03945477196887 0.117500059282438
108  -8.14410856459188 0.0555680870042479
109   -8.2361853353998 0.00416802922996907
110  -8.31536239150134 -0.0375833356442717
111  -8.38339331201555 -0.0715762989099935
112  -8.44525283254717 -0.10093444022158
113  -8.50811438485341 -0.129222432408684
114  -8.57475859272464 -0.15747631729984
115  -8.69507743163981 -0.203898134364965
116  -9.20677152352899 -0.335026338933162
117  -9.94145293863387 -0.142597530340738
118  -10.1209197936108 0.368497104870918
119  -9.92530971488464 0.945724675139921
120   -9.5685508331909  1.32752895894434
121  -9.14436036511889  1.59914335930864
122  -8.29660748628361  1.90397702158318
123  -7.42208497453303  2.11008210654551
124  -6.53769097433715  2.28652601488948
125  -5.65396189002535  2.47685776700273
126  -4.77945720065042  2.70738272100066
127  -3.91891185248794  2.98364618535795
128  -3.05535367340151  3.25917451972534
129  -2.15529857533055  3.46505571563007
130  -1.12566428265892  3.58268401717046
131  -0.131301149903469  4.25170256317104
132  0.849651997278033  4.22209337993642
133   1.80549611827802  4.10072019383452
134   2.73978484681964  3.90079685224365
135   3.66221108814273  3.64266922455173
136   4.57178169884807  3.36194196685232
137   5.46933832614473  3.10336842492234
138   6.37607610717391  2.88294243819145
139   7.30846437516029  2.67634141345373
140   8.33142536383454  2.39314106740027
141   9.30661588065201  1.91019255350454
142   9.80795853707221   1.4692344089326
143   10.1951245715455 0.933772614656802
144   10.4305065894472 0.429436686853406
145   10.5851661484765 -0.0570025756456956
146   10.7428733977171 -0.702285917900793
147   10.7508349575288 -1.77463416807924
148   10.5579542515251 -2.18137883717698
149    10.289735387507 -2.50334472244053
150   9.97320652057807 -2.74513351013735
151   9.62549337859132 -2.91443311774656
152   9.26399890865615 -3.01722901960138
153   8.90426849750562 -3.06203951955648
154    8.5567184036479 -3.05949906605819
155   8.22662389828483 -3.02012550486933
156   7.91569271189104 -2.95295863814561
157   7.62360404447157 -2.86523104679464
158   7.34899913648209 -2.76252979481132
159   7.08997783165704 -2.64905861806079
160   6.84436820364203 -2.52788960680871
161   6.61005415353814 -2.40128412186801
162   6.38530245767753 -2.27106093819213
163    6.1688057700205 -2.13880656802687
164   5.95953829954759  -2.0059146544992
165   5.75664465223109  -1.8735863920242
166    5.5593898663221 -1.74283978649745
167   5.36713351568694  -1.6145222602578
168   5.17930837245755  -1.4893210307109
169   4.99539808952909 -1.36777089123272
170   4.81491407530725 -1.25026150939484
171   4.63737441978719 -1.13704726884184
172   4.46228838493585 -1.02826209120744
173   4.28914885905642 -0.923939893425506
174   4.11743314661302 -0.824039311564716
175   3.94661059723561 -0.728470003924801
176    3.7761545360533 -0.637117603374505
177   3.60555581086596 -0.549864997023992
178   3.43433572079544 -0.466608597896231
179   3.26205677660515 -0.387269237406412
180    3.0883304234475 -0.31179804339892
181   2.91282144357545 -0.240178137284901
182   2.73524927032214 -0.17242323190926
183   2.55538695068611 -0.108574299594869
184   2.37305903122321 -0.0486954385092745
185   2.18814013893742 0.00713012041371165
186   2.00055621239287 0.0588033043465483
187   1.81028971973204 0.106211825715727
188   1.61738832698565 0.149232886575267
189   1.42197359517206 0.187737142263003
190   1.22424399267936 0.221594789758706
191   1.02446720408087 0.250683430245653
192  0.822961177721217 0.274895928833409
193  0.620068961795245 0.294146004688131
194  0.416135149804616 0.308370197260627
195  0.211490268471047 0.317526462626157
196  0.00644559129354278 0.321590885686603
197  -0.198702755259155 0.320554349609376
198  -0.403663730776892  0.31442063431006
199  -0.608139671013284 0.303206675127919
200  -0.811817479335576 0.286944847571707
201  -1.01436692533266 0.265686289729799
202  -1.21544893203348 0.239503606153306
203  -1.41473391247569 0.208491138202615
204  -1.61192618014381 0.172761677396354
205  -1.80678709958155 0.132439977469171
206  -1.99914967905288 0.0876548950328848
207  -2.18892152787026 0.0385323881853409
208  -2.37607873180489 -0.0148093545436987
209  -2.56065632662208 -0.072262842523918
210  -2.74274038438326 -0.133733349496452
211  -2.92246399288474 -0.199141185225128
212  -3.10000686318028 -0.268424668033195
213  -3.27559697397882 -0.341543639231569
214   -3.4495124327237 -0.418482879917645
215  -3.62208208553182 -0.499254526539859
216  -3.79368392906001 -0.583898484414349
217  -3.96474087557191 -0.672479859649244
218  -4.13571386739645 -0.765082557782176
219  -4.30709276938097 -0.861798454978641
220  -4.47938593293971 -0.962711972494712
221  -4.65310982513697 -1.06788049431663
222  -4.82878057482699 -1.17731180960575
223  -5.00690953659197 -1.29094046888068
224  -5.18800478883775 -1.40860533052822
225  -5.37257970689179 -1.53003033229497
226   -5.5611684756023 -1.65480951946276
227  -5.75434709835063  -1.7823958516105
228  -5.95275788453091 -1.91209192812801
229  -6.15713636013244 -2.04304022998315
230  -6.36834332983656 -2.17421147145512
231  -6.58741657031759 -2.30439414692746
232  -6.81567655649164 -2.43219213847954
233  -7.05486793940807 -2.55599183334991
234  -7.30714140338142 -2.67377333594538
235   -7.5747886190179 -2.78276359124641
236  -7.85995766981456 -2.87910326102835
237  -8.16438531112989 -2.95755394728991
238  -8.48891432877839  -3.0111897030334
239  -8.83255076311794 -3.03116737972895
240   -9.1909593854568 -3.00692906562918
241  -9.55479393098977 -2.92740022636667
242  -9.90939482956463 -2.78324209695521
243  -10.2379686796714 -2.56774862570793
244  -10.5249056043153 -2.27255064396639
245  -10.7430727613174 -1.89651343017801
246  -10.8250789188044 -0.831494409414503
247  -10.7238515987235 -0.176250578068219
248  -10.6137158736718 0.321859198466113
249  -10.4292970160304 0.831648622260057
250  -10.0899534689035  1.39337278758963
251   -9.6194523231334  1.86684148912536
252  -8.66734416684753  2.39081477738657
253  -7.64460167937742  2.68649857619593
254  -6.70536029412023  2.88264035570542
255   -5.7925131649399  3.08061382274178
256  -4.88825756983771  3.31531699095571
257  -3.96591586023853  3.58299511158317
258  -2.99555532121071  3.84667171731057
259  -2.01733075367264  4.05537222409488
260  -1.07552305525413   4.1897331858348
