// Id               X                Y
  1  -0.0779134531971148 -0.0589297922869443
  2  0.892202615607923 -0.0805665761532223
  3   1.80465671530208 0.0712422927341351
  4   2.66076533970045  0.38566774909135
  5   3.45647450294643 0.808543700386142
  6   4.21524559316221  1.27560359848016
  7    4.9738905189489  1.72742241412823
  8     5.768247436023  2.10476194507045
  9   6.62015766287164  2.34171406871636
 10   7.51905203012656  2.33810292511133
 11   8.48563918156147  1.89566670609169
 12   8.65346236860113  1.65227461637554
 13   8.75506260271014  1.33693369952344
 14   8.71597237632314  1.00231523439396
 15   8.50988071035516 0.745988927919035
 16   8.12875125325911 0.670793170291891
 17   7.48670228688553  0.84968718655901
 18   7.06027525711815 0.834307552216781
 19   6.82599354889175  0.77194249714892
 20   6.63879162661228 0.693165967208655
 21   6.47636157028692 0.604504322769465
 22   6.33238905777586 0.512282253851314
 23   6.20399881363691  0.42225639981302
 24   6.07848552483999 0.330495326697558
 25   5.95184970185663  0.23764610878977
 26   5.82403562085267 0.146797999970318
 27   5.69390405962345 0.0596426565729844
 28   5.56066850848913 -0.0224868959988759
 29   5.42399921927484 -0.0985318400981692
 30   5.28396176695978 -0.167731394554154
 31   5.14088965982564 -0.229655369187454
 32   4.99526760937297 -0.284192788253422
 33   4.84762137620034 -0.331509450233841
 34   4.69843776061729 -0.371980048213096
 35   4.54812584281778 -0.406110167542383
 36   4.39701339084726 -0.434464934365249
 37   4.24538506602501 -0.457611829938332
 38   4.09353205614716 -0.476086439950587
 39   3.94168083593771 -0.490388093090929
 40   3.78979445302771 -0.500980749705353
 41   3.63778254358469 -0.508262363727344
 42   3.48565996634732 -0.51256992093649
 43   3.33350753298439 -0.514202271158699
 44   3.18143231153142 -0.513435703638382
 45   3.02954802156712 -0.510533790507177
 46    2.8779660760499 -0.505753631934036
 47    2.7267911542225 -0.499349331020203
 48   2.57611879213693 -0.49157318121503
 49   2.42603423256927 -0.482675102507712
 50   2.27661212408197 -0.472900920632638
 51    2.1279167579753 -0.462490051078804
 52   1.98000272129628 -0.451673053156465
 53   1.83291588472168 -0.440669377391553
 54   1.68669458832533 -0.429685474891201
 55    1.5413708053377 -0.418913304277732
 56   1.39697087327073 -0.408529174864425
 57   1.25351510789559 -0.398692816657137
 58   1.11101551483425 -0.389546589756301
 59  0.969471136874029 -0.381214838000753
 60  0.828861518223603 -0.373803520248181
 61  0.689139796366524 -0.367400320010379
 62  0.550227559800658 -0.362075379702522
 63  0.412012988859846 -0.357882622230749
 64  0.274352883411843 -0.354861444967658
 65  0.137077923721831 -0.353038461625282
 66  3.13421548326752e-07 -0.35242898411019
 67  -0.137077290818529 -0.353038004205461
 68  -0.274352233324074 -0.354860536462807
 69  -0.412012313420991 -0.357881275485788
 70  -0.550226855644425 -0.362073614394067
 71  -0.689139066522885 -0.367398163054318
 72  -0.828860773282306 -0.373801006204042
 73  -0.969470395597326 -0.381212009367294
 74  -1.11101480414068 -0.389543497052847
 75  -1.25351446219101 -0.398689518208089
 76  -1.39697033354742 -0.408525736271666
 77  -1.54137041857082 -0.418909797629123
 78  -1.68669440679661 -0.429681977731697
 79  -1.83291596532001 -0.440665971539679
 80  -1.98000312617808 -0.451669823579301
 81  -2.12791755510496 -0.462487084833174
 82  -2.27661338499898 -0.472898305802683
 83  -2.42603603254351 -0.482672927640758
 84  -2.57612121420829 -0.491571535332262
 85  -2.72679428351311 -0.499348303281858
 86  -2.87796999146451 -0.505753311491347
 87  -3.02955281001226 -0.510534267129063
 88   -3.1814380696572 -0.513437066540664
 89  -3.33351433136973 -0.514204606180173
 90  -3.48566787366373 -0.512573307260239
 91  -3.63779169431745 -0.508266864593497
 92  -3.78980497823905 -0.500986401191235
 93  -3.94169283811498 -0.490394892784392
 94  -4.09354579885466 -0.476094313004445
 95  -4.24540079744199 -0.457620613619792
 96  -4.39703077723171 -0.434474447976072
 97  -4.54814398137187 -0.406120272724939
 98  -4.69845509415156 -0.371990767660446
 99   -4.8476358360841 -0.331521088127386
100  -4.99527864289551 -0.284205426635119
101  -5.14089879718507 -0.22966843460862
102  -5.28397256722654 -0.167743291548217
103  -5.42401553432364 -0.0985404271991575
104  -5.56069075151604 -0.0224916826342579
105  -5.69392929087977 0.0596396157020081
106  -5.82405773325151 0.146791479791466
107  -5.95186568818929 0.237632087420506
108  -6.07849415409171 0.330471006197007
109   -6.2040019586971 0.422221885923169
110  -6.33238480536788 0.512235563503001
111  -6.47633549284737 0.604436517197448
112  -6.63873692683109 0.693077932854102
113  -6.82590696320637 0.771841532640568
114  -7.06021002961133 0.834216164310982
115  -7.48662476192788 0.849604437568285
116  -8.12867605036637 0.670736624258409
117   -8.5098006499769 0.745947714523929
118  -8.71588260617198   1.0022779790301
119  -8.75496664085015  1.33689511421689
120  -8.65336500167895  1.65223368214435
121  -8.48554274030461  1.89562375343133
122  -7.51897629619775  2.33806102911285
123  -6.62011037398816  2.34166553313506
124  -5.76824253936656  2.10489561036802
125   -4.9738400051726  1.72832903984183
126   -4.2155871611491  1.27783482404647
127  -3.46078345577329 0.810807565219286
128  -2.67872986199302 0.383635336501033
129  -1.84961152825908 0.0621967348330566
130  -0.976178816652986 -0.0890634365523292
131  0.0180450223147366 0.498987678626581
132  0.884508778525802  0.53278406873201
133   1.73951549377255 0.690090612838393
134    2.5614222585467 0.998835226118669
135   3.34529069696469  1.41910719527019
136   4.11534046679513  1.88813646710644
137   4.91082578360234  2.34441258676042
138   5.77232595513343  2.72210409025696
139   6.78313147317752  2.93804488431059
140   7.85528257404327  2.82453307589279
141   8.77097606660176  2.24450582755901
142   9.11971422442068  1.64759039179357
143   9.21956057075978  1.11556876248337
144   9.21270021714351 0.646867301956076
145   9.17199716030779 0.211486041179744
146   9.13576019808725 -0.522846626260396
147   8.96408018164039 -1.19660094025228
148   8.96407760304557  -1.1966060596278
149   8.88400415240577 -1.33738144742458
150   8.77932002717893 -1.48606310301462
151   8.65797367897618 -1.62902050473851
152     8.520225047367 -1.76715913377768
153    8.3657455110544 -1.90163426577237
154   8.20609899617463 -2.02465232115785
155   8.04551640796992 -2.13621216484043
156    7.8830850067163 -2.23925522758341
157   7.71858370685279 -2.33529265559853
158   7.55171937158213 -2.42534620874427
159   7.38226186167287 -2.51007011508592
160   7.21008156622691 -2.58986842301097
161   7.03513874789208 -2.66498963197539
162   6.85743921798547 -2.73560105151417
163   6.67700899888407  -2.8018298207458
164   6.49388123994178 -2.86378500379063
165   6.30808577730294  -2.9215707464202
166   6.11964205742345 -2.97529349091508
167   5.92854192433035 -3.02506876184418
168   5.73474377445742 -3.07102194172563
169   5.53828944312947 -3.11326284148648
170   5.33952530005294 -3.15185525331232
171   5.13889636439757 -3.18687997180057
172   4.93676640303015 -3.21846593091914
173   4.73342844938029 -3.24677655745084
174   4.52912746500143  -3.2719971206374
175   4.32407326444727 -3.29432633128197
176   4.11844765299348 -3.31397044465465
177   3.91240871090062 -3.33113886130879
178   3.70609365790996 -3.34604072691662
179   3.49962076126766  -3.3588822633155
180   3.29309055848113 -3.36986463305289
181   3.08658657264204 -3.37918218627867
182    2.8801754953205 -3.38702098461957
183   2.67390679289429 -3.39355752798166
184    2.4678118199162 -3.39895764008988
185   2.26190270599708  -3.4033754998839
186   2.05617158211747 -3.40695283109768
187   1.85059108136547   -3.409818278999
188   1.64511718603287 -3.41208701022654
189   1.43969510282572   -3.413860563161
190   1.23426773389045 -3.41522695182269
191   1.02878507978812 -3.41626098767431
192  0.823212154768862 -3.41702474959013
193  0.617533642390138 -3.41756811507633
194  0.411754573269546 -3.41792927487271
195  0.205897716517366 -3.41813517366672
196  -1.36799603574114e-06 -3.41820184281693
197  -0.205900458075312 -3.41813460598828
198  -0.411757331014862 -3.41792814863064
199  -0.61753642542974 -3.41756644842956
200  -0.82321496977474  -3.4170225696298
201  -1.02878793028738 -3.41625833032363
202   -1.2342706199693 -3.41522386181254
203   -1.4396980213929  -3.4138570941391
204  -1.64512013175009 -3.41208322502935
205  -1.85059404826846 -3.40981425006624
206  -2.05617456544988 -3.40694864094696
207  -2.26190570370346  -3.4033712415062
208  -2.46781483417082 -3.39895341705738
209  -2.67390983147842 -3.39355345403116
210  -2.88017857137599 -3.38701718251662
211  -3.08658970451397 -3.37917878574128
212  -3.29309377205437  -3.3698617674929
213  -3.49962408890551 -3.35888006561516
214  -3.70609713321658 -3.34603932461893
215  -3.91241237349586 -3.33113837075646
216  -4.11845155370901 -3.31397096483821
217  -4.32407744668513 -3.29432794041053
218  -4.52913196370792 -3.27199987325234
219    -4.733433331632 -3.24678047832417
220  -4.93677175382647 -3.21847101633123
221  -5.13890226251199 -3.18688619602847
222  -5.33953198739168 -3.15186254405161
223   -5.5382974948252 -3.11327103959334
224  -5.73475409031564 -3.07103078102297
225  -5.92855605319255 -3.02507776228419
226   -6.1196626412012 -2.97530177318066
227  -6.30811588546774 -2.92157710510275
228  -6.49392319162356 -2.86378821410929
229  -6.67706264264607 -2.80182929067159
230  -6.85749878873101 -2.73559827960123
231  -7.03519271618974  -2.6649889590271
232  -7.21011536319758 -2.58987663093615
233  -7.38226399390458 -2.51009405377136
234   -7.5516891386436 -2.42538856271201
235   -7.7185318555433  -2.3353500737155
236  -7.88303038365824  -2.2393183750682
237  -8.04547371037405 -2.13627183270806
238  -8.20607589877242 -2.02470161562675
239  -8.36574054749477 -1.90167120116816
240  -8.52023615545716 -1.76718111415836
241  -8.65800423298455 -1.62901794216475
242  -8.77935783526782 -1.48604140667648
243  -8.88403074488824 -1.33736025955955
244  -8.96406349571211 -1.19664492072098
245  -8.96406614815502 -1.19663965454426
246  -9.13573210078729 -0.522856129324592
247   -9.1719416506521 0.211475959684128
248  -9.21262839964218  0.64685816520633
249  -9.21947245703391  1.11555612205085
250  -9.11962242190294  1.64753666242703
251  -8.77089399209938  2.24444583480003
252  -7.85522695401735  2.82447034956972
253  -6.78312307250947  2.93796437978853
254  -5.77240471567404   2.7222319221103
255  -4.91041476990224  2.34527797847109
256   -4.1138553975975  1.88992161478959
257  -3.34270829302316   1.4195839138878
258  -2.55747438244435 0.992327312424491
259  -1.73048850613173 0.673427149535756
260  -0.862865967895479 0.515670177324663
