// Id               X                Y
  1  -0.107855723735323   3.8524452402161
  2  0.823430094290368  3.81499526114298
  3   1.76082000003092  3.69178505457306
  4   2.70800890829629   3.4803955994367
  5   3.64033900960022  3.19121138297632
  6   4.50133174412653  2.87255199059541
  7   5.37518184708437  2.59093064894616
  8   6.26109242389432  2.35259675828159
  9   7.14952365411137  2.13910159760174
 10   8.02837270550161  1.91211754618857
 11   8.88565722088015  1.61375372534229
 12    9.3283626326361  1.35931108130063
 13   9.71746253795932 0.998669939064427
 14   9.97077127475805 0.421341864809345
 15   9.82808088574426 -0.117467438694778
 16   9.10996904759499 -0.351670747835354
 17   8.60192825103515 -0.237650078346753
 18    8.5037234558737 -0.201555233319516
 19   8.44525705943254 -0.177871432888597
 20    8.3884152675401 -0.153270459820434
 21    8.3311867933711 -0.126979186454299
 22   8.26710911789799 -0.0957244377603756
 23   8.19140574297401 -0.0563914502171248
 24   8.10242713118778 -0.00690715469186775
 25   8.00064466384306 0.0538331209167303
 26   7.88756079138019 0.126195495490498
 27   7.76498714103947 0.209964001212939
 28   7.63468592492182 0.304431283589561
 29   7.49827617585224 0.408425323243196
 30   7.35722929438809 0.520351271908138
 31   7.21271555935044 0.638422435741636
 32   7.06534986793321 0.761034823382643
 33   6.91521186627799 0.886914183582408
 34   6.76206582251819  1.01503744922656
 35   6.60552156763346  1.14455201317282
 36   6.44511758667315  1.27473302261223
 37   6.28037275857961  1.40495294070551
 38   6.11082767368558  1.53465334670949
 39   5.93608198262534  1.66331884950176
 40   5.75582835086818  1.79045591211591
 41   5.56988024756753  1.91557976129069
 42   5.37818962307098  2.03821108401406
 43   5.18085164289647  2.15788164994106
 44   4.97809620883072  2.27414568091572
 45   4.77026863628029  2.38659279345328
 46   4.55780351844503  2.49485885375499
 47   4.34119617224746  2.59863253775331
 48    4.1209754024675  2.69765700101645
 49   3.89768014952281  2.79172728505008
 50   3.67184135418435   2.8806847302404
 51   3.44396933549214  2.96440981532149
 52   3.21454619322305  3.04281469488705
 53   2.98402213702847   3.1158364432657
 54   2.75281409387565   3.1834317414204
 55    2.5213044090036  3.24557347538561
 56   2.28983709720985  3.30224938072848
 57   2.05870940661918  3.35346236830951
 58   1.82815813735258  3.39923148916523
 59   1.59834352856322  3.43959188214484
 60   1.36933737102968  3.47459204785847
 61   1.14112317497244  3.50428789461891
 62  0.913612043607472   3.5287348738311
 63  0.686670097496607  3.54798083592035
 64  0.460147651143579  3.56206186982656
 65  0.233900773973374  3.57100168955832
 66  0.00780076749778205  3.57481345673754
 67  -0.218267630205913  3.57350221572986
 68  -0.444415197459925  3.56706637585088
 69  -0.670758872141016  3.55549747530438
 70  -0.897428425701866  3.53877843797779
 71  -1.12456422938561  3.51688145241629
 72  -1.35230335178431  3.48976718762676
 73  -1.58075541502046  3.45738690978116
 74  -1.80997486369707  3.41968790981904
 75  -2.03993932217683  3.37662091016329
 76   -2.2705413438086   3.3281469784877
 77  -2.50159403594111  3.27424189976029
 78  -2.73284486367149   3.2148975773273
 79  -2.96399039133078  3.15012155000592
 80  -3.19468725911413   3.0799362599049
 81  -3.42455827011908  3.00437938888235
 82  -3.65319490947129  2.92350594283691
 83   -3.8801585417584  2.83739219911391
 84  -4.10498247462733  2.74614125219914
 85  -4.32717663076781  2.64988963876958
 86  -4.54623605947357   2.5488143089155
 87  -4.76165401035588  2.44313899697746
 88  -4.97293971985305  2.33313886660269
 89  -5.17964033714729    2.219142264266
 90  -5.38136551063828  2.10152866097103
 91  -5.57781215962765  1.98072252161548
 92  -5.76878610718228  1.85718392506753
 93  -5.95421690226795  1.73139805136136
 94   -6.1341626488458  1.60386669056124
 95  -6.30880308646682  1.47510514120077
 96  -6.47842117563336  1.34564691745236
 97  -6.64337519188293  1.21605681941365
 98  -6.80406381351999  1.08695100572092
 99  -6.96088518553086 0.959021826454034
100  -7.11418672236545  0.83306649956006
101  -7.26419060935455 0.710026290529967
102  -7.41085224773196 0.591061700539154
103  -7.55364751430331 0.477648000668876
104  -7.69151983147683 0.371487280431787
105   -7.8231061512741 0.274176911027146
106  -7.94690214096153 0.186968121235526
107  -8.06128688740641 0.110697340441116
108  -8.16460777810309 0.0457459638473361
109    -8.255500496225 -0.0080619901866266
110  -8.33356885197854 -0.0516571930683439
111  -8.40047458048808 -0.0870226456641257
112  -8.46104825547447 -0.117413557357566
113  -8.52219219295124 -0.146494093706651
114  -8.58644236625047 -0.175294449601464
115  -8.70002611866546 -0.221759814491535
116  -9.20789355394195 -0.360565887228932
117  -9.94306292297312 -0.173955948898806
118  -10.1249343084119 0.337519260681996
119  -9.92814314718503 0.921378165303739
120  -9.57277717354472  1.30614772719042
121  -9.15169937094489  1.58396604846053
122  -8.31047800884435  1.91047540177518
123   -7.4399019997525  2.14456148117477
124  -6.55618278946491  2.34897551343032
125  -5.67213147908205  2.56874396242694
126  -4.79737135042677  2.82914602455209
127  -3.93581516150598  3.13218422865045
128  -3.07246467562528  3.42982376602645
129  -2.17072409962148  3.64661228407874
130  -1.14074426074383  3.76805651225548
131  -0.124772553191321  4.43860736269288
132  0.863048706622481  4.40597333547611
133   1.83266617833103  4.27717879606519
134   2.78195804222171  4.06252506738573
135   3.71645288083454  3.78087842674193
136   4.63919946674035  3.47228317610998
137   5.55499817928076  3.18303003221022
138   6.48107627503728  2.93118812436817
139   7.42654806094724  2.69246565645192
140   8.42216157935122  2.38385246587179
141   9.35623589090002  1.89266816730951
142    9.8530499787555  1.44050320973224
143   10.2328633722297  0.89581235137549
144   10.4613788717123  0.38202299031932
145   10.6070268865286 -0.108068816127934
146   10.7521243508561 -0.756874720782707
147     10.73798327075 -1.83147091229603
148   10.5354143709552 -2.23537562661213
149     10.25924449312 -2.55169739420147
150   9.93652722843547 -2.78616509973285
151   9.58431101125277 -2.94698118672077
152   9.21993697322979 -3.04060163664363
153   8.85878811041212 -3.07597357256839
154   8.51101853118139 -3.06403241768999
155   8.18161734405092 -3.01545545604698
156   7.87204244143799 -2.93934160110472
157   7.58178862111387 -2.84293373888489
158   7.30938159127248 -2.73181866842687
159   7.05285316256462 -2.61020219215073
160   6.80996649024346 -2.48114629216309
161   6.57851657227838 -2.34687830834824
162   6.35669754036539 -2.20919151582499
163   6.14316072862089 -2.06967331823942
164   5.93684763683859 -1.92972866199884
165   5.73687178827396 -1.79057079526819
166   5.54247120312153 -1.65322910779126
167   5.35298442391469 -1.51856151370765
168    5.1678298484832 -1.38726432042522
169   4.98648307093393 -1.25987906254236
170    4.8084525353537 -1.13679855635145
171    4.6332566273742 -1.01827558202663
172   4.46040610706299 -0.904437060755455
173   4.28939467678023 -0.795304649510899
174   4.11969834321114 -0.690820393376036
175   3.95078221413919 -0.590874544154047
176    3.7821121919856 -0.495332313614016
177   3.61316878466462 -0.404056946243841
178   3.44346065231794 -0.316927551524272
179   3.27253617415884 -0.233851184680951
180   3.09999199678959 -0.154769476595873
181   2.92547811544865 -0.0796606420516907
182   2.74869956283379 -0.00853799108294489
183   2.56941531391374 0.0585538005235229
184   2.38743562928655 0.121543399934144
185   2.20261973227259 0.180337378539084
186   2.01487621590278 0.234823843236417
187   1.82416836781995 0.284874985286814
188    1.6305249514962  0.33034927229533
189   1.43405360161262 0.371094800448271
190    1.2349501648907 0.406955361614593
191   1.03349623630422  0.43777952592935
192  0.830041438799684 0.463430960851833
193   0.62497483462327  0.48379689193747
194  0.418695402976332 0.498792295402619
195  0.211590932263592 0.508359553538866
196  0.00402965643385842 0.512465254984722
197  -0.203636368054083 0.511096541117689
198  -0.411060464105754 0.504258969974301
199  -0.617888784424225 0.491976841790683
200  -0.823751870489299 0.474295727868708
201  -1.02826545966117 0.451285805346126
202   -1.2310434976483  0.42304381689637
203  -1.43172209728396 0.389691530391806
204  -1.62998787927978 0.351369848254944
205  -1.82560097729233 0.308229803373145
206  -2.01840523357385   0.2604231988947
207  -2.20832489523146 0.208095386597867
208  -2.39535337640646 0.151380949558331
209  -2.57954129859489 0.0904013508342844
210   -2.7609885310927 0.0252629972061635
211  -2.93984136949114 -0.0439454183840182
212  -3.11629354098559 -0.11715661514394
213  -3.29058884813727 -0.194329059041948
214  -3.46302342327893 -0.275451071551394
215  -3.63394613787948 -0.36054363167961
216  -3.80375632373497 -0.449660733918322
217  -3.97289849245651 -0.542886222407096
218  -4.14185420221251 -0.640326192880395
219  -4.31113167786368 -0.74209637495473
220  -4.48125428982339 -0.848304424619844
221  -4.65274952734454 -0.959027785224455
222  -4.82614055951544 -1.07428863946893
223  -5.00194265619228  -1.1940282572023
224  -5.18066639013033 -1.31808339218459
225  -5.36282851559348 -1.44616694290434
226  -5.54896988762711 -1.57785377536396
227   -5.7396783482411 -1.71257080749567
228  -5.93561401926014 -1.84958899096912
229   -6.1375356624439 -1.98801448081961
230  -6.34633066845261  -2.1267776023072
231  -6.56306315208583 -2.26462343630419
232  -6.78908345976367 -2.40011752808806
233  -7.02620185653838 -2.53163541671365
234  -7.27668049271643 -2.65716686706753
235  -7.54290839701651 -2.77391804464231
236  -7.82709665860244 -2.87796721955034
237  -8.13103954421082 -2.96399239112517
238  -8.45566077433535 -3.02497191913098
239  -8.80007643591599 -3.05194105998301
240  -9.16006676835249 -3.03416849567175
241  -9.52636990494272 -2.96033666368481
242  -9.88436228513829 -2.82078982964096
243  -10.2172324115261 -2.60842243389663
244  -10.5091345605962 -2.31446133345353
245  -10.7330305354559 -1.93570887242429
246  -10.8221177742197 -0.868176428744259
247  -10.7244308579109 -0.211690953829762
248  -10.6162895342279 0.288043041236785
249  -10.4323600786278 0.802923068028072
250  -10.0937296338519  1.36958349347378
251  -9.62419330554873  1.84919464508799
252  -8.71066082946477  2.37537629232555
253  -7.71845595831044  2.69699657057432
254  -6.77033702335669  2.92963709116687
255  -5.84009481237928  3.16439368560121
256  -4.91970554683176  3.43425790396384
257  -3.99255948806796  3.73087793546058
258  -3.02221155922621  4.01592987651068
259  -2.05195543363152  4.23430441614702
260   -1.0930456219791  4.37536402854543
