// Id               X                Y
  1  -0.104918372987677   4.4489904297409
  2  0.896093513026291  4.39750828502336
  3   1.88714080838654  4.24737880666716
  4   2.80061631029516  4.02145345955086
  5   3.66443554801052  3.66559292831818
  6   4.52022000408413  3.27107080871534
  7   5.37824990982734  2.90156381635967
  8   6.24985841270317  2.58144189631226
  9   7.12956782379822  2.31049184327586
 10   8.00260709651541  2.04127648227773
 11   8.79225727650222  1.66243907130392
 12   9.17251343414487  1.38224299751305
 13   9.52363619759915 0.994755372697082
 14   9.72919988243855 0.451184393549778
 15   9.56409123785376 -0.147723799921054
 16   8.85846851764912 -0.388142442144964
 17   8.35860378068016 -0.288318060780426
 18   8.25245861589499 -0.247915531893368
 19   8.19189575814007 -0.221706625751681
 20   8.13290119053701 -0.193972178469318
 21   8.07452689298724 -0.164359014505943
 22   8.01163945991414 -0.130074528654038
 23   7.93969027928573 -0.0877964873037073
 24   7.85679725182106 -0.0350835827037447
 25   7.76319725901579 0.029538010673638
 26   7.66027611561099 0.106704500365092
 27   7.54985035788786 0.196355802645371
 28   7.43373552926863 0.297839574586738
 29   7.31353487692696 0.409998236630417
 30   7.19053707832416 0.531285224684568
 31   7.06562290672023 0.659974817797878
 32   6.93920439934463 0.794409770384535
 33   6.81127863668341 0.933139155551276
 34   6.68155333394071  1.07493535437636
 35   6.54955795012181  1.21877184353781
 36   6.41471608723272  1.36380078189916
 37    6.2763883652171  1.50933315910647
 38   6.13389656793917  1.65481881748394
 39   5.98653722172229  1.79982445006394
 40   5.83359324170885  1.94400660034424
 41   5.67435499100348  2.08707493707149
 42   5.50816133896793  2.22874398629215
 43   5.33446045829412  2.36868217523675
 44   5.15287429741258  2.50647644339495
 45   4.96324494296914  2.64162640088447
 46   4.76564974112931  2.77356729530932
 47   4.56038518125863  2.90170933243231
 48     4.347928283589  3.02547853878644
 49   4.12888701825658  3.14434865301449
 50   3.90395004184579  3.25785968924641
 51   3.67384292338517  3.36562376398769
 52   3.43929462799569  3.46732148273189
 53   3.20101524796007  3.56269290728621
 54   2.95968409689433  3.65152665532549
 55    2.7159461406553  3.73364977233828
 56   2.47041396461685  3.80892012392549
 57   2.22367174401726  3.87722232767435
 58    1.9762768826603  3.93846759162946
 59   1.72875439159762   3.9925970510865
 60   1.48157950028058  4.03958713039102
 61   1.23514670735841    4.079454168587
 62   0.98972951695953   4.1122545705327
 63  0.745443340942898  4.13807712719677
 64  0.502229028952674  4.15702681843009
 65  0.259868629114291  4.16920365915795
 66  0.0180285904697043  4.17468292203062
 67  -0.22368704677883  4.17350176912872
 68  -0.465686725427806  4.16565365727985
 69  -0.708343955244617  4.15108997763565
 70  -0.951946654084061  4.12972902930189
 71  -1.19664779053076  4.10147233736186
 72  -1.44243363173591  4.06622546956882
 73  -1.68912276010182  4.02391747625084
 74  -1.93639319635457  3.97451353887503
 75  -2.18382244461623  3.91801909884042
 76  -2.43092463950513  3.85447744729047
 77  -2.67717597436775  3.78396438616562
 78  -2.92202702639188  3.70658327100565
 79   -3.1649050653018  3.62246258934205
 80  -3.40521098441415  3.53175704893048
 81  -3.64231535834171  3.43465226547807
 82  -3.87555739612956  3.33137250852942
 83   -4.1042497982159  3.22219040174767
 84  -4.32769186450197  3.10743681142738
 85  -4.54519246448833  2.98750835632528
 86  -4.75610334653013  2.86286921754317
 87  -4.95986142294052  2.73404368427192
 88   -5.1560360284151  2.60159682953032
 89   -5.3443740523617   2.4661035141679
 90  -5.52483320689552  2.32811064253967
 91   -5.6975930199676  2.18810305057204
 92  -5.86303641404537  2.04648656396098
 93  -6.02170343069692  1.90359834703367
 94  -6.17423054774853  1.75974314498382
 95  -6.32129537663796  1.61524146674941
 96  -6.46357947709831  1.47047390613593
 97  -6.60174752008651  1.32591522813397
 98  -6.73643238399422  1.18216065712795
 99  -6.86821564799541  1.03994858228181
100  -6.99759475699827  0.90018249487573
101  -7.12492747288628 0.763954581964473
102  -7.25034328431344 0.632571768401973
103  -7.37362532767692 0.507567313310549
104  -7.49411368360501 0.390638262163408
105  -7.61070843270924 0.283454363370291
106  -7.72196806806694 0.187407828001887
107  -7.82623663235291 0.103428337021529
108  -7.92183347348575 0.0318648438708301
109  -8.00743288877766 -0.0276433734091445
110  -8.08274485489077 -0.0763493242697081
111  -8.14946800295461 -0.116613262905321
112  -8.21195262201323 -0.151843505152612
113  -8.27528704173856 -0.185102183022079
114  -8.34049178137669 -0.216758542347809
115   -8.4584924648521 -0.267435569098744
116  -8.95886603746797 -0.391818251155801
117  -9.68002677886496 -0.191532369309483
118  -9.87999319422742 0.352388631763691
119  -9.71635545223872 0.920287736186253
120  -9.39305956573429  1.32636470609243
121  -9.02869613282272   1.6237698130729
122  -8.25168366528307  2.02392232433947
123  -7.38496402467521  2.29953843831915
124  -6.50910833417195  2.56551353241103
125  -5.63974915202225    2.873853628991
126  -4.78329122814767  3.23044292897629
127  -3.93950941319287  3.62447682360092
128  -3.08045850231064  3.96133700981669
129  -2.12110726671972   4.2113905467719
130  -1.10319089094749   4.3544080487327
131  -0.132501294935313  5.03272611006098
132  0.874440932438652  4.99345717921914
133   1.84928324292192  4.85087308490613
134   2.82170557757977  4.60357549136554
135   3.80304480351409  4.24380222895124
136     4.750811661916  3.83895253186956
137   5.65063168725814  3.45716021539395
138   6.59773776109832  3.09211377638564
139   7.58661722176494    2.724811990705
140   8.57455757267654  2.29663983594715
141   9.53696025841755  1.72610273827042
142   10.0552123430377  1.23059488328329
143   10.4077205415068 0.708130764402916
144   10.6151007671585 0.239458810585837
145   10.7470147280367 -0.224813117487898
146   10.8338520612076 -0.741559742484303
147   10.8068499161692 -1.40244856339846
148   10.6609322942299 -1.82385338483657
149   10.4385601843029 -2.17635361672512
150   10.1600911688858 -2.46128852998186
151    9.8404937458985 -2.68095632997733
152   9.49449567127245 -2.83687670669496
153   9.13683431720903 -2.93243326846121
154   8.77957399320967 -2.97389786648257
155   8.43090820435973 -2.96913827952702
156   8.09558189256044 -2.92613879016672
157   7.77587156994927 -2.85216892480043
158   7.47246287569163 -2.75350432846328
159   7.18504211402001 -2.63541709539651
160   6.91267801402882 -2.50226414872913
161   6.65413236056627 -2.35764057454062
162   6.40810833753883 -2.20457174217017
163   6.17335754518874 -2.04565628680046
164   5.94868563702622 -1.88313241141877
165   5.73294719837365  -1.7189126879659
166    5.5250578676014 -1.55461878775826
167   5.32401619802926 -1.39162118257489
168   5.12892649893865  -1.2310803807724
169   4.93901754277821 -1.07398487107455
170   4.75365214015463 -0.921179825555955
171   4.57231999027841 -0.773379311426516
172   4.39460668553951 -0.631157635442818
173   4.22014148748062 -0.494926304959172
174     4.048540021428 -0.36491448588503
175   3.87936139667311 -0.241169965034517
176   3.71208999339839 -0.123585257338795
177   3.54614058236166 -0.0119416673451127
178   3.38087917186256 0.0940402329978424
179   3.21565106669161 0.194653557150354
180   3.04980941423685 0.290167388070304
181   2.88273994905067 0.380800582200365
182    2.7138797224625 0.466706730407021
183   2.54272903822224 0.547968525155009
184   2.36885674597288 0.624599200524561
185   2.19189977390299 0.696548564403223
186   2.01155859456563 0.763711208801671
187   1.82759136437399  0.82593471865111
188   1.63981067450942 0.883026195301111
189   1.44808775004589  0.93475633308856
190    1.2523685992141 0.980861747878708
191   1.05270372930966  1.02104809409095
192  0.849286709118962  1.05499799755556
193  0.642488509187312  1.08238760998887
194  0.432869936351265  1.10291243988162
195   0.22116108128348  1.11631790980221
196  0.00821360176861134  1.12242672785145
197  -0.205055913428182  1.12115695795978
198  -0.417718260747546  1.11252939904031
199  -0.628881101332389  1.09666519432626
200  -0.837742268896592  1.07377353494575
201  -1.04364284641701  1.04412922029703
202  -1.24610338801235   1.0080434069542
203  -1.44482918985186 0.965834798005859
204  -1.63968643649926 0.917808057696483
205  -1.83066424127173 0.864241700825634
206  -2.01783884418796 0.805383191381459
207  -2.20134936987223 0.741447150796253
208  -2.38138687650501 0.672613194864635
209  -2.55819367432744 0.599021598571963
210  -2.73206824576293 0.520766646141391
211  -2.90337138137921 0.437888712788121
212  -3.07253020114119 0.350366824855693
213  -3.24003785354416  0.25811380165675
214  -3.40644759544344   0.1609762390218
215  -3.57236065883485 0.0587416066293999
216  -3.73840798547365 -0.0488454799061172
217  -3.90522682059292 -0.162056415360522
218  -4.07343455007234 -0.281141246847808
219  -4.24360410655541 -0.406283378972239
220  -4.41624741815996 -0.537552383246709
221  -4.59181469748366 -0.674864316968871
222  -4.77071589597306 -0.817959748350373
223  -4.95336413071526 -0.966404583190882
224  -5.14023018797765 -1.11960740508239
225  -5.33189004716926 -1.27683681805942
226  -5.52905218324501 -1.43722344850026
227  -5.73256390980253 -1.59974224788087
228  -5.94340367856281 -1.76317957813541
229   -6.1626660200805  -1.9260912506828
230   -6.3915439814495 -2.08675636030459
231  -6.63131489717137 -2.24313040659767
232  -6.88333647042299 -2.39279694676751
233  -7.14904477867656 -2.53290103840712
234  -7.42989547937331 -2.66002451051379
235  -7.72716390292913 -2.76998659346496
236  -8.04160686294184 -2.85763655263605
237  -8.37303750732597 -2.91672113533669
238  -8.71974874997736 -2.93987181335295
239  -9.07767661165049 -2.91883349951202
240  -9.43940684244036 -2.84519432450861
241   -9.7936124675118 -2.71177511417377
242  -10.1260081715031 -2.51401251550391
243  -10.4220206092275 -2.24923699676785
244  -10.6669076439909 -1.91396106782049
245  -10.8399061386008 -1.50695351268944
246  -10.9116131473721 -0.859918184240607
247  -10.8607909536407 -0.339402390897419
248  -10.7613796850527 0.131842744787289
249  -10.5859733758164 0.608301649040184
250  -10.2682567681074    1.142217421282
251  -9.77366828683596  1.66160078634094
252  -8.83025951641518  2.26347913077135
253  -7.84769246082886  2.70737089357798
254  -6.85707131255209  3.07613179091039
255  -5.90111950321121  3.43519807658517
256  -4.99447843212549  3.80762017154513
257   -4.0377497885914  4.20309986481885
258  -3.05666678091347  4.54803534927036
259  -2.06814144356587   4.8039092409306
260  -1.10538564629519  4.96329324009937
