// Id               X                Y
  1  -0.102898715637606  3.79302408489138
  2  0.825267315897657  3.75525978701882
  3   1.75929180951618   3.6333750286673
  4   2.70301832703801  3.42496209651879
  5   3.62221646026769   3.1483779327361
  6   4.48362615925806  2.83500112068434
  7   5.35760509265381  2.55903422243729
  8   6.24349686285074  2.32630041890911
  9   7.13225741491716  2.11893884502338
 10   8.01275994607639  1.90030288351503
 11   8.87327261471504  1.61148775013176
 12   9.31891177058659  1.36186288390602
 13   9.71181400880973  1.00555176723675
 14   9.97126878073117 0.431830549353344
 15   9.83609229954347 -0.107248407850827
 16   9.12179308742262 -0.352450976762733
 17   8.61235216429738 -0.245892798104479
 18   8.51379124287017 -0.211207036201208
 19   8.45488852538695 -0.188262484672492
 20    8.3976803118415 -0.164419558760441
 21   8.34007104085334 -0.138853947242034
 22   8.27544546747934 -0.108369156700397
 23   8.19898698807655 -0.0698625256985609
 24   8.10903869273417 -0.0212794927764499
 25   8.00609456423058 0.0385037724332803
 26   7.89168965704943 0.109874622866897
 27   7.76768064648563 0.192630595381919
 28   7.63588937961821 0.286058665543192
 29   7.49800767682974 0.388960215671043
 30    7.3555701793687 0.499711822757937
 31    7.2097645088496 0.616529025835206
 32   7.06119307499182 0.737830384669102
 33   6.90993174943849   0.8623536022791
 34   6.75575244925764 0.989076158381765
 35   6.59827604609174  1.11714284704278
 36   6.43705210209055  1.24582677982999
 37   6.27160929019947  1.37450043602368
 38   6.10149566796647  1.50260833576974
 39   5.92631507813896  1.62964140243944
 40   5.74576047209275  1.75511569837151
 41   5.55964162765782  1.87855866019016
 42   5.36790337899409  1.99950468985506
 43   5.17063136177664  2.11749955162958
 44    4.9680447118687  2.23211070899244
 45   4.76047780999271  2.34293961029934
 46   4.54835493227164  2.44963228454879
 47   4.33216215049466  2.55188594997033
 48   4.11242025315493  2.64945091177391
 49   3.88966132699474  2.74212826243346
 50   3.66441040979399   2.8297645798963
 51   3.43717257095066   2.9122450061324
 52   3.20842496868688  2.98948596509608
 53   2.97861280607085  3.06142852681245
 54   2.74814755485307  3.12803315226823
 55    2.5174053010668  3.18927627897812
 56   2.28672275952305  3.24514886710432
 57   2.05638887960345  3.29565653228973
 58   1.82663167783467  3.34082024421697
 59    1.5976031943497   3.3806760145704
 60   1.36936899635603  3.41527205471458
 61   1.14190946058453  3.44466296981191
 62  0.915135875478469  3.46890229934427
 63  0.688917111983455  3.48803586987711
 64  0.463107580769247  3.50209801992677
 65  0.237567776375276  3.51111116807587
 66  0.0121732795051674  3.51508766048954
 67  -0.213187051862107  3.51403218018296
 68  -0.438619902174736  3.50794322836313
 69  -0.664238210777799  3.49681291811238
 70  -0.890168376211788  3.48062522938591
 71  -1.11654907918343  3.45935375555187
 72  -1.34351871687311  3.43296057968976
 73  -1.57119227524757  3.40139787111736
 74  -1.79963358352615  3.36461278453863
 75  -2.02883235513442  3.32255457030644
 76  -2.25869385165345    3.275181552509
 77  -2.48904264438343  3.22246583936024
 78  -2.71963546404243   3.1643951246919
 79  -2.95017592092012   3.1009724987813
 80  -3.18032600063195  3.03221585241608
 81  -3.40971280401204  2.95815822398658
 82  -3.63793162441045   2.8788498213009
 83  -3.86454754644981  2.79436187123356
 84  -4.08909777651714  2.70479204928835
 85  -4.31109648756529  2.61027097365042
 86  -4.53004343464137  2.51096903090953
 87  -4.74543706491085  2.40710259323475
 88  -4.95679225326656  2.29893852132194
 89  -5.16366205879737  2.18679582539369
 90  -5.36566199306314  2.07104361993662
 91  -5.56249431238904  1.95209517537492
 92  -5.75396903388472  1.83039893794838
 93  -5.94001807739933  1.70642863368489
 94  -6.12069947534017  1.58067553236812
 95  -6.29619004360763  1.45364608024727
 96  -6.46676688780828  1.32586712410928
 97  -6.63277978488398  1.19789912525621
 98  -6.79461686007945  1.07035594889348
 99  -6.95266444018754 0.943929013553382
100  -7.10725790522591 0.819414809999621
101  -7.25860942943139 0.697751577221678
102  -7.40667207449913 0.580088501750974
103  -7.55092832678975  0.46787868239064
104  -7.69031351691267 0.362811134899874
105  -7.82342528715019 0.266494330204476
106  -7.94870850504349 0.180197977876585
107  -8.06449534724908 0.104769999143671
108  -8.16909239694429 0.0405943392603382
109  -8.26110098075813 -0.0125072652285512
110  -8.34010011377961 -0.0554637160820968
111  -8.40774997103162 -0.0902416399532745
112  -8.46894198452544 -0.120065078652766
113  -8.53076343987081 -0.148589653841012
114  -8.59591189660655 -0.176872239814163
115    -8.710965256016 -0.222318474767683
116  -9.22057209370943 -0.354834565970494
117  -9.95347783160943 -0.159373597975395
118  -10.1298336331291 0.353431829992761
119  -9.92863201609314 0.933845238528992
120  -9.57028822795927  1.31539475196363
121  -9.14670420552436  1.58926323186176
122   -8.3022463945547  1.90668820861681
123  -7.42974004502616  2.13132128558768
124   -6.5453104208162   2.3275705822839
125  -5.66082203832169   2.5394927077817
126  -4.78550375412701  2.79227112565096
127  -3.92335544956069  3.08854146014431
128  -3.05940499465912  3.38038081907638
129  -2.15802162201288  3.59331301121532
130  -1.13142670324515  3.71088638856495
131  -0.125478277282076  4.37920400686072
132   0.85876254036166  4.34657269183638
133   1.82440418777662  4.21971738803745
134   2.76981418863247  4.00956413497765
135   3.70136312122486  3.73557870011795
136    4.6208953134033  3.43471443013281
137   5.53164328676132  3.15304931011736
138   6.45215652063578  2.90923816439147
139   7.39328268240551  2.67980953453471
140   8.39659987880959  2.37982226053823
141   9.34315165447036  1.89459910287076
142   9.84335607959717  1.44863663919654
143   10.2286153301659 0.909642951974597
144   10.4624964361683 0.401859238677744
145   10.6148682994917 -0.0858079047439411
146   10.7691239888714 -0.731301147999969
147   10.7714480592575 -1.80877597366332
148    10.574246628304 -2.21652995425366
149   10.3019012039093 -2.53735846153132
150   9.98160810055151 -2.77668854028041
151    9.6306619478766 -2.94244788647767
152   9.26667129244458 -3.04085933594959
153   8.90525576422664 -3.08073726235467
154    8.5567532448553 -3.07296984953807
155   8.22628732748599 -3.02823570344165
156   7.91541133342097 -2.95565606268748
157   7.62368201977236 -2.86249974780486
158   7.34965543364918  -2.7543717485274
159   7.09136673040318 -2.63548341973931
160   6.84658062250555 -2.50890007435585
161   6.61313024568463 -2.37687374629989
162   6.38926831282614 -2.24123799974817
163   6.17368677617789  -2.1036117658116
164   5.96534896057252 -1.96541974633561
165   5.76338117494981 -1.82788869975793
166   5.56702956527623 -1.69205826463769
167   5.37563809386302 -1.55879495507665
168   5.18862931622205 -1.42880334322109
169   5.00548291418146 -1.30263394600875
170   4.82571215597262 -1.18068986559446
171   4.64884126493522  -1.0632354452926
172   4.47438761586417 -0.950409864683188
173    4.3018517416499 -0.842246838468671
174   4.13071606286595 -0.738699353866712
175   3.96045117666343 -0.639666772853837
176   3.79052725180662 -0.545021158222989
177   3.62042774134537 -0.45463019610885
178   3.44966297578245 -0.368375091547239
179   3.27778186081293 -0.28616285407165
180   3.10438059960419 -0.20793321519942
181   2.92910797400226 -0.133660965472226
182   2.75166726104907 -0.0633548066610461
183   2.57181540217335 0.0029460492022266
184   2.38936064694654 0.0651762985022538
185     2.204160532851 0.123248887109115
186   2.01612250293594 0.177058524534647
187   1.82520918116899 0.226484238915355
188   1.63144864580126 0.271391675932096
189   1.43494677871652 0.311636562471647
190   1.23589526724106 0.347070728454719
191   1.03456811274855 0.377550854456843
192  0.831303793530882 0.402948194633698
193  0.626477540670796 0.423156392787239
194  0.420473120964632  0.43809522263071
195  0.213662796887036 0.447710075052102
196  0.00639945778508382 0.451968793288791
197  -0.200979989900686 0.450858110200141
198  -0.408143966128959 0.444381555281821
199  -0.614753604011484  0.43255976292676
200  -0.820453771263461 0.415432999294847
201  -1.02487279083206 0.393064638972419
202  -1.22763405685939 0.365543521562529
203  -1.42837888649146 0.332983056823809
204   -1.6267947646026 0.295516041248206
205   -1.8226395585883 0.253286136577989
206  -2.01575371965851 0.206438594946645
207  -2.20605879642743  0.15511280505623
208  -2.39354712765562 0.0994376653614835
209  -2.57826988944973 0.0395290482420992
210  -2.76032860731416 -0.0245121294257146
211  -2.93987168341833 -0.0926024019306527
212  -3.11709486397818 -0.164679204064619
213  -3.29224352349532 -0.240704926204096
214  -3.46561471054469 -0.320670748062395
215  -3.63755744540074 -0.404599190253465
216  -3.80847037977881 -0.492544260460309
217  -3.97879647715867 -0.584588129869469
218  -4.14901485414347 -0.680833452206831
219  -4.31963039765073 -0.781390765510369
220  -4.49116228463521 -0.886360938392412
221  -4.66413306536514 -0.99581334638347
222  -4.83906041762597 -1.10976130649808
223  -5.01645382724146 -1.22813703624741
224  -5.19681805319774 -1.35076869056784
225   -5.3806641678702 -1.47736153795802
226  -5.56852742455159 -1.60748401019674
227  -5.76098981213631 -1.74055762084678
228  -5.95870474470422 -1.87584838877592
229  -6.16242258339834 -2.01245713164015
230  -6.37301942522953 -2.14930723127529
231  -6.59154258212116 -2.28513307479847
232  -6.81931353413626 -2.41848132548733
233  -7.05809896654843 -2.54769982058147
234  -7.31012605204849 -2.67075826936701
235  -7.57777426761203  -2.7848603774584
236  -7.86324955619562 -2.88608592669702
237  -8.16832802773384 -2.96910878514845
238  -8.49389768086485 -3.02689744168607
239  -8.83901756236713 -3.05047576847589
240  -9.19938145833155 -3.02910855488464
241   -9.5655946194628 -2.95150101189442
242    -9.922833846191 -2.80808581140846
243  -10.2540383335379 -2.59195329749543
244  -10.5431888662669 -2.29456047734443
245  -10.7631690763739 -1.91313137042424
246  -10.8400151312455 -0.842095953694507
247   -10.735336784246 -0.187936534860863
248  -10.6221137460346 0.310195621304166
249  -10.4338768348459 0.821362010622933
250  -10.0910285303178  1.38356574794616
251  -9.61856041445936  1.85816567297542
252  -8.69273814946115   2.3793762984692
253  -7.69185634968897  2.69148297377395
254   -6.7468348101699  2.91286148201342
255  -5.82142206055804  3.13733290692885
256  -4.90559275360624  3.39790882860962
257  -3.98051643968101  3.68701648690074
258  -3.01002798286044  3.96659074954071
259   -2.0405598922458  4.18079176562481
260  -1.08694078180504  4.31820182444091
