// Id               X                Y
  1  -0.725167744202677  14.7442460280324
  2  0.347019870176221  14.7001407315312
  3   1.40175943008623  14.5297031747283
  4   2.42332113271194  14.1757999540745
  5     3.356318488212  13.6414446077401
  6   4.15323302664776  12.9572969383179
  7   4.78518940353989  12.1761466167221
  8   5.36899102077607  11.2984639733508
  9   6.00115027444212  10.4594560142185
 10   6.69293246858254  9.67261821956122
 11   7.36819278498477  8.86229724197351
 12   7.65402337690905  8.27812106154218
 13   7.72985414168703  7.63653934711908
 14   7.51964114743717  7.13245748575405
 15   7.09732804030479  6.87011772463005
 16   6.36222666005182  7.09064459696363
 17   6.16130240797092  7.25398995106006
 18   6.05970451221477  7.36437031823869
 19   5.96780443603666  7.48546416264309
 20   5.88395901691818  7.61963892078635
 21    5.8090281098182  7.76397703676725
 22   5.74387006418984    7.916059039149
 23   5.68763024547026  8.07399538200172
 24   5.63951139323875  8.23681767745723
 25   5.59815702086787  8.40395128535727
 26   5.56233333280082  8.57532726805293
 27   5.53064477784846  8.75128233062735
 28    5.5017118896559   8.9326984232748
 29   5.47390672945351  9.12209384522207
 30     5.444456446119  9.32996466390709
 31   5.41339915315567   9.5441309875694
 32   5.37926933429918  9.76219492877371
 33   5.34057123041874   9.9827019471071
 34   5.29593021118618  10.2045167030753
 35   5.24413953767222  10.4266816871981
 36   5.18418155830763   10.648335211916
 37    5.1152354551768  10.8686643133699
 38    5.0366765553794  11.0868830345956
 39   4.94806966508349   11.302227122513
 40   4.84915782830734  11.5139580637011
 41   4.73984747555084  11.7213715056704
 42   4.62019079499218   11.923806797698
 43   4.49036615850424  12.1206555887387
 44    4.3506574773902  12.3113682723994
 45   4.20143339000875  12.4954576980342
 46   4.04312715758237  12.6725000472127
 47   3.87621804844926  12.8421331338753
 48    3.7012148283972  13.0040526281914
 49   3.51864176525034  13.1580068290529
 50   3.32902732853549  13.3037906276411
 51   3.13289555048553  13.4412392359399
 52   2.93075983853638  13.5702221296098
 53   2.72311890797616   13.690637506903
 54   2.51045444132189  13.8024074227776
 55   2.29323007288191  13.9054736398684
 56   2.07189133025808  13.9997941551236
 57   1.84686622357438  14.0853403134058
 58   1.61856624285201  14.1620944017617
 59   1.38738759211523  14.2300476220126
 60     1.153712547641  14.2891983560654
 61  0.917910873517678  14.3395506604783
 62  0.680341259873287  14.3811129489766
 63  0.441352769394438    14.41389684056
 64   0.20128628871022  14.4379161651132
 65  -0.0395240143235987  14.4531861278336
 66  -0.280749225935993  14.4597226388795
 67  -0.522064214404746  14.4575418163531
 68  -0.763146152930098  14.4466596700277
 69  -1.00367304162302  14.4270919710081
 70   -1.2433222340096  14.3988543094932
 71   -1.4817689736886  14.3619623395798
 72  -1.71868494606966  14.3164322071047
 73  -1.95373684868651  14.2622811543397
 74  -2.18658498187953  14.1995282944926
 75  -2.41688186043038  14.1281955500148
 76  -2.64427084714719  14.0483087523894
 77  -2.86838481302057  13.9598989079788
 78  -3.08884483741432  13.8630036450697
 79  -3.30525897811648   13.757668871313
 80  -3.51722116718901  13.6439506872833
 81  -3.72431032596834  13.5219176185386
 82  -3.92608984131598   13.391653241436
 83  -4.12210760284597  13.2532592815257
 84  -4.31189686162182  13.1068592509369
 85  -4.49497822539896  12.9526026560088
 86  -4.67086314159967   12.790669743506
 87  -4.83905922334371  12.6212766621408
 88  -4.99907773411236  12.4446808013196
 89  -5.15044345604025  12.2611859444446
 90   -5.2927070264486  12.0711467607918
 91  -5.42545964774848  11.8749720838891
 92  -5.54834987708453  11.6731264115525
 93  -5.66110201003177  11.4661291340839
 94  -5.76353541438581  11.2545511639887
 95  -5.85558406761062  11.0390089048094
 96  -5.93731551559834  10.8201558568122
 97  -6.00894849602141  10.5986726223377
 98  -6.07086853457246  10.3752566825072
 99  -6.12364088878571  10.1506141547476
100  -6.16802022440631  9.92545693339036
101  -6.20495626158702  9.70051026695455
102  -6.23559411097192  9.47653780976126
103  -6.26126669750231  9.25439269194957
104  -6.28347368865567  9.03510313290998
105  -6.30383380658294  8.82001856545813
106  -6.32394045932466  8.61151628488606
107  -6.34421770952053  8.42151498002775
108  -6.36694040278944    8.239133167843
109  -6.39358764944741  8.06215583885319
110  -6.42548285791762  7.88999086131518
111  -6.46381425000618  7.72285353928897
112  -6.50945024806645  7.56189514031492
113  -6.56258081793866  7.40939494793679
114  -6.62277038181426  7.26758566920472
115  -6.69215975811177  7.13269540753339
116   -6.8360846378617  6.91638356878899
117   -7.4470670796242  6.44711801203509
118  -7.93634639227666   6.5298971150335
119  -8.30680705726639  6.91767641151352
120  -8.42999682105601  7.49419018144361
121  -8.30040613796476  8.10878140180546
122  -7.73843138109215  8.99029100491524
123  -7.10447732083974  9.77920712923422
124  -6.50239253870061  10.6027674529062
125  -5.96221580624764  11.4793312829708
126  -5.44276899893974  12.3309185922364
127   -4.7258647506628  13.1441526819853
128  -3.84733888069696  13.7955304375391
129  -2.86279120174398  14.2598467559672
130  -1.80578094460316  14.5418845313077
131  -0.801800124598368  15.3136777354421
132  0.296664644627963  15.2836540087687
133   1.38308375797161  15.1094485660349
134   2.42860141150812  14.7579422886428
135   3.39942178497969  14.2279997276477
136   4.26998473542618  13.5442365669118
137   5.01698556504466  12.7282819763264
138   5.66499092886818  11.8345673704536
139   6.33808683963895  10.9663648163078
140   7.05655648542418  10.1385550663414
141   7.72676781376598  9.27042460509565
142   8.03260470731778   8.6483143246252
143   8.14166181920671  7.95722449358999
144   8.01687436613804  7.25676845057709
145   7.82017832141633  6.56326070263098
146   8.20060355915443  5.89312075309933
147   8.32291938722844  5.32791322626686
148   8.03720044543815  5.06149936107227
149   7.66596432160064  4.95212312311601
150   7.29289394001916  4.92546243933353
151   6.92845402449208  4.94647196158482
152   6.57437132885955  5.00513899431624
153   6.23308602805224  5.09827032073522
154   5.90761715425929  5.22366145941062
155   5.60093743138555  5.37866302830056
156   5.31558290058363  5.56015969220949
157   5.05347610516318  5.76496703401673
158   4.81585362189918    5.990204745508
159   4.60333734926049  6.23308331210296
160   4.41690913044573  6.48810636039088
161    4.2531723201659  6.75108296471299
162   4.10902987087889  7.01654350479938
163   3.98094745360707  7.28027099896089
164   3.86545615123311  7.53938522563736
165   3.75941162528744  7.79198256538521
166   3.66006280058755  8.03681028103768
167   3.56504963805668  8.27304926900373
168   3.47238254804626  8.50017869876205
169   3.38041714070537  8.71789046018336
170   3.28782544277916  8.92603284629924
171   3.19356300190613  9.12457188269243
172   3.09683241246895  9.31356361912836
173   2.99704493039683  9.49313320246945
174   2.89378236693728  9.66345797245001
175    2.7867614212636  9.82475279423817
176   2.67580222518271  9.97725660288707
177   2.56080229564593  10.1212197610702
178   2.44171643407804  10.2568923262691
179   2.31854246023977  10.3845136522494
180   2.19131210320421  10.5043038757595
181   2.06008596913245  10.6164577607177
182   1.92495131627043  10.7211411365788
183   1.78602139871941  10.8184898607439
184    1.6434353499939  10.9086109499142
185   1.49735788919908  10.9915853321206
186   1.34797846291445  11.0674715994129
187    1.1955097171716  11.1363101809032
188   1.04018538908489  11.1981274713421
189  0.882257810287634   11.252939598259
190  0.721995239862983  11.3007556541573
191  0.559679218527364    11.34158033632
192  0.395602084113584   11.375416016535
193  0.230064730876325  11.4022643080619
194  0.0633746442054953  11.4221272146849
195  -0.104155796390676   11.435007945662
196  -0.272210778894979  11.4409114688354
197  -0.440472332564993  11.4398448580858
198  -0.608621468305485  11.4318174744243
199  -0.776339242094191  11.4168410040995
200  -0.943307797627817  11.3949293625526
201  -1.10921144314327  11.3660984594458
202  -1.27373781556796  11.3303658065902
203   -1.4365791820036  11.2877499368316
204  -1.59743392234672  11.2382695878895
205  -1.75600822523946  11.1819425919121
206  -1.91201801002942  11.1187844017596
207  -2.06519105820346  11.0488061831711
208  -2.21526929897873  10.9720124141003
209   -2.3620111489845  10.8883979656566
210  -2.50519376386681  10.7979446994137
211  -2.64461503469654  10.7006177057771
212   -2.7800951738105   10.596361422609
213  -2.91147780412151  10.4850959967433
214  -3.03863060845737  10.3667143562806
215   -3.1614458120139  10.2410805141155
216  -3.27984103975512  10.1080295908131
217  -3.39376136464267  9.96736991184635
218  -3.50318357683873  9.81888731376904
219  -3.60812379178639  9.66235153387574
220  -3.70864942878001  9.49752433197296
221  -3.80489631878603  9.32416887927474
222  -3.89709126614577  9.14206000466558
223  -3.98557984491121  8.95099512950504
224  -4.07085861742281  8.75080612715135
225  -4.15361038155747  8.54137287218738
226  -4.23474055702967  8.32263986256142
227  -4.31541252099483  8.09463799490865
228  -4.39707976471148   7.8575143967937
229  -4.48151335632448  7.61157439742823
230  -4.57082440497332  7.35734192566203
231  -4.66748235587461  7.09564925158412
232  -4.77432804327367  6.82777562239751
233  -4.89456708111861  6.55566471311602
234  -5.03168886297341  6.28224132810258
235  -5.18919017055917  6.01173776980609
236  -5.37006542516643  5.74952152404604
237    -5.577417692017  5.49956725163552
238  -5.81003442114935  5.26703928769419
239  -6.06705825439643  5.05418328077184
240  -6.34725025534527  4.86303843747552
241  -6.64943857951929  4.69589633046535
242  -6.97363329496714  4.55649074820957
243  -7.32313363584237  4.45528065295551
244   -7.7016129946276  4.42954075334498
245  -8.05540768861461  4.57785497579209
246  -8.13617762966316  5.14382125743783
247  -8.01324041133699  5.90234037310811
248  -8.44783727507261  6.47192237985687
249  -8.80364974235918  7.08156452941257
250  -8.89063043692819  7.76948494339003
251  -8.72673930989961  8.43676834116924
252  -8.17956898879155  9.38033703999993
253  -7.50309125640052  10.2351901396122
254  -6.84759374447778  11.1080248857353
255  -6.24291949572225  12.0231160676134
256  -5.59583834568302  12.9173230412804
257  -4.83336690407962  13.7191560933789
258  -3.94003820016425   14.368332489684
259  -2.94239519610261  14.8329082313444
260  -1.88492328646906  15.1272266999793
