// Id               X                Y
  1  -0.039814437350443 0.126489518649036
  2  0.880446087557459 0.141922439371382
  3   1.80346774595495 0.184425105315494
  4   2.72146475786618 0.251430575918529
  5   3.62093367142071  0.42737297426323
  6   4.48386661146279  0.73260981723009
  7   5.30146048535405  1.13668376820711
  8   6.09862727985851  1.57036004410683
  9   6.92849079287874  1.92905726443607
 10   7.82380120264492  2.05920004701907
 11   8.68150600982949  1.75665549933775
 12   9.00214854852189  1.35396182883726
 13   9.10715944212576 0.836506468851026
 14   8.93546431378515  0.35247632110574
 15   8.54315089253218 0.052765498267569
 16   7.75251192383591 0.0916030367167935
 17   6.77508412459248 0.386055654054143
 18   6.70502709084723 0.394428795277293
 19   6.68435866070727 0.396606731561391
 20    6.6550934950754 0.399467747747675
 21    6.6049326002396 0.403773271657233
 22   6.53616831569573 0.408489208013407
 23   6.45174834026486 0.412485911731919
 24   6.35374167947389 0.414785460201563
 25   6.24346893346998  0.41457015775492
 26   6.12176532026802 0.411167970591311
 27   5.98924600449891 0.404056084295629
 28    5.8465854686231  0.39289602544958
 29   5.69477712110955 0.377596027249158
 30   5.53527259428922 0.358368502442168
 31   5.36991422463772 0.335733434914107
 32   5.20069707731557 0.310443350512942
 33   5.02950082911819 0.283356794332374
 34    4.8579098214198 0.255313040693924
 35   4.68714918158867 0.227045112332029
 36   4.51810295492388  0.19913875886353
 37   4.35136869072907 0.172026603421645
 38   4.18731695496249 0.146002516410932
 39   4.02614091149109 0.121244528145006
 40   3.86789177324635 0.0978392263013777
 41   3.71250059121868 0.0758041023482586
 42   3.55978879639664 0.0551065216197721
 43   3.40947291805289 0.0356794706238574
 44   3.26117354497318 0.0174351953940269
 45   3.11443916495418 0.000277783738179342
 46   2.96878659940741 -0.0158854825679729
 47    2.8237474558183 -0.0311353346702274
 48   2.67890646815351 -0.0455354018916102
 49   2.53392436500972 -0.0591307133729244
 50   2.38854618021609 -0.0719488596324251
 51   2.24259947066346 -0.0840027284990977
 52     2.095986440496 -0.0952940092343237
 53   1.94867246855146 -0.105816934101155
 54   1.80067259778756 -0.115561872979768
 55     1.652037269243 -0.124518468341783
 56   1.50283858825362 -0.132678067881651
 57   1.35315849193195 -0.140035307220611
 58   1.20308045101961 -0.146588804238087
 59   1.05268687209844 -0.152341038815563
 60  0.902064423465389 -0.157297626053001
 61   0.75131704660871 -0.161466361037432
 62  0.600577787526693 -0.164856561588028
 63  0.449999496730709 -0.167479016104484
 64  0.299707951508619 -0.169346014202608
 65  0.149732457122151 -0.170470183511095
 66  -3.53184159792322e-05 -0.170861488910713
 67  -0.149803761377656 -0.170523678567121
 68  -0.299781207403451 -0.169452683125488
 69  -0.45007582655437 -0.167638163051863
 70  -0.600658046956205 -0.165067034262395
 71  -0.751401794107497 -0.161726469509535
 72  -0.902153981314791 -0.157605070077706
 73   -1.0527814295368 -0.152692834416323
 74  -1.20318017773201 -0.146981198336668
 75  -1.35326365837501 -0.140463678421388
 76  -1.50294967908319 -0.133136822095857
 77  -1.65215504724641 -0.125000944629836
 78  -1.80079805433177 -0.116060277944438
 79  -1.94880659502515 -0.106322323027399
 80  -2.09612977280067 -0.0957963285525144
 81  -2.24275138946204 -0.0844909268622623
 82  -2.38870398401952 -0.0724110649342499
 83  -2.53408216117391 -0.0595544626405405
 84  -2.67905394870844 -0.0459079020932254
 85  -2.82386866677796 -0.0314437238488435
 86   -2.9688589257447 -0.0161170461294858
 87  -3.11443296254622 0.000135514048250597
 88  -3.26105302977064 0.0173945642603491
 89  -3.40919875097764  0.03575314815188
 90  -3.55932208875388 0.0553083135454095
 91  -3.71180726725065 0.0761500509950304
 92  -3.86694621361138 0.0983488932600638
 93  -4.02492862016909 0.121942410617387
 94  -4.18583675057867  0.14691960828693
 95  -4.34963504488001 0.173202070481693
 96  -4.51614880990479 0.200621550165059
 97  -4.68502918841544 0.228895099464496
 98  -4.85570340559792  0.25760096682133
 99  -5.02731362771192 0.286161977206583
100  -5.19865813358778 0.313847947103961
101  -5.36816558337943 0.339812639026427
102  -5.53394935895834 0.363177864860856
103  -5.69398152274453 0.383159862655555
104  -5.84636630392409 0.399202336660773
105  -5.98959627310946 0.411060664018553
106  -6.12263959662947 0.418804550469939
107  -6.24480842556906 0.422760587650213
108  -6.35549408638241 0.423446308037937
109  -6.45387825742869 0.421531529673226
110  -6.53866019638641 0.417832857828542
111  -6.60778848260494 0.413327824132507
112   -6.6583202363267 0.409147569417771
113  -6.68787653350091 0.406343064232384
114  -6.70832507574991 0.404244182245283
115   -6.7804029519924 0.395793768990975
116  -7.75922932954657 0.0994738583041785
117  -8.54998783693572  0.05601168786562
118  -8.94572642698873 0.351482950520817
119  -9.12542891947559 0.832413770024778
120  -9.03229609007519  1.35048559489795
121  -8.72282211266434  1.76034153091995
122  -7.87400471739678  2.08380445984977
123  -6.97758622665634  1.96759838256004
124  -6.14604779630139  1.61416618649578
125  -5.34969131940173  1.17946164650108
126  -4.53456272200876 0.769272856279933
127   -3.6734672768294  0.45358820906504
128  -2.77310968392561 0.264230971821575
129  -1.85601641051075 0.178966971650449
130  -0.947712636548541 0.116821257730787
131  -0.0300215982383068 0.718159451549168
132  0.863620604321451 0.735446775697193
133   1.75659356187411 0.774804603821624
134   2.64628635231686  0.85988597967333
135   3.52208217633778   1.0375952126955
136   4.36597197315627  1.33965742052652
137   5.17385684104486  1.74154249733878
138   5.97453022518264  2.17472417235263
139   6.81925437619091  2.53168190171548
140   7.72921829311381  2.65775376315769
141    8.6117778063326  2.39532659586322
142   9.10776702758146  1.92670288118481
143   9.37882090354832  1.29133815129471
144   9.41521367818947 0.587094803259417
145    9.3320518464582 -0.112844187412086
146   9.32427696189913 -0.842618107331383
147   9.24384262405536 -1.14792914546579
148   9.11374363459342 -1.39458131323483
149   8.92760696883651 -1.62464778741978
150    8.7082514012621 -1.81670453644179
151   8.47492850162918 -1.96892184142836
152   8.23832374152214  -2.0876335296992
153   8.00464898915764 -2.17979301395543
154   7.77756767728848 -2.25151753981637
155   7.55919053881335 -2.30785457019373
156   7.35065323408942 -2.35283278674586
157   7.15241170375802 -2.38959643850992
158   6.96432372118986 -2.42056044198372
159   6.78561283565244 -2.44756284583042
160   6.61485968719511  -2.4720024753569
161    6.4501424328143 -2.49495176763672
162   6.28931943204717 -2.51723981874999
163   6.13033338664649 -2.53950842741777
164   5.97142450908593 -2.56224813813713
165   5.81122134470779   -2.585820927053
166   5.64873858603636 -2.61047435990227
167   5.48332623955735 -2.63635070199505
168   5.31460405503083 -2.66349368099175
169   5.14240009172266 -2.69185500818403
170   4.96670155877323 -2.72130212327565
171    4.7876204456509 -2.75162795179257
172   4.60537332785041 -2.78256299934307
173   4.42027069018123  -2.8137901949302
174   4.23270573304895 -2.84496330552483
175   4.04313153205629 -2.87572918293027
176   3.85202386428956 -2.90575176672166
177   3.65983900195013 -2.93473343341746
178   3.46697945015281 -2.96242952970185
179   3.27377432440021 -2.98865455115525
180   3.08047328376166 -3.01328104880338
181   2.88724965714028 -3.03623351939272
182   2.69420893552444 -3.05747951553264
183   2.50140028681862 -3.07701974165809
184   2.30882965754694 -3.09487839901248
185   2.11647328492071 -3.11109460649482
186   1.92429043308057 -3.12571535276354
187    1.7322340856364 -3.13879013333862
188   1.54025805868298 -3.15036720823104
189   1.34831845432773 -3.16049126756836
190   1.15636730053322 -3.16920215323197
191  0.964338671138666 -3.17653410495172
192  0.772136215813168 -3.18251483696698
193  0.579642142659035 -3.18716407385312
194  0.386764180960622 -3.19049233235985
195  0.193505424985455 -3.19250179962114
196  6.07012321725259e-06 -3.19319023971651
197  -0.19349378428505 -3.19255599279142
198  -0.386754080542523 -3.19060025714401
199  -0.579634757199205 -3.18732481858588
200  -0.772132936215453 -3.18272704510748
201  -0.964341106365891 -3.17679595586989
202  -1.15637717821713 -3.16951131781744
203  -1.34833746658282   -3.160844850092
204   -1.5402876821486  -3.1507616862537
205  -1.73227537736989 -3.13922129935403
206  -1.92434381542351 -3.12617825138221
207  -2.11653836293814  -3.1115834527361
208  -2.30890513597165 -3.09538645674891
209  -2.50148405727412 -3.07753913675607
210   -2.6942983898454 -3.05800095748139
211  -2.88734225471854 -3.03674591053148
212  -3.08056736910988 -3.01377097356135
213   -3.2738701654219 -2.98910565967992
214  -3.46708044765539 -2.96282186084899
215  -3.65995298089625 -2.93504276265851
216  -3.85216424509393 -2.90594911823425
217  -4.04331797000796  -2.8757807072658
218  -4.23296362470697 -2.84483075815041
219  -4.42062908752954 -2.81343217953143
220   -4.6058614637779 -2.78193691887198
221  -4.78826381353886 -2.75069235163198
222   -4.9675184902452 -2.72001902651534
223  -5.14339899299722 -2.69019197426941
224  -5.31578076662888 -2.66142548084626
225  -5.48466094296727 -2.63386055984367
226  -5.65019207387525 -2.60755470635128
227  -5.81273097830443 -2.58247361740422
228  -5.97290080968116 -2.55848413353656
229  -6.13165905972733 -2.53534700615035
230  -6.29035358200415 -2.51270748801473
231  -6.45073304385698 -2.49008121284596
232  -6.61486555080301 -2.46683213590779
233  -6.78493055079102 -2.44213795569723
234  -6.96290834741926 -2.41493628529613
235  -7.15027940301535 -2.38384371121599
236  -7.34786614929428 -2.34704358903809
237  -7.55583729204805 -2.30214691932476
238  -7.77375293102083 -2.24603687762176
239  -8.00049643457874 -2.17470971506882
240  -8.23399018074078 -2.08313465169116
241  -8.47062479353372 -1.96519313972198
242  -8.70426576569367 -1.81389410858805
243  -8.92433237297324 -1.62277866151548
244  -9.11161924049529 -1.39339161603589
245  -9.24240142267714 -1.14844576283618
246  -9.32389390142385 -0.84818955523498
247  -9.33754930839548 -0.118247100187052
248  -9.42940041549666 0.580209101507683
249  -9.40472443409249  1.28482911727056
250  -9.14588416455644  1.92592973031723
251  -8.65890304540524  2.40481908250765
252   -7.7809320481339  2.68349996680747
253  -6.86900049734748  2.56997668866306
254  -6.02155841521338  2.21831080313759
255  -5.22074871388825  1.78403223422125
256  -4.41528416436081  1.37610004665436
257   -3.5748319010048  1.06365470951416
258  -2.70197327493115 0.871447811609133
259  -1.81393314422058 0.770354436430394
260  -0.921325167425127 0.724448749607852
