// Id               X                Y
  1  0.0859161510857981  2.51920790638975
  2   1.00931496496141   2.5019890380507
  3   1.92261661623124  2.43913690621493
  4   2.82811598158244  2.30844184730508
  5   3.74274018631447  2.15598178994045
  6   4.65530730725248   2.0168130195149
  7   5.57639522674926  1.95072213397652
  8   6.49975642428896  1.95268743245695
  9    7.4220607685972  1.97125555654623
 10   8.34313933118214   1.9122776445867
 11   9.23516246514412  1.64558520405566
 12   9.65336811903658  1.31628821487326
 13   9.91787581379008 0.850055523950267
 14   9.91772329666234 0.341126935593028
 15   9.63342883242504 -0.0593171434713295
 16   8.88534859687697 -0.179897883833392
 17    8.0957750035449 0.0578586085003144
 18   7.80289002118621 0.182970461512272
 19   7.71877099420174 0.221644242282974
 20   7.66335030751532 0.247725282015833
 21   7.61266295963295 0.271982880960751
 22   7.55444458993334  0.30026099691717
 23   7.48434112663918 0.334874636144165
 24   7.40180439871745 0.376304519425536
 25   7.30777757092681 0.424249528225928
 26   7.20357977900483 0.478097144717709
 27    7.0904887142122 0.537118589682989
 28   6.96959868651167 0.600546618380145
 29   6.84178581258597 0.667615144810531
 30   6.70771465257066 0.737583143362213
 31   6.56786121524164  0.80975019110103
 32    6.4225422694562 0.883465586142358
 33   6.27194708927553 0.958131794803378
 34   6.11617056696809   1.0332029484506
 35   5.95524793470439  1.10817938860862
 36   5.78919160964264  1.18259963966421
 37   5.61802991140832  1.25603164934093
 38   5.44184558763625    1.328065582558
 39   5.26080965857378  1.39831058769825
 40   5.07520428577028  1.46639732084533
 41   4.88542892355412  1.53198634113192
 42   4.69198781095281  1.59478021342287
 43   4.49546242286358  1.65453549598336
 44   4.29647653135752  1.71107087566764
 45   4.09566179851345  1.76426945721544
 46   3.89362904142457  1.81407539792773
 47   3.69094685733325  1.86048652589542
 48   3.48812691583421  1.90354495763621
 49   3.28561427372251  1.94332737449896
 50   3.08378113617704  1.97993599413609
 51   2.88292306777238  2.01349069320771
 52   2.68325736747564  2.04412233232943
 53   2.48492388926758  2.07196712758723
 54   2.28798882337459  2.09716187257745
 55   2.09245177875008  2.11983987966475
 56   1.89825600630326  2.14012760755695
 57   1.70530098433824  2.15814201377795
 58   1.51345609715246  2.17398868336905
 59   1.32257394497715  2.18776074129705
 60   1.13250196560325  2.19953848181983
 61   0.94309144210682  2.20938957629328
 62  0.754203473123751  2.21736967603564
 63  0.565711951665647  2.22352321814953
 64  0.377503940892838  2.22788426491302
 65  0.189478016053817  2.23047724853061
 66  0.00154117927654072   2.2313175381379
 67  -0.186395099963292  2.23041178400025
 68  -0.374419248147385  2.22775802007183
 69  -0.562623941263627  2.22334552205139
 70  -0.751110036652484  2.21715442986328
 71  -0.939989617771881  2.20915515876268
 72  -1.12938760898967  2.19930764797986
 73  -1.31944136995105  2.18756053139202
 74  -1.51029772372615  2.17385035633272
 75  -1.70210705947338   2.1581010136047
 76  -1.89501449306797  2.14022356024608
 77  -2.08914852919484  2.12011660485241
 78  -2.28460814926788   2.0976673798283
 79  -2.48144961414658  2.07275355572068
 80   -2.6796743842697  2.04524578349881
 81   -2.8792193510339  2.01501091198772
 82  -3.07995008625735  1.98191584332064
 83  -3.28165721867556  1.94583206030086
 84  -3.48405556966602  1.90664095604027
 85  -3.68678552024549  1.86424016239963
 86  -3.88941631142897  1.81855104402774
 87  -4.09145153124178  1.76952734205273
 88  -4.29233773817597    1.717164582976
 89  -4.49147776087966  1.66150932899216
 90  -4.68825034390605  1.60266674720151
 91   -4.8820369975299  1.54080459176637
 92  -5.07225474049847  1.47615195651495
 93  -5.25839016100209  1.40899240586074
 94  -5.44002740996193  1.33965309326139
 95  -5.61686262526127  1.26849320389592
 96   -5.7887007410564  1.19589535414056
 97  -5.95543583279155  1.12226222970066
 98  -6.11702002486984  1.04801867324638
 99  -6.27342690244381  0.97361779169429
100  -6.42461389600155 0.899548949299949
101   -6.5704858289293 0.826345564465919
102  -6.71086000334128 0.754591005158097
103  -6.84543239546008 0.684921253796571
104  -6.97374480183485 0.618023262634482
105  -7.09515411991644 0.554628027708737
106  -7.20880780329105 0.495497211556207
107  -7.31363574294686 0.441400802154729
108  -7.40838399269825 0.393078080578793
109  -7.49175486556685 0.351157780688456
110  -7.56281520560594 0.315969290880464
111  -7.62204491712678 0.287078875929467
112  -7.67372313754451 0.262233988781598
113  -7.73035023376087 0.235429991567281
114  -7.81642537955065 0.195599469142497
115  -8.11054308020038 0.0687175590987446
116  -8.89967028853724 -0.174801657157696
117  -9.64920725015124 -0.0613608193328549
118  -9.93777101856426 0.336322476715641
119  -9.94275768485498 0.845448227558365
120  -9.68121800948735  1.31440106712572
121  -9.26323577175518  1.64661068731821
122  -8.36908465504981  1.91534810263287
123  -7.44501958494188  1.97487731173855
124  -6.51856397319736  1.95634804435591
125  -5.58984982532101  1.95417295392456
126  -4.66252765233455  2.01968494658589
127  -3.74350806134444  2.15882894923863
128  -2.82187688740037  2.30947965712791
129  -1.82563237882691  2.43209017742495
130  -0.86714063401324  2.47704633858113
131  -0.01563393681881    3.113806259221
132  0.923279849294679  3.09879742821033
133   1.86054825537792  3.02890718075143
134   2.79324004695431  2.90867040151348
135    3.7202966589309  2.76326934232943
136   4.64697427574041  2.63395765834099
137   5.57388910249192  2.56877968723973
138   6.50164675483496  2.57050318439337
139   7.43100791042518  2.58879206276018
140   8.36005989126541  2.52309325978695
141   9.24544005224561  2.23253004412448
142   9.75466063119754  1.85142247298568
143   10.1386664604278  1.31366008579311
144   10.3482040189512 0.657588819511978
145   10.4109342054406 -0.0276288939679178
146   10.4314999164896 -0.699470770056693
147   10.3504750889458 -1.14573000305825
148   10.2052723618051 -1.47840106663398
149   10.0008631296804  -1.7708438722635
150   9.75008687018133 -2.01645696939799
151   9.46467599478738 -2.21327888822396
152   9.15787474013244 -2.36085146552468
153   8.84157882000718 -2.46216666625609
154   8.52480890006385 -2.52269036832361
155   8.21360807018349 -2.54888771586422
156   7.91160645062426 -2.54717901095814
157   7.62068233792527  -2.5233987917263
158   7.34153124403473 -2.48258812601006
159   7.07410081501421 -2.42897260576692
160     6.817901255664 -2.36603007129871
161   6.57221622823609 -2.29659220634242
162   6.33623973251387 -2.22295023308384
163   6.10915990202743 -2.14695047512197
164   5.89020511572682 -2.07007423877099
165   5.67866303563436 -1.99350107971575
166   5.47387981536841 -1.91815695607888
167   5.27524503516396 -1.84475017529363
168   5.08216787599507 -1.77379898639831
169   4.89405113547091 -1.70565519541529
170   4.71027064418148 -1.64052791782771
171   4.53016670492613  -1.5785100991209
172   4.35305038762139 -1.51960788287824
173   4.17822216182728 -1.46377038407163
174   4.00499647564114 -1.41091632966182
175   3.83272555581826 -1.36095480285895
176   3.66081819777796 -1.31379911437121
177   3.48875237643503 -1.26937441826454
178    3.3160825291724 -1.22762049743898
179   3.14244306216699 -1.18849124910595
180   2.96754943944364  -1.1519521405658
181   2.79119761708981 -1.11797655788255
182   2.61326192590846 -1.08654168371121
183   2.43369101923691 -1.05762436710502
184   2.25250134704895 -1.03119737573179
185   2.06976784389586 -1.00722639753187
186    1.8856120355983 -0.985668119652315
187   1.70018837057969 -0.966469612611073
188   1.51367003482761 -0.949569084321442
189   1.32623566155692 -0.934897878830257
190   1.13805817465311 -0.922383431314562
191  0.949296598423759 -0.91195279496194
192  0.760091167759643 -0.903536339965272
193  0.570561617049576 -0.897071276267595
194  0.380808201039898 -0.892504740959569
195  0.190914835910194 -0.889796287703691
196  0.000953723512243678 -0.888919696301708
197  -0.189009116314049 -0.889864074145652
198  -0.378907893411434 -0.892634247393297
199  -0.568671103771782 -0.897250446013121
200  -0.758216021788752 -0.90374728575649
201  -0.94744411051042 -0.912172055454134
202  -1.13623791399474 -0.922582341968665
203  -1.32446005129391 -0.935043075032332
204  -1.51195489900505 -0.94962314941097
205   -1.6985533787677 -0.966391871210853
206  -1.88408094092937 -0.985415556862605
207   -2.0683683898351 -1.00675465887733
208  -2.25126471972606 -1.03046177576104
209  -2.43265075428093 -1.05658081313479
210  -2.61245224073165 -1.08514741264986
211  -2.79065121873496 -1.11619059304195
212   -2.9672949337414 -1.14973540170095
213  -3.14250214329476 -1.18580628778966
214  -3.31646715292329 -1.22443087481825
215  -3.48946212385487 -1.26564378907795
216  -3.66183803589175 -1.30949013008069
217  -3.83402421516924  -1.3560280013748
218  -4.00652569507798 -1.40532924203118
219   -4.1799170848378 -1.45747715500154
220  -4.35483138994576 -1.51255975179102
221  -4.53194281847284 -1.57065707819684
222  -4.71194444122063 -1.63182187337278
223  -4.89552445527965 -1.69605425602681
224  -5.08334730555022 -1.76327283233298
225  -5.27604592646071 -1.83328549066959
226   -5.4742280203566 -1.90576232541085
227  -5.67849427771339 -1.98021088959605
228  -5.88946259196316 -2.05595153944649
229  -6.10779107110567  -2.1320890860488
230  -6.33419332775103 -2.20747656392734
231  -6.56944052043617 -2.28066731298653
232  -6.81434460336923 -2.34985237811333
233  -7.06971558591494 -2.41278146350424
234  -7.33628219365276 -2.46666788080474
235   -7.6145603868452 -2.50808227775814
236  -7.90464839659271  -2.5328483630717
237  -8.20592194569913 -2.53596921485141
238  -8.51660317396608  -2.5116388794688
239  -8.83319133161347 -2.45343448510336
240  -9.14979683242923 -2.35483550677783
241  -9.45756710869602 -2.21023676625645
242  -9.74470152278356 -2.01643189280205
243  -9.99788206721934 -1.77370728097144
244  -10.2053028689469 -1.48390953453932
245  -10.3539918597222 -1.15370559556772
246  -10.4400526833067 -0.709421732407372
247   -10.427104310654 -0.0375837116306525
248  -10.3716316605905 0.648410806812789
249  -10.1681180465046  1.30664428978733
250   -9.7876848323236  1.84771625638943
251  -9.27862069207583  2.23254250214187
252  -8.39264183117901  2.52569265629107
253  -7.46169642528373  2.59221531750547
254   -6.5302765037529  2.57401501692914
255  -5.60060231234372  2.57214154312568
256  -4.67208601330826  2.63646700400719
257  -3.74412022327017   2.7621713967873
258  -2.81540984222465  2.90093275161367
259  -1.88508035539685  3.01511553043308
260  -0.949237556418881  3.08312629991578
