// Id               X                Y
  1  -0.145822652735596  5.21070602149302
  2  0.832399824440995   5.1623217470609
  3   1.79553467995641  4.99946696236955
  4   2.73065580795896  4.72683208044754
  5   3.62782595145516  4.34770236130986
  6   4.54615539957756  3.91170728396338
  7   5.41741711246535  3.51580381151546
  8   6.28102233493912  3.13834046236768
  9   7.14064712387854  2.78198943483677
 10   7.98857033372729  2.43465224505175
 11   8.80740703129808  2.06456678917063
 12   9.24633004537788  1.81113272726815
 13   9.64530249810686  1.48882823472207
 14   9.93577740927256  1.03503386790433
 15   9.92960693490103 0.519860133401068
 16   9.29127198751012 0.107624356689925
 17   9.05321393549793 0.0575987841528072
 18   8.89548167446363 0.0398752255189161
 19   8.73737659163047 0.0350250143755601
 20   8.57935455324291 0.0438704284703979
 21   8.42104159713226 0.0672848237735979
 22   8.26194706130998 0.106258699002171
 23    8.1025761365304 0.161452355972692
 24   7.94391835708809 0.232960532686751
 25   7.78683702679055 0.320428589810281
 26   7.63150733073384 0.423481622213581
 27   7.46675951238043 0.550875805987732
 28   7.30535220251479 0.693258731064301
 29   7.14928287453337 0.846407517699293
 30   6.99805827639106  1.00758859078451
 31   6.85060357535357  1.17454698253832
 32   6.70562497120505  1.34539371551804
 33     6.561786254405  1.51854613461521
 34   6.41781321358979  1.69267453519283
 35   6.27255550073172  1.86665462516811
 36   6.12502005040801  2.03952873836208
 37   5.97438504526932  2.21047658050551
 38   5.82000069331458  2.37879426441982
 39   5.66138124450141  2.54387942380888
 40   5.49819135515984  2.70522013680188
 41   5.33022895519097  2.86238583446084
 42   5.15740618222191  3.01501893887399
 43   4.97972953356932  3.16282650686894
 44   4.79728031304476  3.30557151747834
 45   4.61019617877667  3.44306381191353
 46   4.41865466487501  3.57515083504456
 47   4.22285911736386  3.70170859575717
 48   4.02302742761364  3.82263321757486
 49   3.81938357167279  3.93783348905334
 50   3.61215174933564  4.04722471837812
 51   3.40155281479131  4.15072401827616
 52   3.18780252444166  4.24824707094902
 53   2.97111115809426   4.3397062676475
 54   2.75168410562323  4.42501002951667
 55   2.52972300562714  4.50406312177717
 56    2.3054271641086  4.57676770939251
 57   2.07899502482147  4.64302492933548
 58   1.85062551053861  4.70273679519248
 59   1.62051913778333  4.75580826665388
 60   1.38887887008947  4.80214932469002
 61   1.15591064133041  4.84167698518718
 62  0.921823599073342  4.87431714225548
 63  0.686830062341974   4.9000062035595
 64  0.451145236473236  4.91869246553675
 65  0.214986723995484  4.93033723149031
 66  -0.0214261152740283  4.93491561689326
 67  -0.257872926533786  4.93241707787192
 68  -0.494133169572256  4.92284562577613
 69  -0.729986948081901   4.9062197501917
 70  -0.965215803917593  4.88257202595926
 71  -1.19960340999887  4.85194844540162
 72  -1.43293614473157  4.81440743738777
 73  -1.66500347484581  4.77001862426132
 74   -1.8955981145473  4.71886131675654
 75  -2.12451592774446  4.66102279023983
 76  -2.35155555316664  4.59659637685704
 77  -2.57651771901188    4.525679472553
 78  -2.79920430144119  4.44837151972608
 79  -3.01941714396303  4.36477211022787
 80  -3.23695673292834  4.27497936242005
 81  -3.45162088143598  4.17908874510601
 82  -3.66320361950761  4.07719255756661
 83  -3.87149454348482  3.96938030406537
 84  -4.07627899201375   3.8557401533577
 85  -4.27733942679175  3.73636167801659
 86  -4.47445843844075  3.61134000192157
 87  -4.66742383401675  3.48078134849974
 88  -4.85603613754247  3.34480990694292
 89  -5.04011873910494  3.20357578162151
 90  -5.21953076789441  3.05726366024206
 91  -5.39418242119975  2.90610185093851
 92  -5.56405237521264  2.75037128676273
 93  -5.72920655339401  2.59041428197086
 94  -5.88981745383993  2.42664298203864
 95  -6.04618304595363  2.25954775184446
 96  -6.19874408630642  2.08970610750436
 97  -6.34809839783181  1.91779326116571
 98  -6.49501011119638  1.74459587826789
 99  -6.64041106064172  1.57103107705198
100  -6.78539035596754  1.39817274021506
101  -6.93116656161415  1.22728646956913
102  -7.07903464786292  1.05987275762765
103  -7.23027609043607 0.897715626541288
104  -7.38601070685245 0.742934324272552
105  -7.54692371446042  0.59805762969327
106  -7.71238674471212 0.466392925300268
107  -7.86784367423574 0.359325667060311
108  -8.02416552213144 0.267943489211412
109  -8.18188801066648 0.192102722845673
110  -8.34037194230512 0.132081615913763
111   -8.4987813238303 0.0877908111077323
112  -8.65672674753928 0.0585985727766319
113  -8.81479793344559 0.0435285581993855
114   -8.9734692029561 0.0417442044999574
115  -9.13233372936719  0.05251962896075
116  -9.37326847938655 0.0916153409177817
117  -10.0335343607234 0.473591329423532
118  -10.0591383555225 0.987106789400321
119  -9.78300259191347  1.44812202023851
120  -9.39283969821829  1.77808309347518
121   -8.9595700967802  2.03751142459719
122  -8.14492688673673  2.41326836360852
123  -7.30076160622454  2.76125123009226
124  -6.44440734978042  3.11314636958586
125  -5.58605623113966  3.48135705177741
126  -4.73381711536038  3.86638217166827
127  -3.89466922305564  4.26848385507536
128  -3.01111072827541    4.664657093944
129  -2.08183867770359  4.95797169548945
130  -1.09534516601248  5.10912901111399
131  0.126215849758497  5.73157704106073
132   1.16000468179318  5.65398112650251
133   2.16858764974977  5.45705389995891
134   3.10996124600834  5.17093964600814
135    3.9959399125394  4.82562812842046
136   4.85939926368404  4.44565292389673
137   5.72566238623569  4.05531424049605
138   6.60897835822427  3.66473353811944
139   7.55927428424137  3.24002398972522
140   8.51844335895942  2.75974316496867
141   9.44053398346155  2.16032321230876
142   9.81713844789567  1.83020268053719
143    10.159878035092  1.46395341816439
144   10.4550603978419  1.07904380837468
145   10.7092322483909 0.679901919201289
146   10.9758821210129 0.175366834880882
147   11.3145523393957 -1.43265307798943
148    11.086185447001 -1.88930250008405
149   10.7759988379946 -2.22444783205525
150   10.4086117742256 -2.46737155216644
151   10.0132121462895 -2.62455990597429
152   9.62455288593703 -2.70605989547109
153   9.25688911932334  -2.7301487741121
154   8.90917732721291 -2.71170189179057
155   8.57621667552281 -2.65956290060736
156   8.25342901306014 -2.57851569600597
157   7.94804482614028 -2.47523234246752
158   7.65129447519449 -2.35083840199731
159   7.36331615922085 -2.20820224205241
160   7.08527084613728  -2.0508014823682
161   6.81780494697634 -1.88208843474298
162   6.56103374547565 -1.70529345656237
163   6.31466463986254 -1.52333109692242
164    6.0781183458707 -1.33875315687488
165   5.85062812566274 -1.15373027433721
166   5.63132011060518 -0.970057371371922
167   5.41927839672691 -0.789179354536791
168   5.21359574726736 -0.61223034121389
169    5.0134082478181 -0.440079490081091
170    4.8179183508987 -0.273371640921506
171   4.62639646076864 -0.112572692937265
172   4.43819252474249 0.0420141250782447
173   4.25270383414279 0.190190837570448
174   4.06940496769432 0.331888810437439
175   3.88778627001815 0.467079396031175
176   3.70740428895288 0.595826119764396
177   3.52783208345392 0.718204555441484
178   3.34867619159991 0.834307448637854
179   3.16959167915342 0.944253717098875
180   2.99024907716123  1.04812223350996
181   2.81036611045096  1.14598910904089
182   2.62970709608218   1.2379219115218
183   2.44806016053766   1.3239292463808
184   2.26526965342718  1.40402105542399
185   2.08122095034959  1.47818207445896
186   1.89583557036788  1.54636152837054
187   1.70907711459277  1.60849146994068
188   1.52096036226373  1.66452914319866
189   1.33151636608929  1.71435602257353
190   1.14082966933757  1.75791601884706
191  0.949004259283002  1.79510922755445
192  0.756179029540898  1.82587581708067
193  0.562507479252374  1.85010466702346
194  0.368175712841252  1.86779634820661
195   0.17337184480178  1.87884250542394
196  -0.0216963117038566  1.88325938915137
197  -0.216819125892811  1.88100123102717
198  -0.411785765247812  1.87210700958761
199  -0.60638548450985  1.85654578673481
200  -0.800423871727094  1.83441745113503
201  -0.993708927234826  1.80572017628425
202   -1.1860758633883  1.77054992823284
203  -1.37737482673513  1.72896496296653
204  -1.56748882712199  1.68106418766705
205  -1.75631778884272  1.62689962894124
206  -1.94381261578208  1.56658818726297
207  -2.12994309696962  1.50018262802112
208  -2.31472442054461  1.42775074303348
209  -2.49821449172948   1.3493506035078
210  -2.68050915844034  1.26501196784888
211  -2.86174118412196  1.17473320571062
212  -3.04209935467023  1.07851702918953
213  -3.22180056462202 0.976315343206353
214   -3.4011030135384 0.868061922081844
215  -3.58031394059028  0.75369005330234
216  -3.75976090952333 0.633096622870696
217  -3.93981297285308 0.506189903283096
218  -4.12087833791641 0.372898162779403
219  -4.30338185442429 0.233154712639468
220  -4.48780649400564 0.0869682351353552
221   -4.6746600130222 -0.0656080225525509
222   -4.8645122572342 -0.224416462005637
223  -5.05798729333562 -0.389192606798389
224  -5.25577791301954 -0.559530556638679
225  -5.45864854150971 -0.734853614694197
226  -5.66742977743543 -0.914380241356756
227  -5.88300542460266 -1.09708089351238
228   -6.1062833927764 -1.28163589675975
229  -6.33815486489323 -1.46639385219017
230   -6.5794384303736 -1.64934147479993
231  -6.83080996657113 -1.82808896475564
232  -7.09271361340554 -1.99987537011594
233  -7.36524859769609 -2.16159693499347
234  -7.64803853510317 -2.30987188071423
235   -7.9401626851813 -2.44118371927421
236   -8.2406972207263 -2.55225169066301
237  -8.56020636267116 -2.64276071712171
238  -8.89131762536156  -2.7054557148873
239   -9.2381951857249 -2.73545114898874
240  -9.60638413672841  -2.7240784057078
241   -9.9976984664203 -2.65649883675187
242  -10.3989735306826 -2.51373040092763
243  -10.7759408361457 -2.28401739234383
244   -11.099116644974 -1.95955254002623
245  -11.3443437120788 -1.51012225360505
246  -11.0663523953538 0.100838149541329
247  -10.8189791378339 0.609917694100303
248  -10.5781240103813  1.01613013270614
249  -10.2946188321787  1.40878882778463
250  -9.96102776962942   1.7836766235195
251  -9.59099873274845  2.12188726937209
252  -8.67694865551793  2.73425550945861
253  -7.71823741997863  3.22031225302918
254  -6.76121109089719  3.64633600359489
255  -5.83724389980972  4.04881375969589
256   -4.9027003067786  4.46139005123862
257  -3.93541625835146  4.87561534212892
258  -2.94046433772849  5.24398907184327
259  -1.92415674324415  5.52151373574304
260  -0.899834881644529  5.68542184113673
