// Id               X                Y
  1  -0.0721302219030149 -0.0185408356604652
  2  0.895834848045386 -0.0324049394352705
  3   1.84846758116108 -0.0918212702185747
  4    2.8023742248181 -0.0142392505548387
  5   3.71727968003439 0.278024654818169
  6   4.54978025361755 0.740733870436701
  7   5.30647641594025  1.29101492979611
  8    6.0364987820523  1.85412428705506
  9   6.81167835172722  2.33800529790104
 10   7.69293038015628   2.5757125120447
 11   8.56131250835037  2.27995466150152
 12   8.81393261418278  1.83573322918577
 13   8.79536560627941  1.32635980741532
 14   8.52104147422333 0.890145118838697
 15   8.08306478306733 0.606393603729388
 16   7.50338673547024 0.461341464217417
 17   7.03128068600022  0.40317531165782
 18   7.03110494889211 0.403153273336945
 19   6.90857171451847 0.387716421266497
 20   6.74834887610054 0.366427566618085
 21   6.58931369596267 0.343022075687845
 22    6.4377543499076  0.31790420133353
 23   6.28598947497876 0.289566868682209
 24   6.13826890923112 0.258707120904319
 25   5.99712587320989 0.226183838594705
 26   5.85479200877826 0.190514719869899
 27   5.71079036351965 0.151771546574525
 28   5.56676403330212 0.110759064840781
 29   5.42373769954551 0.0683032007723295
 30   5.28188441810021 0.0250738387762334
 31   5.14094066014267 -0.0183674793240209
 32     5.000521704558 -0.0615033584598506
 33   4.86023223503726 -0.103840466046753
 34   4.71969343892191 -0.144910247043522
 35   4.57856186674996 -0.184270605054076
 36    4.4365580621504 -0.221505175892597
 37   4.29348712309832 -0.256227163897407
 38   4.14923037705312 -0.288092223658123
 39    4.0037071349954 -0.316815959931468
 40   3.85685033180821 -0.342182819172016
 41    3.7086348487634 -0.364042728934729
 42   3.55911526367851 -0.382309753483431
 43   3.40843373324514 -0.396967778935219
 44   3.25680084881696 -0.408077090722831
 45   3.10446616143913 -0.415775973369962
 46   2.95169075402867 -0.420275557597415
 47    2.7987265790277 -0.42184906309396
 48   2.64580282228072 -0.420817578160695
 49   2.49311788866091 -0.417534445329309
 50   2.34083555638442 -0.412369888228886
 51    2.1890847180836 -0.405697072389634
 52   2.03796228206462 -0.397880386366475
 53   1.88753772772983 -0.389266262859393
 54   1.73785815521618 -0.38017649912953
 55   1.58895437193041 -0.370903911000476
 56   1.44084683825247 -0.36170992558788
 57   1.29354901915801 -0.352823570778856
 58   1.14706856914866 -0.344441552302903
 59   1.00140704692041 -0.336729206884444
 60  0.856551253590004 -0.329821817245971
 61  0.712465498188488 -0.323826794975227
 62  0.569079531993951 -0.318826399767896
 63  0.426286338720814  -0.3148813876669
 64  0.283943862509234 -0.312034794176675
 65  0.141899915305283 -0.310315558424222
 66  1.0347801449984e-07 -0.309740476181312
 67  -0.14189958748373 -0.310315124497683
 68  -0.283943346263201 -0.312033922107141
 69  -0.42628560163742 -0.314880071822581
 70  -0.569078588128402 -0.318824635586848
 71  -0.712464530889292 -0.32382458649265
 72  -0.856550327073611 -0.329819170322669
 73  -1.00140623122633 -0.336726134170005
 74  -1.14706797127394 -0.344438077092147
 75   -1.2935486403493 -0.352819721199503
 76  -1.44084671744262 -0.361705744257399
 77  -1.58895458371166 -0.370899457770215
 78  -1.73785871983043 -0.380171847805899
 79  -1.88753868314275 -0.389261507942904
 80  -2.03796369478135 -0.397875645643243
 81  -2.18908662761685 -0.405692485292324
 82  -2.34083799893807 -0.412365618764328
 83  -2.49312092506292 -0.417530683927228
 84  -2.64580651603207 -0.420814540403003
 85  -2.79873099341957 -0.421846988968714
 86  -2.95169597463314 -0.420274709799224
 87  -3.10447229623269 -0.415776633494236
 88  -3.25680801166871 -0.408079555235552
 89  -3.40844203914225 -0.396972354810694
 90  -3.55912482726239 -0.38231675291293
 91  -3.70864577377034 -0.364052464052312
 92  -3.85686270665038 -0.342195595190447
 93  -4.00372105222361 -0.316832061275076
 94  -4.14924596134287 -0.288111890499636
 95  -4.29350453755192 -0.256250562092251
 96  -4.43657746759445 -0.221532367867444
 97  -4.57858338345556 -0.184301513369441
 98  -4.71971711216888 -0.144944607404368
 99  -4.86025804964358 -0.103877751255578
100  -5.00054952968807 -0.061542702374866
101  -5.14097028489479 -0.0184075517171998
102  -5.28191546940268 0.025034944642484
103  -5.42376978958471 0.0682681724634337
104  -5.56679679930258 0.110731548345371
105   -5.7108240863732 0.151756439169193
106  -5.85482798810985 0.190518183636149
107  -5.99716532440886 0.226212685006384
108  -6.13830557213661 0.258767317527421
109  -6.28600311090633 0.289665230183372
110  -6.43777552160074 0.318059099984469
111  -6.58933472708094 0.343243679644653
112  -6.74835919782307 0.366730893840486
113  -6.90855628530374 0.388114112586255
114  -7.03100879619048 0.403624364390577
115   -7.0311622376588 0.403643715093417
116  -7.50309063432844 0.462166051523043
117  -8.08047685355737 0.606882605902435
118  -8.51860165640015 0.889455573615181
119  -8.79488048928313  1.32385465098443
120  -8.81792906759738  1.83264305576504
121  -8.57090005048266  2.27948629417263
122   -7.7081789121672  2.58713363523118
123  -6.82715127037617  2.35902597964176
124  -6.05493381204014  1.87895392983382
125  -5.33480791701403  1.31450774156451
126  -4.59526031498843  0.75992556520334
127  -3.78749260926651 0.294651566485499
128   -2.9038798439408 -0.00194322852295972
129  -1.97935312038458 -0.103656678598491
130  -1.02464512163544 -0.107467664141522
131  -0.0176331479315994 0.587596344755781
132  0.896720717269569  0.57754377814545
133   1.81007758832893 0.514566902198911
134   2.72346925105065 0.593365035527582
135   3.59632704379932 0.882421507795598
136   4.40138278297949  1.34094789465708
137   5.16362557850293  1.89268567040022
138   5.98251207126302  2.46938017443338
139   6.93858619769134  2.93973840441913
140   8.00845459604694  3.07684335805306
141   8.96151520228408  2.57658788890112
142   9.34159592171356  2.00503296835974
143   9.37958228610348  1.32635001467227
144   9.11065675055409 0.707276480192297
145   8.65000555261214  0.21730282067164
146   9.06957342519003 -0.316946188597353
147   9.67310418615419 -0.91264452871854
148   9.49395615391705  -1.2661121638342
149   9.24933936811455 -1.45292195734481
150   9.00759602026788 -1.57826075272206
151   8.77624513504078 -1.68674177725953
152   8.55742496218023 -1.79093228569436
153   8.35490090668882 -1.88967951853214
154   8.15943381429071 -1.98225748140178
155   7.96450553119315 -2.06898026339005
156   7.77497888697719  -2.1482616285418
157   7.59097992931183 -2.22228845878072
158   7.41081563833545 -2.29379637101695
159   7.23293505244679 -2.36444180119187
160   7.05623006317895 -2.43477267490396
161   6.87988618017307 -2.50470186854643
162   6.70325364969837 -2.57388887957368
163   6.52580475634039  -2.6419050765665
164   6.34711642837021  -2.7082872533232
165    6.1668509067739 -2.77256763778692
166    5.9847312277057 -2.83430575942462
167   5.80052581619801 -2.89311058391739
168   5.61405673645957  -2.9486400043675
169   5.42523193055167 -3.00058336700689
170   5.23406572532424 -3.04865777845335
171   5.04065473665144 -3.09263663517314
172   4.84514364512325 -3.13238245613192
173   4.64770982640516 -3.16785961967335
174   4.44856217685446 -3.19912805432501
175   4.24794132535633 -3.22632841980903
176   4.04611397048768 -3.24966646267385
177   3.84336094550729 -3.26939907513004
178   3.63996195389807 -3.28582179726356
179   3.43618050917479 -3.29925694745935
180   3.23225165858791  -3.3100421226019
181   3.02837327981089 -3.31851951178905
182   2.82470069113252 -3.32502649508532
183   2.62134470557223 -3.32988756667193
184   2.41837274970524 -3.33340766749692
185   2.21581110450501  -3.3358671122199
186   2.01364809983751 -3.33751761721567
187   1.81183966702569 -3.33857882680179
188   1.61031628966506  -3.3392354362869
189   1.40899036329361 -3.33963494945227
190   1.20777073355231 -3.33988608804024
191   1.00657549976046 -3.34005986373286
192  0.805348431976863 -3.34019404718682
193  0.604064937132558 -3.34030191508293
194  0.402733207632588 -3.34038314437974
195  0.201371083324908 -3.34043370989343
196  -1.209431561886e-06 -3.34045068945431
197  -0.20137363074529  -3.3404332466567
198  -0.402735966774863 -3.34038219705586
199  -0.604067957694912 -3.34030045572298
200  -0.805351719912571 -3.34019205608223
201  -1.00657889546774 -3.34005734632422
202  -1.20777419872472 -3.33988306022065
203   -1.4089938555389 -3.33963143862576
204  -1.61031973118968 -3.33923148368631
205  -1.81184308418795 -3.33857447309202
206  -2.01365148261711  -3.3375129194197
207  -2.21581440964218 -3.33586215117353
208  -2.41837598796187 -3.33340253612846
209  -2.62134787385455 -3.32988238162368
210  -2.82470376523984  -3.3250214035604
211  -3.02837626954811 -3.31851468025236
212  -3.23225458937578 -3.31003773948933
213  -3.43618340179269 -3.29925323137381
214  -3.63996484978617 -3.28581899056493
215  -3.84336391370634 -3.26939743870498
216  -4.04611709133722 -3.24966627940334
217  -4.24794469218302 -3.22632999055099
218  -4.44856590902926   -3.199131684009
219  -4.64771406964054 -3.16786560523472
220  -4.84514856745368 -3.13239107597298
221  -5.04066053138546 -3.09264813490348
222  -5.23407260897958 -3.04867235986106
223  -5.42524012089043 -3.00060118978761
224  -5.61406642146546 -2.94866119181733
225  -5.80053713569151 -2.89313521119194
226  -5.98474428858072 -2.83433380772599
227  -6.16686579059351 -2.77259893790779
228  -6.34713319279004 -2.70832142669707
229  -6.52582338670133 -2.64194149495719
230  -6.70327406255156 -2.57392658611679
231  -6.87990813259039 -2.50473953483249
232  -7.05625315725011 -2.43480850679224
233  -7.23295854502326  -2.3644735966233
234  -7.41083841057651 -2.29382165629244
235  -7.59100010606137 -2.22230512987178
236  -7.77499386025927 -2.14826863723261
237  -7.96451325184895 -2.06897751324972
238  -8.15943844252019 -1.98224266970025
239   -8.3549138840331 -1.88964474209822
240  -8.55740794175128 -1.79088279419969
241  -8.77619128859119 -1.68667024766008
242  -9.00749725837562  -1.5781686479944
243  -9.24917674448953 -1.45280749263503
244   -9.4937377581099 -1.26594103483395
245   -9.6728411873497 -0.91238725192621
246  -9.06818742053683 -0.31612077788492
247   -8.6485440118406 0.218515773925495
248  -9.11036173974979 0.707522306038528
249  -9.38046728242718  1.32614149576317
250   -9.3446634366701  2.00498769147535
251  -8.96692206640104  2.57805279770033
252  -8.01986341069881  3.08897811821946
253  -6.94916597015055   2.9611183872887
254  -5.99180460504405  2.49311213230732
255  -5.17579913141961   1.9120996602391
256  -4.42087671178025  1.35294560108332
257  -3.62130129396873 0.887661251374297
258  -2.75136719611907 0.591259986511279
259  -1.83961231743724 0.489941779395497
260  -0.923066048105729 0.475915406732874
