// Id               X                Y
  1  -0.0661262468292733 0.345030685736245
  2  0.839290941783999 0.372202477504989
  3   1.73347280581081  0.49343677235041
  4   2.60646024845462 0.706333078903151
  5   3.45642198912127  0.97984215713029
  6   4.29402459178254  1.26948279297432
  7    5.1407425012174  1.52052014683468
  8   6.01495390986872  1.62541431935439
  9   6.87296123325421  1.44540908023245
 10   7.55669543966126  0.89984715114752
 11    7.8689673274284 0.0724880052456974
 12   7.83270083470739 -0.424401708976494
 13   7.62333952016286 -0.91236643835326
 14   7.11921403243056 -1.35477423810001
 15   6.39721499087145 -1.29768916439026
 16   6.81102932889503 -0.511286231055571
 17   6.83649179654503 -0.174178254942382
 18   6.72666343904576 0.0347563772916731
 19   6.55869660411703 0.184125590254713
 20   6.36781940256999 0.286184676205331
 21    6.1901889969924 0.352306495981826
 22   6.02482808701906 0.399443393941521
 23   5.86627214201311 0.435784504622576
 24     5.711866671574 0.464814430661299
 25    5.5602284073127 0.488218899365827
 26   5.41059467612834 0.506889380257651
 27   5.26253510649979 0.521335430456372
 28   5.11580763552832 0.531874618196853
 29   4.97028000098751 0.538725455303943
 30   4.82588380557015 0.542054129663876
 31   4.68258638506807 0.541998746740087
 32   4.54037395689127 0.538683661735939
 33   4.39924407516327 0.532231392785184
 34   4.25920931681686 0.522777008985767
 35   4.12032099235418  0.51048867994175
 36   3.98274667867226 0.495599845755488
 37   3.84710038455797  0.47848194974972
 38   3.71401791876058 0.459623140286298
 39   3.58201213645005 0.439259272082229
 40   3.45059375128871 0.417739982807996
 41   3.31956856256574 0.395437918351494
 42   3.18880154691706 0.372699245004598
 43   3.05817448133181 0.349826694553278
 44     2.927580649293 0.327075748120739
 45   2.79692725046346  0.30465733531667
 46     2.666137734476 0.282743296950094
 47   2.53515237032336 0.261472525508014
 48   2.40392727359457 0.240956771517454
 49   2.27243253924565  0.22128572060078
 50   2.14065004451591 0.202531257312284
 51   2.00857128731977  0.18475096820837
 52   1.87619545008417 0.167990984219484
 53   1.74352776042721 0.152288269675775
 54   1.61057815210157 0.137672456623307
 55   1.47736019668757 0.124167309493841
 56   1.34389026455356  0.11179189136201
 57   1.21018687271564  0.10056149055319
 58   1.07627018136421 0.0904883556148381
 59   0.94216160665267 0.0815822775375478
 60  0.807883523224084 0.0738510503936003
 61  0.673459035203817 0.0673008350435467
 62  0.538911798809516 0.0619364450813155
 63  0.404265883338032 0.0577615696209871
 64  0.269545660171611 0.0547789437728887
 65  0.134775711701147 0.0529904746189245
 66  -1.92462228676852e-05 0.052397328077162
 67  -0.134814433466181 0.0529999801305963
 68  -0.269585070766001 0.0547982343562255
 69  -0.404306444819923 0.0577912063859282
 70  -0.538953977254205 0.0619772747087201
 71  -0.673503301797042 0.067353995930111
 72  -0.80793035476434 0.073917981087075
 73  -0.942211485176653 0.0816647277344142
 74  -1.07632359251122  0.09058840014149
 75  -1.21024430231593 0.100681546954222
 76  -1.34395219275758 0.111934741985734
 77  -1.47742708874584 0.124336129305698
 78  -1.61065044466023 0.137870848401888
 79  -1.74360584193624 0.152520308762689
 80  -1.87627963366142 0.168261275610357
 81  -2.00866177425116 0.185064719490002
 82   -2.1407468766589  0.20289437175996
 83  -2.27253553921502 0.221704915607528
 84  -2.40403597320484 0.241439728318305
 85  -2.53526593101101 0.262028076611715
 86  -2.66625486912123 0.283381657188335
 87  -2.79704616466368 0.305390379698357
 88  -2.92769903060889 0.327917332262906
 89  -3.05828957155859 0.350792996925884
 90  -3.18891031792988 0.373809077624118
 91  -3.31966793816999 0.396712895201125
 92   -3.4506805705187 0.419204346348884
 93  -3.58208180699817 0.440939051315533
 94  -3.71405771676556 0.461544033799007
 95   -3.8470512505366 0.480663210174296
 96  -3.98252082162381 0.498059229708035
 97  -4.12002206055889 0.513260584242866
 98  -4.25886662164531 0.525876886591757
 99  -4.39887133184871 0.535667341887744
100   -4.5399810506934 0.542460153876482
101  -4.68218285293482 0.546118666562853
102  -4.82547998961054 0.546520003893084
103  -4.96988735215689 0.543540116323879
104  -5.11543871651911 0.537041454137001
105  -5.26220353815918 0.526858354768626
106  -5.41031515200665 0.512772647770643
107  -5.56001687382558 0.494466899157346
108   -5.7117408262881 0.471431608691745
109  -5.86625260521975 0.442775625434642
110  -6.02494126694909 0.406814432428036
111  -6.19047532673628 0.360066238448667
112  -6.36836103877927 0.294343443164478
113  -6.55960010249802 0.192691505400256
114  -6.72802704476586 0.0436608805564796
115  -6.83842230932936 -0.165028382975655
116   -6.8139800345407 -0.502139798348703
117    -6.403757746292 -1.28984724998422
118  -7.12511660016747 -1.35613013600402
119  -7.63762337450501 -0.920017430272111
120   -7.8570771006453 -0.435519065298841
121  -7.90522819758929 0.0604218696123635
122  -7.61486821414315 0.895372134117635
123  -6.94201907547533  1.45298196609785
124  -6.08714976984627  1.63744993370487
125  -5.21677540544708  1.52636294309373
126  -4.37775285042973   1.2629738675539
127  -3.54939540371909 0.961593291761441
128  -2.70830226961305 0.680328670921548
129  -1.84340162707016 0.466454227711148
130   -0.9577589274208 0.350208286252757
131  -0.0389114844028547 0.932160747155673
132  0.854748433256215 0.982309011570714
133   1.74065236734868  1.11283420834573
134   2.61671489275904  1.32643110137251
135   3.48907906973346  1.59910539567922
136   4.38279615193244  1.87934712556495
137   5.38240169835778  2.08686319750769
138   6.45288068657737  2.05880065798025
139   7.45853896194818  1.63325498449892
140   8.13801042400909 0.758716103078998
141   8.18143812039451 -0.358930714484615
142   7.83173644536873 -0.999171235201308
143   7.24892360597708 -1.46097974433437
144   6.53877754240833 -1.72892476995881
145     5.795432162464 -1.92357466146119
146   4.96873460810526 -2.22463203549501
147   4.83260276504148 -2.26273298053648
148   4.79884805938899 -2.27152663922262
149   4.76476307482324 -2.28018221920168
150    4.7276613701582 -2.28939479403161
151   4.68582287678608 -2.29956970587378
152   4.63978639050984 -2.31055829297576
153   4.59038115799649 -2.32215928226222
154   4.53820742792043 -2.33424066035057
155       4.4836444947 -2.34672842758973
156   4.42690800052214 -2.35958849897519
157   4.36809897258405 -2.37281243526848
158   4.30723717620783 -2.38640821178056
159   4.24428143153462 -2.40039451586081
160   4.17914048638758  -2.4147973929017
161   4.11167650002852 -2.42964856509325
162   4.04170082084362 -2.44498540430976
163   3.96895782106523 -2.46085345648506
164   3.89308372781149 -2.47731431050499
165   3.81350072593113 -2.49446712084239
166   3.72909252040499 -2.51251553544893
167   3.63671790872466 -2.53207443472286
168   3.53227440752766 -2.55391785802622
169    3.4219298689947 -2.57665050433179
170   3.30806829179093 -2.59970387856134
171   3.19164205897768 -2.62281927071168
172   3.07319498304229 -2.64582535359001
173   2.95309286933431 -2.66858695522448
174   2.83160159856187 -2.69098799341687
175    2.7089221175177 -2.71292475035819
176   2.58520993373084 -2.73430306483724
177    2.4605877261944 -2.75503716174249
178   2.33515419982745 -2.77504915853031
179   2.20899052629208 -2.79426880885286
180   2.08216507749656 -2.81263328113939
181   1.95473690063116  -2.8300868872222
182   1.82675825590122  -2.8465807351547
183   1.69827645846719 -2.86207230916668
184   1.56933520806032 -2.87652499239846
185   1.43997554479043 -2.88990755226757
186   1.31023653460448 -2.90219360824094
187    1.1801557608665 -2.91336109971857
188    1.0497696780952 -2.92339176892422
189  0.919113868640953 -2.93227067079359
190  0.788223231805925 -2.93998571916612
191  0.657132126617562 -2.94652727625834
192  0.525874483380891 -2.95188779046651
193  0.394483894672962 -2.95606148600471
194  0.262993693178374 -2.95904410670166
195  0.131437021392957 -2.96083271540966
196  -0.000153103469983817 -2.96142554987309
197  -0.131743727197313 -2.96082193550687
198  -0.263301897471263 -2.95902225528995
199  -0.394794602849817 -2.95602797682644
200  -0.526188710749759 -2.95184173650693
201  -0.657450903016705 -2.94646748055397
202  -0.788547606962973 -2.93991066249889
203  -0.919444918622345 -2.93217849625293
204  -1.05010851331537 -2.92328026334747
205  -1.18050353629577 -2.91322767207231
206    -1.310594463049 -2.90203526508703
207  -1.44034491444014 -2.88972087057609
208  -1.56971740594118 -2.87630609012998
209  -1.69867300203546 -2.86181681425513
210  -1.82717083583451 -2.84628375378081
211  -1.95516743897647 -2.82974297257071
212  -2.08261580682121 -2.81223640416203
213  -2.20946409746705 -2.79381233286344
214  -2.33565382871416 -2.77452581963925
215  -2.46111739306826 -2.75443905699648
216  -2.58577465431515 -2.73362164909261
217  -2.70952831244302 -2.71215084067638
218  -2.83225760284234 -2.69011177476052
219  -2.95380965621691 -2.66759797061557
220  -3.07398725972685 -2.64471243899154
221  -3.19253012431412  -2.6215703410772
222  -3.30908176496722 -2.59830532348711
223  -3.42311698726783   -2.575085440204
224  -3.53373288163373 -2.55216003347821
225  -3.63875653846947 -2.53005558363031
226   -3.7320301024625 -2.51017310360678
227  -3.81687101080457 -2.49190343190724
228  -3.89676042266125 -2.47455714899041
229  -3.97288542757783 -2.45791497883883
230  -4.04584717239185 -2.44187281704917
231  -4.11601961426363 -2.42636715693399
232  -4.18366379398571 -2.41135164035475
233  -4.24897173994777 -2.39678854210688
234   -4.3120836526864 -2.38264600519092
235  -4.37309252975108 -2.36889798290663
236  -4.43204084861364  -2.3555259009434
237   -4.4889097719475 -2.34252202650854
238  -4.54359887923412 -2.32989520231763
239  -4.59589286842248 -2.31768016227579
240  -4.64541255245733 -2.30595179006225
241  -4.69155763664314 -2.29484368346112
242  -4.73349806082184 -2.28455843111234
243  -4.77069535998092 -2.27524711227813
244  -4.80487157575806 -2.26649808603505
245   -4.8387193807739 -2.25761157475811
246  -4.97502003977266 -2.21918535516013
247  -5.80177102691018 -1.91694463220595
248  -6.54496491235368 -1.72512470136356
249  -7.25715527465295 -1.46288633387669
250   -7.8464301527324 -1.00891209457673
251  -8.20832167332793  -0.3750609834789
252  -8.19074451842877 0.743541638085281
253  -7.52947304726694  1.63164919295768
254  -6.52776374669058  2.06739139867664
255  -5.45617267979714  2.09338288201974
256  -4.45423115624982  1.87400789614004
257  -3.56405179662561  1.58154959425916
258  -2.69470685948289  1.30034109264486
259  -1.81906372086381  1.08521695258759
260  -0.931266897716735 0.962687148916605
