// Id               X                Y
  1  -0.316297103531651  5.36501357771149
  2   0.77973004978199  5.33390766958753
  3   1.85699557905898  5.17718257702259
  4   2.89482017215066  4.89259638849928
  5    3.8686462991274  4.48280609302619
  6   4.77449339143384  3.96687838406319
  7   5.69531132287995  3.47045643389041
  8   6.65402292151261  3.05292184480077
  9   7.61839442807195  2.67303123838129
 10   8.52402485044831  2.18705786491373
 11   9.17917392646007  1.34449751154142
 12   9.14009075573691  0.77021068101964
 13   8.80231005766152 0.349261267254643
 14   8.28768914703803 0.212717580150633
 15   7.78884871196691 0.384013442651991
 16   7.31627954854714 0.967391859362392
 17    7.0845710804432  1.29611658930369
 18   6.99836456838591  1.41397505072054
 19   6.93454358725375  1.49925681802092
 20   6.87274273309823  1.58019932943172
 21   6.81160247747595  1.65860429136873
 22   6.75018879783798  1.73578368517508
 23   6.68715570196619  1.81331204828447
 24   6.62146456540564  1.89245877403609
 25    6.5523496877835  1.97394734713433
 26   6.47935430120929  2.05817769845333
 27   6.40215957879291  2.14529864411193
 28   6.32055907275946  2.23533592919665
 29   6.23439295615582  2.32822382946385
 30   6.14353625553535  2.42384305468315
 31   6.04788102080567   2.5220293255281
 32   5.94733159630986  2.62258040486417
 33   5.84180265584398  2.72525829658667
 34   5.73121893015042  2.82978890234008
 35   5.61551790853265  2.93586267819317
 36   5.49465259318317  3.04313496670786
 37   5.36859519539323   3.1512282550837
 38   5.23734030937213  3.25973590107393
 39   5.10090742096854  3.36822789447503
 40   4.95934220942644  3.47625827220603
 41   4.81271657042233  3.58337374687275
 42   4.66112745455971  3.68912280021896
 43   4.50469483015428  3.79306447459997
 44   4.34355914792894  3.89477619525517
 45   4.17787865732148  3.99386017752452
 46   4.00782682400624  4.08994822091574
 47   3.83358997958111  4.18270490521443
 48   3.65536523411632  4.27182934713286
 49   3.47335861797355   4.3570557465933
 50   3.28778339112385  4.43815296551256
 51   3.09885845729736  4.51492336076476
 52   2.90680683578867  4.58720105615182
 53   2.71185416640192  4.65484979916443
 54   2.51422724641468  4.71776051467189
 55   2.31415261863553   4.7758486425594
 56   2.11185524452725  4.82905132995093
 57    1.9075573050968  4.87732453961238
 58   1.70147717478664  4.92064013232272
 59   1.49382861049227  4.95898298023269
 60   1.28482019004354  4.99234816857029
 61   1.07465502324056  5.02073834302917
 62  0.863530745153455  5.04416125883797
 63  0.651639787169227  5.06262758439182
 64  0.439169907344456  5.07614900736284
 65  0.226304948925884  5.08473668459528
 66  0.0132257851163346  5.08840006918439
 67  -0.199888600261893  5.08714613932914
 68  -0.412859952365799  5.08097904420362
 69  -0.625509564442732  5.06990017251424
 70  -0.837657136062339  5.05390863983782
 71   -1.0491197277581   5.0330021814645
 72   -1.2597108644731  5.00717842848315
 73  -1.46923983290059  4.97643653644784
 74  -1.67751120834617   4.9407791283918
 75  -1.88432463548839  4.90021450747451
 76  -2.08947487491129  4.85475908941328
 77  -2.29275211423736   4.8044400012393
 78  -2.49394252999093  4.74929779083893
 79  -2.69282907499725  4.68938919093765
 80  -2.88919245726522  4.62478988105333
 81  -3.08281227097617  4.55559719048454
 82  -3.27346823932448  4.48193268322895
 83  -3.46094153317659  4.40394456019128
 84  -3.64501613907069  4.32180980344382
 85   -3.8254802646253  4.23573597030166
 86  -4.00212778775455  4.14596252118643
 87  -4.17475977573792  4.05276153613226
 88  -4.34318611691746  3.95643764474862
 89  -4.50722731517841  3.85732697202408
 90  -4.66671648709615  3.75579490072703
 91  -4.82150156537407  3.65223248699335
 92  -4.97144764577851  3.54705145456502
 93  -5.11643932451808  3.44067784137627
 94  -5.25638278025673  3.33354456564208
 95  -5.39120729703902  3.22608337963717
 96  -5.52086593573272  3.11871682365124
 97  -5.64533517400832  3.01185083705281
 98  -5.76461350688246  2.90586856596283
 99  -5.87871924133575  2.80112571325713
100  -5.98768789434847   2.6979474645948
101  -6.09156966093269  2.59662664742012
102   -6.1904279670377   2.4974229655268
103  -6.28433862179266  2.40056123237201
104  -6.37339345478116  2.30623018865639
105   -6.4577040137344  2.21457407635309
106  -6.53741725161172  2.12568221548936
107  -6.61273582341475  2.03955900658323
108  -6.68396037931013  1.95607294271264
109  -6.75156020001622  1.87486557257529
110  -6.81627026629185  1.79520488591225
111  -6.87918536736739  1.71583508463358
112  -6.94166264659539  1.63505668293837
113  -7.00476170098028  1.55143320691514
114  -7.06980427538107  1.46306891606014
115   -7.1577449229594  1.34014942489261
116  -7.38456377380426  1.00750635962575
117  -7.84210610698218 0.412154762666989
118  -8.33351409156756 0.218271084080174
119     -8.85575217775 0.324216400695125
120  -9.21991331874817 0.721578881300301
121  -9.29393129182873  1.28967500076185
122  -8.67382471278779  2.15552099512139
123  -7.82720415015542  2.63018771028916
124   -6.9392346679862  2.97742125131078
125   -6.0654748909423  3.33930334678777
126  -5.22377475183661  3.77096062742066
127  -4.40064357195468  4.25088397408665
128  -3.47470208689052  4.70442973622914
129  -2.46827971103557  5.04819814166386
130  -1.39526401114716  5.23425888280085
131  -0.044601929654332  5.88434584034118
132    1.0627397542385  5.84806870505473
133   2.15518227059575  5.68103867370845
134   3.21590289598782   5.3815973306401
135   4.22556033243029  4.94620600276682
136   5.17686826549675  4.39926144070122
137    6.1430874350333  3.88149895439565
138   7.14106409019072  3.42515110125423
139   8.14901582886238  2.97926826790567
140   9.07891207945655  2.38104209155167
141   9.60104504995541  1.40948198576814
142    9.6628824808392   0.7091460208096
143   9.28400346957765 0.115748179880949
144   8.65919054660171 -0.21714555976272
145   7.96768979577079 -0.356382020732974
146   7.95857749959951 -1.11846772658592
147   7.86989479887275   -1.332022610836
148   7.66983316534538 -1.39259275312694
149   7.46126762221453 -1.40946877637059
150   7.25341126299977 -1.40263119334168
151   7.04833207733892 -1.37425624563369
152   6.84761677452317 -1.32646985156041
153   6.65226632490509 -1.26283059010896
154   6.46267549441353 -1.18676499437179
155   6.27887626862107 -1.10097010535738
156   6.10071320601288 -1.00748080770717
157   5.92792749333405 -0.907865152349733
158   5.76019538914451 -0.803379525901812
159   5.59714831825835 -0.695068208696614
160   5.43838601149647 -0.583823975606369
161   5.28348659506158 -0.470425497648585
162   5.13201487336712 -0.355561712914467
163   4.98352915503377 -0.239848921196019
164   4.83758684668365 -0.123843626553158
165   4.69374912179522 -0.00805262277164179
166   4.55158504065526 0.107058986521233
167   4.41067551208442 0.221061520703115
168   4.27061740373589  0.33355604717009
169   4.13102794949666 0.444171158801591
170   3.99154939355763 0.552561022305924
171   3.85185361038284 0.658404454538034
172   3.71164630744189 0.761404738224526
173   3.57067039466319 0.861289879227671
174   3.42870819146715 0.957813038295897
175   3.28558230065781  1.05075292918352
176   3.14115515265238  1.13991404273625
177   2.99532736650432   1.2251266161162
178   2.84803516251156  1.30624630913208
179   2.69924709471744  1.38315357540221
180   2.54896036391803   1.4557527295686
181    2.3971969400425  1.52397071891997
182   2.24399968123297  1.58775561321035
183   2.08942859480347  1.64707483272049
184   1.93355734712158  1.70191314239719
185   1.77647009687384  1.75227044870744
186   1.61825869905855  1.79815944457612
187   1.45902030469763  1.83960315526348
188   1.29885536291283  1.87663244332194
189   1.13786601708126  1.90928353326312
190  0.976154874873519  1.93759561610324
191  0.813824122811164  1.96160859075902
192   0.65097494932282  1.98136099385376
193  0.487707235861275   1.9968881625425
194  0.324119473129447  2.00822066719447
195  0.160308858448153  2.01538304281759
196  -0.00362846966079251  2.01839284045606
197  -0.167597102946522  2.01726001272132
198  -0.331501983346963  2.01198664121077
199  -0.495248012943386  2.00256700773606
200  -0.658739695006095  1.98898800581049
201  -0.821880846962605  1.97122988346055
202  -0.98457442612231  1.94926730286937
203  -1.14672250900775  1.92307069644677
204  -1.30822646485901  1.89260789259719
205  -1.46898736291567  1.85784597784077
206  -1.62890665103521  1.81875335532811
207  -1.78788713968949  1.77530195363321
208  -1.94583432005152  1.72746953457953
209  -2.10265803746797  1.67524204535197
210  -2.25827453189061    1.618615958801
211  -2.41260884461221  1.55760054701217
212  -2.56559757568407  1.49222003697862
213  -2.71719195834891   1.4225156033344
214  -2.86736119525822  1.34854716100527
215  -3.01609597568906  1.27039492947196
216  -3.16341206323532  1.18816074919266
217   -3.3093538101917   1.1019691388887
218  -3.45399742055134  1.01196808982476
219  -3.59745375362875 0.918329601087784
220   -3.7398704440113 0.821249970987414
221  -3.88143312330666 0.720949878356489
222  -4.02236557753481 0.617674318294431
223  -4.16292876715594 0.511692502107143
224  -4.30341876631192 0.403297887869968
225  -4.44416381634402 0.292808566142732
226  -4.58552079384849 0.180568269806289
227   -4.7278714244907 0.066948293925867
228  -4.87161851091612 -0.0476494034074945
229  -5.01718230013193 -0.162787684511256
230  -5.16499693438782 -0.277988095418591
231  -5.31550676215967 -0.392722885965887
232  -5.46916217686908 -0.506404830603722
233  -5.62641462174266 -0.61837413905007
234  -5.78771045919436 -0.72788098874074
235  -5.95348347158857 -0.834060728551866
236  -6.12414572687194 -0.935896131754546
237  -6.30007585273948 -1.03215664076794
238  -6.48160131785426 -1.12129875771473
239  -6.66896405759194 -1.20131016499217
240  -6.86224221287958 -1.26950880710639
241  -7.06117972501032 -1.32245116788771
242  -7.26492772467299 -1.35647607489629
243  -7.47200992961272 -1.36929194824597
244  -7.68048628121679 -1.35877955939745
245   -7.8817773175209 -1.30523839580392
246  -7.97444543672169 -1.09385774745184
247  -8.00176351569817 -0.332609719880103
248  -8.69858441062938 -0.225359241002789
249  -9.33618817575245 0.0820692571296716
250  -9.74329866896587 0.656543244944202
251  -9.71204978679671   1.3583554410158
252  -9.22865735736045  2.34872144108845
253  -8.32418483532998  2.98279869733966
254  -7.32413754087479  3.44710611047236
255  -6.31438497163453   3.8860532019681
256   -5.3259390228404  4.37186283781581
257  -4.33501971025389  4.85952645198809
258  -3.31472669677322  5.29431256256892
259  -2.24866000295253  5.61044872447262
260  -1.14896412889146  5.77324180487954
