// Id               X                Y
  1  -0.0707881932649767  0.31048068829205
  2  0.889064110713673 0.320786435872727
  3   1.83557648995547 0.339639300478928
  4   2.79134063480212 0.372013065496876
  5     3.780791523433 0.439457741321341
  6   4.69872302886683 0.694634474270044
  7    5.5248864071548  1.17736109660912
  8   6.25657022629479  1.78761127014557
  9   7.00370142577923  2.35595593820078
 10   7.89317609723876  2.62893552423342
 11   8.73010596788912  2.24690782826901
 12   8.92231366961386  1.75963549670115
 13   8.83546518670644  1.24104387940294
 14   8.51728420573228 0.813325607703245
 15    8.0470708866726 0.523938085347782
 16   7.42504488008226 0.362983781365205
 17   7.14993696206301 0.326894838488913
 18   7.14915798013802 0.326812961554454
 19   7.00185613156362 0.313370739115085
 20   6.79402183876596 0.299868471871537
 21   6.59347099992814 0.290948632619589
 22   6.41388899185257 0.285071225194612
 23      6.25618241621 0.280793848494644
 24   6.10240034540402 0.276924934532891
 25   5.94720922371999 0.272932327424326
 26   5.79261287871087 0.268559169246529
 27   5.63898946519277 0.263597372806273
 28   5.48627356916631 0.257904732767322
 29   5.33454830626463 0.251410292875175
 30   5.18393412868475 0.244101884070027
 31   5.03449642274424 0.236011621485488
 32   4.88624183651531 0.227204236666365
 33   4.73912346682978 0.217766868924995
 34   4.59305635951226 0.207801133136852
 35    4.4479333802928   0.1974171016306
 36   4.30364880662977 0.186729551426575
 37   4.16012462181493 0.175855816308283
 38   4.01732251963861 0.164913408390436
 39   3.87515456744909 0.154010205273629
 40   3.73335242762808 0.143232266067757
 41   3.59162630851492 0.132655588397382
 42   3.44978413690917 0.122355004976032
 43     3.307703779271 0.112401333310317
 44   3.16530361486699 0.102858370798095
 45   3.02253265801777 0.0937814810505402
 46   2.87936508067435 0.0852166728265724
 47   2.73579569121161 0.077199973451209
 48   2.59183832098279 0.0697572273381926
 49   2.44752380140171 0.0629041176919182
 50   2.30289624536364 0.056646383376686
 51   2.15801056444846 0.0509803877832269
 52   2.01293187268569 0.0458940067232258
 53   1.86773249384348 0.0413676266412088
 54   1.72248956501688 0.0373753537083209
 55   1.57728500880428 0.0338864055688145
 56   1.43220650891541 0.0308665511802113
 57   1.28734008467612 0.0282793781192909
 58   1.14277313014665 0.0260877604415521
 59  0.998583563717904 0.0242549976109008
 60  0.854831417241833 0.0227459642960252
 61  0.711538218884894 0.0215280585776483
 62  0.568689783040998 0.0205722681465595
 63  0.426211228463903 0.019853836675464
 64  0.284007077832741 0.0193531314243597
 65  0.141970199909484 0.019055964461764
 66  8.5499673304245e-06 0.0189537781626848
 67  -0.141953002257586 0.0190436111020583
 68  -0.28398979103919 0.0193280596060064
 69  -0.426193946056382 0.0198153222101956
 70  -0.568672662409291 0.0205192402993753
 71  -0.711521728896645 0.0214591242054101
 72  -0.854816051903624 0.0226594392156634
 73  -0.998569879848263 0.0241489556017139
 74  -1.14276196030385 0.0259600964408452
 75  -1.28733231877227 0.0281278829563165
 76   -1.4322031822097 0.0306890021610038
 77   -1.5772874620524 0.0336806732269431
 78  -1.72249925555342 0.0371395139853269
 79   -1.8677509923686 0.041100088426527
 80  -2.01296096978662 0.0455936521717967
 81   -2.1580521316267 0.0506467149467565
 82  -2.30295214952127 0.0562796554861117
 83  -2.44759595348847 0.0625055210426543
 84  -2.59192857324933 0.0693290246723513
 85  -2.73590571385374 0.0767456544745115
 86  -2.87949637353462 0.0847411080670385
 87   -3.0226864665871 0.0932910667881664
 88  -3.16548080322215 0.102361166177118
 89  -3.30790485280624 0.111907202507216
 90  -3.45000918412173 0.121875752452149
 91  -3.59187491712265 0.132205093733776
 92  -3.73362378045648  0.14282664169327
 93  -3.87544742255905 0.153667977978549
 94   -4.0176352474536 0.164655769799588
 95  -4.16045534506214 0.175706867017155
 96  -4.30399525215297 0.186716348978198
 97  -4.44829299565768  0.19756969710075
 98  -4.59342643143037  0.20815263483556
 99  -4.73950107157551 0.218353453182277
100   -4.8866239805041 0.228065079309839
101   -5.0348802280612 0.237188686508717
102  -5.18431632057337 0.245639483352351
103  -5.33492554992175  0.25335445784972
104  -5.48664136552374 0.260302245900203
105  -5.63934130200297 0.266494561740332
106  -5.79293731710424 0.272000686171731
107  -5.94748630924084 0.276960185392866
108  -6.10259940503014 0.281574989139765
109  -6.25626640282223 0.286086530504548
110   -6.4137960572451 0.291039732385225
111  -6.59305074946896 0.297689185894999
112  -6.79316603831641 0.307446762719728
113  -7.00053621684761 0.321748426811811
114  -7.14741706251325  0.33567315584758
115  -7.14825905911268 0.335764427678343
116  -7.41904991262892 0.371955439875174
117  -8.04075985082122 0.532079942032666
118  -8.51286358644837 0.817315731733116
119  -8.83790010860993  1.23946977252507
120  -8.93767275055049  1.75546751489775
121   -8.7608444146534  2.24811209031495
122  -7.93805966770212  2.65638010936261
123  -7.04647864164143   2.3986508341291
124  -6.30311297513208  1.83190511746268
125  -5.58650562078799  1.21681270696666
126  -4.78059020371729  0.72301803220016
127  -3.87862430283955 0.453651156559755
128   -2.9337294816851 0.379798754009899
129  -1.94140054972803 0.336933842123403
130  -1.00464912754611 0.293715273912206
131  -0.0217834386456654 0.913534087469335
132  0.909458573641436 0.928969209888318
133    1.8408512638803  0.94761237648542
134   2.77174892730557 0.978525336058416
135   3.70140042530576  1.03025419348498
136    4.5960843154761   1.2959938753653
137   5.40169974763467  1.77974785173017
138    6.1564639091593  2.39595597715831
139   7.04753973869146   2.9686363355894
140   8.09375819043784  3.19121550378295
141   9.03745713892451   2.6857524161797
142   9.39691415811881   2.1149136711354
143   9.43818363323677  1.44058662074875
144   9.17524852459262 0.817616729468903
145   8.69694708626731 0.347568854265726
146   9.19849423137608 -0.0469108991021257
147     9.510593611147 -0.58893721984505
148    9.4424431506154 -1.05902042716919
149   9.22643269501669 -1.31997658880949
150   9.04211652925563 -1.52303968861933
151   8.87826891544934 -1.71626995439039
152   8.70904027091556 -1.89410750342453
153   8.52130903213954 -2.05081746544598
154   8.32322353996999 -2.18045486240031
155   8.12319136417307 -2.28876934683199
156   7.92317214511176 -2.38243866148097
157    7.7238376637554 -2.46468109757502
158   7.52573968311329  -2.5378746123094
159   7.32911562300843 -2.60403510114009
160   7.13392899890191  -2.6647103760193
161   6.93999908111508 -2.72102089125368
162   6.74708120099921 -2.77376754411449
163   6.55491076862268 -2.82350738172055
164   6.36322749465818 -2.87062091801527
165   6.17178586850444 -2.91536190701651
166   5.98035468408534 -2.95790483283926
167   5.78870461463881 -2.99837819626386
168   5.59659355693967 -3.03686750523937
169   5.40382876860295 -3.07336331392848
170   5.21039542711105 -3.10775306067018
171    5.0163523720489 -3.13995325318843
172   4.82172565855998 -3.16995313096301
173   4.62651719642418 -3.19777658324889
174   4.43072477671772 -3.22346507190361
175   4.23434899242319 -3.24707675996041
176   4.03739581510139 -3.26868580182989
177   3.83987781553809 -3.28838062318425
178   3.64181247973124   -3.306262501666
179   3.44322047301188 -3.32244293611689
180   3.24412524822764 -3.33704001335724
181   3.04455155223033 -3.35017533429198
182   2.84452212271895 -3.36197112354821
183   2.64405666493698 -3.37254640581293
184   2.44317063588255 -3.38201403236994
185   2.24187216044185 -3.39047867296398
186   2.04015819299916 -3.39803434032459
187   1.83801938748408 -3.40476123620321
188   1.63543534135001 -3.41072481900697
189   1.43238376948277 -3.41597213779465
190   1.22884801316278 -3.42053011995678
191   1.02483756419456  -3.4244059422087
192  0.820386200099884 -3.42759201464129
193  0.615578699683199 -3.43007400073399
194  0.410513221126033 -3.43184371993433
195  0.205294336030956 -3.43290156680389
196  8.10163669472748e-06  -3.4332539289911
197  -0.205278111450386 -3.43290460938621
198  -0.410496761835015 -3.43184992343366
199  -0.615561806887509 -3.43008364445939
200  -0.820368774425156 -3.42760552175799
201  -1.02481942240457 -3.42442391441737
202  -1.22882923278916  -3.4205533133563
203  -1.43236470224928 -3.41600139441572
204  -1.63541645375276 -3.41076107198769
205  -1.83800151819989 -3.40480544724908
206  -2.04014249549334 -3.39808743735235
207  -2.24185997151391 -3.39054154820361
208  -2.44316366799145 -3.38208745768869
209  -2.64405699700574  -3.3726309388921
210  -2.84453207565195 -3.36206706548233
211  -3.04457378016312 -3.35028262146222
212  -3.24416275309432 -3.33715808191374
213  -3.44327647760402 -3.32257063087093
214  -3.64189042507298 -3.30639794393352
215  -3.83998135308595 -3.28852104603747
216  -4.03752865900952 -3.26882743258461
217  -4.23451484518463 -3.24721468420459
218  -4.43092727278245 -3.22359307582712
219  -4.62675969839409 -3.19788707277938
220  -4.82201111116727   -3.170037053031
221    -5.016683155361 -3.14000002859551
222  -5.21077303783179 -3.10775065236836
223  -5.40425357770502 -3.07329833527737
224  -5.59706445552483 -3.03672540451625
225  -5.78921854090508 -2.99814357574042
226  -5.98090638002587 -2.95756167060478
227  -6.17236744597238 -2.91489413291171
228   -6.3638279252532 -2.87001311610742
229  -6.55551551827412 -2.82274569361731
230  -6.74767160640228 -2.77284071572783
231  -6.94055194304844 -2.71992199388739
232   -7.1344164995559 -2.66343806545917
233  -7.32950521428402 -2.60259632515752
234   -7.5259949261804 -2.53628648181858
235  -7.72391989250653 -2.46297415822643
236  -7.92304338656246 -2.38065891363616
237  -8.12281754751815 -2.28698001633445
238  -8.32257594679187  -2.1787343182464
239  -8.52037838219167 -2.04926668179267
240  -8.70784366790355 -1.89286723854064
241  -8.87676500743127 -1.71547812208675
242  -9.04008671976513 -1.52280758000957
243  -9.22357835125045 -1.32047342220961
244  -9.43884764338453 -1.06029801595116
245  -9.50584626336627 -0.589388787858736
246  -9.19150652321513 -0.0447848036920118
247  -8.68933750900099 0.350138958896442
248  -9.17168595827898 0.815971117543616
249  -9.44376565632564  1.43547568718947
250  -9.41596933184792  2.11119725542552
251  -9.06697826399454  2.68918937854894
252  -8.13556224207177  3.21746790179506
253   -7.0862396346667  3.01118009102969
254   -6.1944156965791  2.43854934078162
255  -5.43836826842519  1.81326303320198
256  -4.63884816163191  1.31582592723953
257  -3.74441157756791  1.04443527814677
258  -2.81319319175693 0.974697311443321
259  -1.88192327043775 0.942745519431954
260  -0.950398835919005 0.886358463810062
