// Id               X                Y
  1  -0.0761390346683882 0.299522156936398
  2  0.836972259626315 0.304808647437809
  3   1.75244676562091 0.321240803143286
  4   2.70545666730088 0.355234999937741
  5   3.63525770895626 0.528244863200344
  6   4.51574461383022 0.845324461006948
  7   5.33272706465571  1.27694419795124
  8   6.10124503352368  1.76574211439148
  9   6.86956606953143  2.24013062468566
 10   7.70078589272964  2.55862387280279
 11   8.59017840333196  2.54879480440747
 12   9.01949694650156  2.31725548874409
 13   9.32596987649454  1.91990243401718
 14   9.39735426039972  1.40769361807965
 15   9.17034250705968 0.957279547089508
 16   8.55514437446267 0.696153732826796
 17   8.54828545980694 0.694210855864277
 18    8.1932351598783 0.618933963985003
 19    7.8241973147326 0.557643507537216
 20   7.47927287944255 0.502361994984398
 21   7.17107728150835 0.452075210989922
 22   7.00407417795594 0.424604246362862
 23   6.87561691864558 0.403548780867284
 24   6.74727731758718 0.382741091994527
 25   6.61016979307097 0.360943871716075
 26   6.46115086545848 0.337951115552651
 27   6.30067948858291 0.314191363209857
 28    6.1316098536064 0.290439107905138
 29   5.95727388664307 0.267435548779294
 30   5.78011713938664  0.24566789849669
 31   5.60169301018256  0.22539333293375
 32   5.42301736240335  0.20671758993126
 33   5.24478664454801 0.189648887466384
 34   5.06748970911652 0.174132511144511
 35    4.8914720846084 0.160074704568024
 36   4.71697646835762 0.147359562637746
 37   4.54416904395204 0.135860869345719
 38    4.3731565941114 0.125450228162584
 39   4.20399749835375 0.116002501337748
 40   4.03670872587247 0.107399323208617
 41   3.87127035930037 0.0995312542115007
 42   3.70762882572565 0.0922989890009366
 43   3.54569975421031 0.0856139164062785
 44   3.38537114384809 0.0793982430980727
 45   3.22650727122319 0.073584829897242
 46   3.06895349408072 0.0681168439338618
 47   2.91254185638444 0.0629472966842401
 48   2.75709721518281 0.0580385135544175
 49   2.60244352145308 0.0533615623648484
 50   2.44840989520955 0.0488956540436043
 51   2.29483621227996 0.0446275181060069
 52   2.14157802442431 0.0405507476801899
 53   1.98851072260421 0.0366651037467895
 54   1.83553288958914 0.0329757657810578
 55   1.68256875020654 0.0294925161530299
 56   1.52956951360661 0.0262288489482615
 57   1.37651324386428 0.023201001529721
 58    1.2234027730677 0.0204269208170284
 59   1.07026120952306 0.0179251965748488
 60  0.917124916094716 0.0157140181788172
 61  0.764034466066716 0.0138102311695117
 62  0.611024863543147 0.0122285734031066
 63   0.45811690521051 0.0109811485647331
 64  0.305311621082538 0.0100771490648563
 65   0.15258914723663 0.00952278620920153
 66  -8.76573847760993e-05 0.00932134468591056
 67  -0.152765671967695 0.00947326716744798
 68  -0.305491773104476 0.00997619675683453
 69  -0.458303093243358 0.0108249514385107
 70  -0.611219479991931 0.0120114596903226
 71  -0.764239878730957 0.0135247319484319
 72  -0.917343462417157 0.0153509630553456
 73  -1.07049519723576 0.0174738480047632
 74  -1.22365448972421 0.0198751513656306
 75  -1.37678497459219 0.0225355163844657
 76  -1.52986356277773 0.0254354545504639
 77  -1.68288746007622 0.0285564353132852
 78  -1.83587864802438 0.0318820000807673
 79   -1.9888859526104 0.0353988451522328
 80  -2.14198514955142 0.0390978428291397
 81  -2.29527759348551 0.042974990470838
 82  -2.44888773598423 0.0470322909629223
 83  -2.60295973896232 0.0512785755301742
 84  -2.75765327592371 0.0557302825366196
 85  -2.91313857556391 0.0604122048925394
 86  -3.06959079857479 0.0653582142737522
 87  -3.22718392640214 0.0706119625484785
 88  -3.38608444412278 0.0762275495897112
 89  -3.54644517494588 0.0822701320895764
 90   -3.7083996288798 0.0888164299765199
 91  -3.87205713545033 0.095955064819504
 92  -4.03749883990266 0.103786636335733
 93  -4.20477438374586 0.112423405613279
 94  -4.37389880983938 0.121988402494221
 95  -4.54484896615592 0.132613704372012
 96  -4.71755843349422 0.144437538415028
 97  -4.89190972963381 0.157599732654301
 98  -5.06772216798922 0.172234878157156
 99   -5.2447331636944 0.188462363066896
100  -5.42256979479208 0.206372203113947
101  -5.60070549687646 0.226005307859634
102  -5.77839176086612 0.247326286801441
103  -5.95453861732479 0.270185007349909
104   -6.1274779392362 0.294257498145985
105  -6.29459008091474 0.318963330808618
106   -6.4524272161154 0.343467043732052
107  -6.59843557959296 0.366983164505666
108  -6.73305817983979 0.389215617472741
109  -6.86075350719347 0.410616239285006
110   -6.9917934781105 0.432704368325595
111  -7.20407409048078 0.468360512183891
112  -7.52080565983955  0.52030296870393
113  -7.87184974861344 0.576019926355587
114  -8.24062686656866 0.637051671399398
115  -8.58534700396837 0.712401887501101
116  -8.58543200402807 0.712426606152606
117     -9.18625065795 0.972732870786195
118  -9.41775974610403  1.42111604822819
119  -9.35543981570044  1.93411765762515
120  -9.05867572900898  2.33782121767613
121  -8.63585796979751  2.57917873565178
122  -7.74819765937979  2.60609630348424
123   -6.9166181169514  2.29509970581554
124  -6.15300691563452  1.82053371483774
125  -5.39443848763475  1.32742187234584
126  -4.59248867223082 0.888518566270082
127  -3.73205046605454 0.561216301865614
128  -2.82817849547494 0.375370433756564
129  -1.90571813731401 0.323640262195004
130  -0.989501330230623 0.275412852609246
131  -0.0195087431929225 0.880428735474379
132   0.88147316663426 0.888289910155286
133   1.78131991661164 0.906029346550339
134   2.67707575637153 0.971077562255245
135   3.55872327689051  1.14412032605972
136   4.40663039893693  1.45635068238471
137   5.21363554839195  1.88663933345162
138   6.01231674736852  2.37784011899896
139   6.92805560076315  2.85819686512778
140   7.97920594986102  3.10586101978436
141   9.03097240629825   2.8428392303723
142   9.53256350516109  2.37113552418421
143   9.80860968346624  1.75417570984377
144   9.87493685958715  1.12960722671648
145   9.83339586481424 0.588283189614233
146   9.71937273580604 -0.0954991044972751
147   8.94782636034813  -1.9752473929626
148   8.85098718245971 -2.05361694997492
149   8.82545858579847 -2.07279437632216
150   8.78453144051348 -2.10235178850555
151   8.70931178916612 -2.15314676882354
152   8.51536950328422 -2.26590220675103
153   8.28436212866213 -2.37347441774666
154   8.04989576329118 -2.46015193808799
155   7.82245198486578 -2.52753700194474
156   7.60656787574429 -2.57955656962447
157   7.40251236575848 -2.62022611805091
158   7.20773476205294 -2.65287944228015
159   7.01900492844898 -2.67991813270367
160   6.83388833610859 -2.70293636054139
161   6.65080728766915 -2.72301370809722
162   6.46871486265886 -2.74092653170925
163   6.28689039268924  -2.7572593683326
164   6.10483264617862 -2.77246443828308
165   5.92219565359013 -2.78689608703455
166   5.73874576160386 -2.80083194288579
167   5.55433180774265 -2.81448659616527
168   5.36886435063515 -2.82802099869113
169   5.18230138345898 -2.84154943701869
170   4.99463868609809 -2.85514517416056
171   4.80590338559914 -2.86884541070445
172   4.61614955004437 -2.88265595116076
173   4.42545483020679 -2.89655579627263
174   4.23391735486641 -2.91050176902261
175   4.04165231625066 -2.92443319394827
176   3.84878794718921 -2.93827657511391
177   3.65546085278634 -2.95195015854555
178   3.46181086704616 -2.96536822687651
179   3.26797572348956 -2.97844496344422
180   3.07408585166055 -2.99109774088637
181   2.88025956014541 -3.00324972967832
182   2.68659878023979 -3.01483177483933
183   2.49318546609666 -3.02578354302665
184    2.3000787150901 -3.03605398847376
185    2.1073127119885 -3.04560121993209
186   1.91489571679319 -3.05439187192459
187   1.72281047771876 -3.06240009627714
188   1.53101657621839 -3.06960630016019
189   1.33945517159988 -3.07599576926911
190   1.14805628083042 -3.08155732771465
191  0.956748076227617 -3.08628218932366
192  0.765466875814489 -3.09016313265445
193  0.574165885156243  -3.0931940737811
194  0.382820678183715 -3.09537002363592
195   0.19143000448424 -3.09668732623448
196  1.1593239490288e-05 -3.09714401301831
197  -0.191406184941731 -3.09674009891296
198  -0.382794984323135 -3.09547768976399
199  -0.574137151420583 -3.09336085330587
200  -0.765434065567983 -3.09039530177291
201  -0.956710336588593 -3.08658801604391
202  -1.14801299605797 -3.08194698414284
203  -1.33940601087171  -3.0764812161973
204   -1.5309615324745 -3.07020113631517
205  -1.72274989668353 -3.06311936162298
206  -1.91483031801335 -3.05525179242118
207  -2.10724360530767 -3.04661888055854
208  -2.30000741575126 -3.03724692220157
209  -2.49311390990834 -3.02716922566702
210  -2.68652933776987 -3.01642701916924
211  -2.88019504641581  -3.0050699769003
212  -3.07402952570748 -2.99315625321194
213  -3.26793127044154  -2.9807519281847
214  -3.46178235392306 -2.96792978942233
215  -3.65545264783968 -2.95476740830048
216  -3.84880459122965 -2.94134451392218
217  -4.04169833320422 -2.92773971989065
218  -4.23399698836189 -2.91402670894778
219  -4.42557169433353 -2.90027001778599
220  -4.61630618696031 -2.88652057926268
221  -4.80610073193469 -2.87281116654741
222  -4.99487546555385 -2.85915184427486
223  -5.18257346597371 -2.84552547121941
224  -5.36916415047015 -2.83188322312532
225  -5.55464783554912 -2.81814001251718
226  -5.73906250060793 -2.80416956163355
227   -5.9224939974674 -2.78979870528226
228  -6.10509121208987 -2.77480021085615
229  -6.28708809721519 -2.75888291872813
230  -6.46883520968541 -2.74167718172794
231  -6.65084490063004 -2.72271212273347
232  -6.83385870671978 -2.70137837047557
233  -7.01896074508995 -2.67686318454402
234  -7.20779948808322 -2.64802745700297
235  -7.40293138717205 -2.61317256212433
236  -7.60764092659597 -2.56974468097411
237  -7.82409888612177 -2.51431096516043
238  -8.05102393624418 -2.44302088245117
239  -8.28252628128695  -2.3526182259695
240  -8.50720461851115 -2.24278018476591
241  -8.66135037085698 -2.15100640806767
242  -8.72504501127086 -2.10828158094332
243  -8.75631614262524 -2.08614942419393
244  -8.78241272368261 -2.06705946551011
245    -8.896059389196 -1.97678867915864
246  -9.70702679032912 -0.102324593532276
247  -9.83605679036038  0.58190394643814
248  -9.89026404339825  1.12769295734977
249  -9.83645056578806  1.76588965464857
250  -9.57116460996403  2.38964652116986
251  -9.07733779007468   2.8708534064193
252  -8.02954171385219  3.15091675291073
253  -6.97504949525149  2.91296178723176
254  -6.05374551780466  2.43061876817803
255  -5.25547878335534   1.9327712903904
256  -4.45106179889313  1.49291058775093
257  -3.60480647786866  1.16864673244865
258  -2.72159549746051 0.981568503421224
259  -1.82110996158199 0.901920481265277
260  -0.918932992614305 0.876681098997283
