// Id               X                Y
  1  -0.00422581090318249 -0.231182562360725
  2  0.901243576389547 -0.168582333688048
  3   1.76203863576038 0.0575966125927127
  4   2.63601053126587  0.57716884715083
  5   3.44155659023036  0.86859122620959
  6   4.20516030473022  1.29784957678994
  7   4.95871960735672  1.74488421574393
  8    5.7443731966473  2.12054133989867
  9   6.57895088994211   2.3553830471823
 10   7.44343533874766  2.37181639565875
 11    8.2822586542436  2.12655076493396
 12    8.6673735370154  1.83916947317306
 13   8.93690772088391  1.39867566786474
 14    8.8803526088513 0.856283891571485
 15   8.39894585289001 0.566754724336565
 16   7.61269491045409  1.03957590404277
 17    6.8935360466109  1.58023276728049
 18   6.42708390716369  1.54244018506657
 19   6.22936243485871  1.46150804585443
 20   6.04618706084537  1.35235454394526
 21   5.87648849206386  1.22838028323326
 22   5.74399749787566  1.12399980904077
 23    5.6254662511724  1.02986660647775
 24   5.51220409790744 0.942370830626774
 25   5.39303774667897 0.854969302440378
 26   5.27009611425321 0.771183294610918
 27   5.14349622560754 0.692448821239487
 28   5.01294933199295  0.61956108309796
 29   4.87893464133927 0.553399841461016
 30    4.7422586994013 0.494552882068535
 31   4.60357091331255  0.44312300130372
 32   4.46362640093297 0.398950035288621
 33   4.32294606947735 0.361605998088125
 34   4.18198154884655 0.330573619178359
 35   4.04103375455095 0.305307031542082
 36   3.90028943094121  0.28529368049119
 37   3.75988424399392 0.270081261516951
 38   3.61992740831958 0.259271352756668
 39   3.48052364769243 0.252500678044038
 40   3.34160349732093 0.249418218332243
 41   3.20308419968445 0.249689036752289
 42   3.06495352860203 0.252983364131853
 43   2.92724421799629 0.258968168863675
 44   2.79001109275691 0.267307750066118
 45   2.65332239227731 0.277668764565999
 46   2.51725157125786  0.28972667001762
 47   2.38187265285235 0.303171249542495
 48   2.24725688902324 0.317710119976035
 49   2.11347103634973 0.333069936084826
 50   1.98057637836761 0.348995774555722
 51   1.84862837364444 0.365249416220533
 52   1.71767666141331 0.381607238494212
 53   1.58776547532924 0.397858195805045
 54   1.45893453839831 0.413802135967801
 55   1.33122026515816 0.429248577260129
 56   1.20465762061315 0.444015954896897
 57   1.07928145736922 0.457931556040583
 58  0.955128185123496 0.470832162951325
 59  0.832232131287366 0.482566093807361
 60  0.710614925554362 0.492996527944954
 61  0.590250737671392 0.502006630551977
 62    0.4710204334679 0.509503166777171
 63  0.352678835039033 0.515415454559261
 64  0.234904665056151 0.519687835412535
 65  0.117406109198568 0.522274113797301
 66  7.95510307898558e-07 0.523140581636628
 67  -0.117404515561262 0.522274559998694
 68  -0.234903060252969  0.51968871996419
 69  -0.352677203883477 0.515416762574353
 70  -0.471018759536668 0.509504876953019
 71  -0.590249014286283 0.502008714617834
 72  -0.710613163243886 0.492998949267512
 73  -0.832230357348838  0.48256880623668
 74  -0.955126439142619 0.470835110446844
 75  -1.07927978732368  0.45793467292004
 76  -1.20465608069282 0.444019166696591
 77  -1.33121891453123 0.429251802576748
 78   -1.4589334407361 0.413805289827276
 79  -1.58776469857746 0.397861195126052
 80  -1.71767627875964 0.381610009679956
 81  -1.84862846488689 0.365251904337865
 82  -1.98057703423818 0.348997951922831
 83  -2.11347236311512 0.333071807260035
 84   -2.2472590197687 0.317711717713671
 85  -2.38187575551127 0.303172617748987
 86  -2.51725587026871 0.289727827838901
 87   -2.6533281682726 0.277669654711033
 88  -2.79001870910422 0.267308171690529
 89  -2.92725406046071 0.258967716202786
 90  -3.06496602825998  0.25298137700617
 91   -3.2030996318236 0.249684602577525
 92  -3.34162212867239 0.249410230957131
 93  -3.48054539893264  0.25248799798328
 94  -3.61995265676613 0.259253112138599
 95  -3.75991288357993 0.270057242566955
 96  -3.90032067171083 0.285264720426205
 97  -4.04106278623723 0.305274781603777
 98  -4.18200314635243 0.330540633026036
 99  -4.32296157350924 0.361576563901372
100  -4.46363666620373 0.398927908178075
101  -4.60358782986437 0.443113890293312
102  -4.74226015366763 0.494548317669171
103  -4.87893478933155 0.553401799781572
104  -5.01292454243811 0.619552684341042
105  -5.14348018931976 0.692441761215554
106  -5.27011075534511 0.771187894772136
107  -5.39307761565636  0.85498062695937
108  -5.51226894106257 0.942388153932933
109  -5.62552921182882  1.02987017870251
110  -5.74390200942255   1.1238651834406
111  -5.87653105220985  1.22835239883447
112  -6.04606172604979  1.35220860888369
113  -6.22929910296652   1.4614245269532
114  -6.42693758570258  1.54234329632785
115  -6.89340672167254  1.58018377933627
116  -7.61258904842667  1.03952374448997
117   -8.3988616345285 0.566721651986066
118   -8.8802557841035 0.856258576676765
119   -8.9368006366079  1.39863458851356
120  -8.66727434061007  1.83911574066895
121  -8.28216518289745  2.12649783816506
122  -7.44335349688914  2.37178533513782
123  -6.57888196807455  2.35540908281891
124  -5.74436318756732   2.1207448521131
125  -4.95924275644704  1.74594269393002
126  -4.21075968250916  1.30205954566038
127  -3.47520898662591 0.877194552739714
128  -2.73286424972248 0.566934259783271
129  -1.81875378085609 0.0492890616576161
130  -0.920701241928122 -0.168294190678439
131  -0.0015799719861153 0.376048833119723
132  0.873742342878226  0.44510187220097
133   1.71984464828503 0.678725810297028
134   2.52880928230917  1.11605995456909
135   3.32098196230725  1.47410694826034
136   4.10393601932472  1.90865732676968
137   4.90306968066751  2.35880235383426
138   5.76581437928379  2.73351546999021
139   6.77492034031013  2.93848623615594
140   7.84029822873462  2.80745854679692
141   8.75652001559074  2.23077100505506
142   9.12503503790607  1.64483991659007
143   9.24009579862778  1.03007203372612
144   9.21905934606603 0.552853369359037
145   9.19499290719016 0.144095685925635
146   9.33751866683447 -0.51430271780975
147   9.81130400853436 -1.88014654435948
148   9.81130228488689 -1.88014917021876
149   9.52868431467345 -2.14371953804577
150   9.32315189482521  -2.2803823558701
151   9.20283414645294 -2.35525860942328
152   9.06511240613404  -2.4405095450983
153   8.91767428212798 -2.53417846368966
154    8.7561380205664 -2.64076608545236
155   8.59436844720278 -2.75052400492999
156   8.43184455561992 -2.86113586061847
157   8.26729444597903  -2.9702471504793
158   8.09979844367819 -3.07553351986194
159   7.92842176134518 -3.17542865014558
160   7.75265320114482 -3.26898507749391
161   7.57258852150355 -3.35574783158719
162   7.38843182988555  -3.4358609458312
163   7.20055271805868 -3.50980278958812
164   7.00911789450322 -3.57830925490391
165   6.81417810458485 -3.64213876400846
166   6.61571562431096 -3.70193754370911
167   6.41373031274355  -3.7581624264231
168    6.2082526636232 -3.81107935996401
169   5.99940783359321 -3.86078375877748
170   5.78762012788429  -3.9072163831791
171   5.57340210809578 -3.95028536444444
172   5.35718838915558 -3.98994731898122
173   5.13933443818559 -4.02622658553788
174   4.92013746165668 -4.05921272427896
175    4.6998496651886 -4.08904796334673
176   4.47868695656909 -4.11591040361932
177   4.25683406320708 -4.13999815593001
178    4.0344487119643 -4.16151704847577
179   3.81166484879606 -4.18067267043346
180    3.5885950393186 -4.19766599118599
181   3.36533188349596 -4.21269126270097
182    3.1419485093841 -4.22593498386875
183   2.91849815855527 -4.23757509255563
184   2.69501300728405 -4.24777992253045
185   2.47150262970888 -4.25670671332093
186   2.24795265475125 -4.26449961657757
187   2.02432516617551 -4.27128723720624
188   1.80056161031265 -4.27717994869717
189   1.57659040189651 -4.28226737720388
190   1.35233723481103 -4.28661676930021
191   1.12774077443893   -4.290272925391
192  0.902768754826154 -4.29326043067719
193  0.677434906170693 -4.29558820364526
194  0.451798837707074 -4.29725565376529
195  0.225952012491649 -4.29825856454515
196  -1.83870613024943e-06  -4.2985931516656
197  -0.225955698933106 -4.29825798712673
198  -0.451802550612884 -4.29725450554289
199  -0.677438660859162 -4.29558649823578
200  -0.902772562115857 -4.29325818951935
201  -1.12774463814585 -4.29027017895076
202  -1.35234115075084 -4.28661355845885
203  -1.57659435888623 -4.28226375443975
204  -1.80056559223231 -4.27717597860257
205  -2.02432915440802    -4.27128299587
206  -2.24795663065867 -4.26449518957332
207  -2.47150657697358 -4.25670219246917
208  -2.69501691362592 -4.24777540232029
209  -2.91850201706225 -4.23757066787246
210  -3.14195231900213   -4.225930751281
211   -3.3653356495546 -4.21268732739133
212  -3.58859877271897 -4.19766248052809
213  -3.81166856603269 -4.18066975245691
214  -4.03445243232401  -4.1615149501436
215  -4.25683781009597  -4.1399971710887
216  -4.47869075349125 -4.11591087836874
217  -4.69985354840489 -4.08905024230016
218  -4.92014148320947 -4.05921704974394
219  -5.13933873691772 -4.02623293777784
220  -5.35719330568919 -3.98995521317714
221  -5.57340869270516 -3.95029357394346
222  -5.78763105256823 -3.90722261187185
223  -5.99942951669462 -3.86078410926088
224  -6.20829779579601 -3.81106771627847
225  -6.41382083124114 -3.75812963497437
226  -6.61587966966283 -3.70187197152754
227  -6.81443383007239 -3.64203090048652
228  -7.00944469754019 -3.57816208154176
229  -7.20087756666427 -3.50964094828842
230  -7.38867941045005 -3.43571805292177
231  -7.57271917167728 -3.35565165849904
232  -7.75271483258435 -3.26892643730377
233  -7.92843451108088 -3.17540782823164
234  -8.09977989381305 -3.07554901935832
235  -8.26717884833025 -2.97034745811866
236  -8.43159352775132 -2.86135237856721
237   -8.5940583393239 -2.75080066484944
238  -8.75586648519423 -2.64102319429915
239  -8.91756686966285 -2.53432124110158
240  -9.06534099793481 -2.44042766111233
241  -9.20288974493588 -2.35526333807151
242  -9.32339650301797 -2.28024429646043
243  -9.52827899875655 -2.14395095203142
244  -9.81110357331642 -1.88024251397356
245  -9.81110508200188 -1.88024021551242
246  -9.33748102500332 -0.514343982747633
247  -9.19493797795169 0.144100534837221
248   -9.2189938161155 0.552855381548692
249  -9.24001039360362  1.03005928844912
250  -9.12493923995206  1.64478591549109
251   -8.7564306212103  2.23070956842605
252  -7.84023652006977  2.80741200546237
253  -6.77489450548662   2.9384777708949
254  -5.76591359329823  2.73366714680598
255  -4.90287965896379  2.35967321236908
256  -4.10303315918128  1.91065183470377
257  -3.32035079398164   1.4695965587679
258  -2.52483473586791  1.08263166929511
259  -1.72574885729125 0.664686389661036
260  -0.876436951795442 0.440114614342378
