// Id               X                Y
  1  -0.0987016631371788  3.17421885089434
  2  0.854428090778721  3.15975569040571
  3   1.82407574331375  3.04301627115812
  4   2.74415060790437  2.85685321027767
  5   3.62922157426161  2.62773361632887
  6   4.50371673938854  2.40511988239891
  7   5.39056760824575  2.22940108866138
  8   6.28512219486898  2.09954510372731
  9   7.17948909669361  1.98673566545615
 10   8.06554335704799  1.84386581972932
 11   8.93213237269697  1.60217417155265
 12   9.37481700365138  1.36418836634387
 13   9.76045821740158  1.01073811873419
 14   9.99988135587015 0.444093371493754
 15   9.85022566031844 -0.0812790294191978
 16   9.11882131498728 -0.302625090798957
 17   8.59289616664729 -0.189503858081217
 18   8.50235915412296 -0.159548477052992
 19   8.44565701056262 -0.139218058242187
 20   8.39159399005547 -0.118742573157146
 21   8.33559259279966 -0.0964115243196303
 22    8.2696112444424 -0.0686942243944398
 23   8.18932067252749 -0.0329623761252801
 24   8.09394394326139 0.0122016177740863
 25    7.9845995603338 0.0673752882970832
 26   7.86310918240918  0.13255269899026
 27   7.73138496782512 0.207286563078028
 28   7.59122081842355 0.290740716555431
 29   7.44430183343409  0.38169773924278
 30   7.29215526266446 0.478657304278018
 31   7.13589351965633  0.58011644026993
 32    6.9760623601915 0.684802589466438
 33   6.81277916561874 0.791686016180485
 34   6.64593042878366 0.899908617162054
 35   6.47529506498808  1.00873373712296
 36   6.30061669960427  1.11751578419842
 37   6.12165506317703  1.22567713409845
 38   5.93822666955007  1.33268975988893
 39     5.750236128524  1.43806267350326
 40   5.55769656971643  1.54133622619059
 41   5.36073757924582  1.64208291688351
 42   5.15960060723567  1.73991277385415
 43   4.95462383971733  1.83448046594159
 44   4.74622002894832  1.92549140845514
 45   4.53485125898636  2.01270502557327
 46   4.32100417104629  2.09593449804384
 47   4.10516817730976  2.17504330563967
 48   3.88781806563833  2.24993945087244
 49   3.66940140963652  2.32056843279717
 50   3.45033043852393  2.38690595688236
 51   3.23097744812697   2.4489511647187
 52   3.01167236506779  2.50672094324586
 53   2.79270070574538  2.56024564986375
 54   2.57430010041972  2.60956632201384
 55   2.35665421251859   2.6547330675567
 56   2.13988464332218  2.69580389087259
 57   1.92404390008647  2.73284293070312
 58   1.70911415940248  2.76591731009076
 59   1.49501552825205  2.79509261647796
 60   1.28162371148989  2.82042799471664
 61   1.06879283500355   2.8419722573003
 62  0.856377403412032  2.85976202350547
 63  0.644248604230176  2.87382205669829
 64  0.432302904090568  2.88416724202736
 65  0.220463312412395  2.89080532990572
 66  0.00867497524149118  2.89373961904485
 67  -0.203102970748281  2.89297097629065
 68  -0.414907585366614  2.88849883305773
 69  -0.626782905973925  2.88032099931925
 70  -0.838789884097192  2.86843231197271
 71  -1.05101377612251  2.85282233192917
 72  -1.26356694371034   2.8334725539747
 73  -1.47658499347239  2.81035386562878
 74  -1.69021498701814  2.78342516643885
 75  -1.90459641620266  2.75263394891973
 76  -2.11983841517074  2.71791910914331
 77  -2.33599889588953  2.67921541265132
 78   -2.5530711339077  2.63645834541899
 79  -2.77098021421935  2.58958805479106
 80   -2.9895874634836  2.53855180954977
 81  -3.20869839825457  2.48330535908211
 82  -3.42807007387027  2.42381412179632
 83  -3.64741591327389    2.360055099215
 84  -3.86640827191538  2.29202004367972
 85  -4.08468017721279  2.21972001367883
 86  -4.30182793124111  2.14319116522511
 87  -4.51741603282471  2.06250142878396
 88   -4.7309854941267  1.97775754491023
 89  -4.94206619919539  1.88911175013449
 90  -5.15019343379451  1.79676725191899
 91  -5.35492803318153  1.70098159793823
 92  -5.55587873083808  1.60206724865016
 93  -5.75272434463662  1.50038919362371
 94  -5.94523263988053  1.39636029400584
 95  -6.13327238019358  1.29043599019767
 96  -6.31681548050579  1.18311072081608
 97  -6.49592730440277   1.0749184742697
 98  -6.67074454935083 0.966439202056506
 99  -6.84144093716191 0.858311700663926
100  -7.00817971086781 0.751252958925642
101  -7.17104528576998 0.646086322185796
102  -7.32992502635905 0.543791878851114
103  -7.48430332549085 0.445592194123363
104  -7.63309954991252 0.352970458311709
105  -7.77484178086788 0.267438212298208
106  -7.90796516313097 0.190236920998252
107  -8.03084180211606 0.122252765447267
108  -8.14172931423481 0.0640269743261418
109  -8.23894582993912 0.0157001349504301
110  -8.32145456399903 -0.0231559297139049
111  -8.39003150963279 -0.0538546350314746
112  -8.44895060976546 -0.0790264045409707
113  -8.50629559894998 -0.102426545341631
114  -8.56685199034399 -0.125929175852628
115   -8.6652126735952 -0.161398525258975
116  -9.18980278064246 -0.293386492772319
117  -9.93262853665484 -0.10727093842694
118  -10.1094752718431  0.40591203913726
119   -9.9047119911101 0.977395155535587
120  -9.53860943572963  1.34755327646712
121  -9.10762019931859  1.60123344102159
122   -8.2487451912193  1.86149015255429
123  -7.36598846672175  2.00855201139725
124   -6.4737639370842  2.11515407898048
125  -5.58061371597412  2.23285988380658
126  -4.69425027115455  2.39436776197643
127  -3.82031079948416  2.60522311980974
128  -2.94374752565965   2.8350289589227
129  -2.04602738179073  3.01720394338779
130  -1.05798911929899  3.10821587789088
131  -0.0887842659198947   3.7688178098153
132  0.858966591215645  3.74480260858329
133   1.80244027110861  3.63464200527343
134   2.73827393484987  3.45554020407451
135   3.66514325179424  3.23674980799574
136   4.58700782701893   3.0174886237583
137   5.51064027118374  2.83654970395887
138    6.4447276186251  2.69780691180293
139    7.3975504587289  2.56543731399679
140   8.42082235642698  2.34323914786403
141   9.38518564091496  1.89692484517081
142   9.89088029531027  1.45596337886109
143   10.2703343218887 0.915928172291493
144   10.4914407817899 0.415511678639612
145   10.6363663353202 -0.0724035996227264
146   10.7897302645578 -0.729618863992616
147   10.7871087674788 -1.77101793956035
148   10.5888047736865  -2.1731478819188
149   10.3140480696503 -2.49009125560113
150    9.9894942410264 -2.72702570103961
151   9.63423167347815  -2.8906480312934
152   9.26840767497484 -2.98745699853582
153   8.90814800033822 -3.02773756760937
154   8.56287266082107 -3.02343300161109
155   8.23656820239638 -2.98551757681133
156   7.92995892466386 -2.92294258281921
157   7.64211398782451 -2.84262404959429
158   7.37131170534389 -2.74976473668575
159    7.1154080645569 -2.64817269133825
160   6.87210484316173 -2.54056649499072
161   6.63934552268717 -2.42896034159671
162   6.41555711670109 -2.31499826481475
163   6.19956858707522 -2.20008808920774
164   5.99045330484169 -2.08542584531864
165    5.7874371763259 -1.97200862565266
166   5.58985089520246 -1.86065011949069
167   5.39709680671513 -1.75199461291122
168   5.20862087153546 -1.64652941794832
169   5.02388883378732 -1.54459792425974
170   4.84236835363009 -1.44641547610079
171   4.66351893445818 -1.35208913527417
172   4.48679017910555 -1.26164080017348
173   4.31162727888081 -1.17503185417615
174   4.13748147522476 -1.09218698411684
175   3.96382284896068 -1.01301505482254
176   3.79015306470991 -0.937425647035898
177   3.61601632153356 -0.865340706182806
178   3.44100746219481 -0.796701464869284
179   3.26477682575175 -0.731471296789848
180   3.08703196564495 -0.669635440549963
181   2.90753684430675 -0.611198646744376
182   2.72610960526751 -0.55618179131699
183   2.54262047226897 -0.504618366140442
184   2.35699148737837 -0.456551466623423
185   2.16919921507942 -0.412031416787742
186   1.97927982864642 -0.371113595675048
187   1.78733353989528 -0.333855658145461
188   1.59352370600219 -0.300313563309272
189   1.39806698995388 -0.270536687077766
190   1.20121472815645 -0.244563246024568
191   1.00322977027523 -0.222417535885037
192  0.804364771733204 -0.20410987172039
193  0.604846648656904 -0.189639099322881
194  0.404869156619361 -0.178996773135053
195  0.204593124660234 -0.172171842915538
196  0.00415259497057263 -0.169154847193455
197  -0.196335140439178 -0.169940928490655
198  -0.396757375620959 -0.174531283562801
199  -0.596993211450784 -0.182932884730326
200  -0.796901663022116 -0.195156488724552
201  -0.996312420966854 -0.211213155306319
202  -1.19502138289924 -0.231109780086066
203  -1.39279310528737 -0.254844488008605
204  -1.58937153265331 -0.28240301016838
205  -1.78449840275174 -0.313757150086849
206  -1.97793594618356 -0.348865933773171
207  -2.16948826196049 -0.387679094965768
208  -2.35901586617136 -0.430141653606965
209  -2.54644097469284 -0.476198133729248
210  -2.73174532920375 -0.525795615033157
211  -2.91496496839414 -0.578885791788837
212  -3.09618600769514 -0.635426798506465
213  -3.27554331827859 -0.695385490429683
214  -3.45322184870176 -0.758740388657803
215  -3.62945919923928 -0.825484979988548
216  -3.80454788126877 -0.895630693258314
217  -3.97883600929165 -0.96920867411667
218  -4.15272561784191 -1.04626940375542
219   -4.3266682283265 -1.12687922776889
220  -4.50115771616169 -1.21111299161273
221  -4.67672099595453  -1.2990422559357
222  -4.85390757840966 -1.39071902040598
223  -5.03327961843855 -1.48615550696786
224  -5.21540454191304 -1.58530124461843
225  -5.40085250453371 -1.68801924986712
226  -5.59020060340709 -1.79406323256291
227  -5.78404490253272 -1.90305726248802
228  -5.98302026268983 -2.01447824190822
229  -6.18782741588233 -2.12764022254648
230  -6.39926796202125 -2.24167877485826
231  -6.61829451840434 -2.35553473470506
232  -6.84610474573901 -2.46794231311156
233  -7.08431642441917  -2.5774162592673
234  -7.33508455869738 -2.68213519277616
235  -7.60084889535494 -2.77959148535224
236   -7.8839055196296 -2.86617763362626
237  -8.18616967065065 -2.93688129297022
238  -8.50886904109501 -2.98496464462043
239  -8.85174071239404 -3.00160357288699
240  -9.21147059605936 -2.97579940839483
241  -9.57949092823501   -2.895262616386
242   -9.9404876307801 -2.74890821506583
243  -10.2747866926935 -2.52919530608933
244  -10.5638581102648 -2.22843064589248
245  -10.7809948761759 -1.84172631521745
246   -10.838266695402 -0.800909740491187
247  -10.7196282509488 -0.136509007345533
248  -10.6009945465407 0.358473211521224
249   -10.407716637279 0.866063426124707
250  -10.0546382958665  1.42288873546758
251  -9.56565298396726  1.88352180109345
252  -8.61204285983068  2.35436331500945
253    -7.587824052979  2.58565699857277
254   -6.6302935998041  2.71412682894102
255  -5.69337814375624  2.84146798218474
256  -4.76676993801083  3.00861296430559
257  -3.84148207441463  3.21618613029867
258  -2.90939492656375  3.42722075474385
259  -1.96897243938691  3.60194964669081
260  -1.03029591439745  3.71717038184861
