// Id               X                Y
  1  -0.00795992275330711 -0.227620456139628
  2  0.873792784281699 -0.175145567340039
  3   1.70987491050007 0.00310444343354646
  4   2.64034966048193 0.513196092713542
  5   3.44310596793898 0.848984311935065
  6   4.20424788279997  1.29717669441221
  7   4.95962849940167  1.74411416301222
  8    5.7457444253885  2.11825698478702
  9   6.57957783465921   2.3524376656882
 10   7.44234934354955  2.36728708371698
 11   8.27844638184748  2.12021215114156
 12   8.66224309520017  1.83342317603383
 13   8.93771586437746  1.39497533876975
 14   8.89412114262898  0.84959379941733
 15   8.40142052301937 0.557863287094654
 16   7.59620471133732  1.04323528109622
 17   6.92929247368217  1.52878639647792
 18   6.48718546357007  1.51220348443492
 19   6.26912959026265  1.42565213736117
 20   6.08541579071127  1.31414505080506
 21   5.91288272158033  1.18309545004727
 22   5.79287675542976  1.08442946663787
 23   5.67234394579094 0.983855098179303
 24   5.55924262128023 0.892020884218292
 25   5.44110766285913 0.801453699671395
 26   5.31861129695426 0.715199590143402
 27   5.19170074501365 0.634975442379271
 28   5.06019482788954 0.561695642979392
 29   4.92455838175363 0.495978993577143
 30   4.78632989874713 0.438268705445639
 31   4.64608308922472 0.388075796997402
 32   4.50502971700272 0.344947829979185
 33   4.36343252545776 0.308110269359363
 34   4.22174863465868 0.276997228290876
 35   4.08013138053332 0.251138139738475
 36   3.93870635200298  0.23020524129485
 37   3.79756803817194 0.213946136044558
 38   3.65678573122372 0.202120703880596
 39   3.51646938634413 0.194459890624608
 40   3.37655916386337 0.190637403456764
 41   3.23699602342579 0.190294309013914
 42   3.09778004007815 0.193053343390676
 43   2.95895078699396 0.198533585227225
 44   2.82056676244824 0.206365359649017
 45   2.68269785361802 0.216200081733414
 46   2.54541909381205 0.227713961621661
 47   2.40880714029918  0.24060696584419
 48   2.27293607213361 0.254599656656615
 49   2.13787510825433 0.269429755798917
 50    2.0036871642903 0.284849625569222
 51   1.87042851677372 0.300624843104536
 52   1.73814935615238 0.316533506575262
 53   1.60689459078562 0.332365794460674
 54   1.47670648747344 0.347923160746431
 55    1.3476269028591  0.36301729223612
 56   1.21970650280671 0.377468146701564
 57   1.09301008221331 0.391102871074607
 58  0.967633786952514 0.403754587719821
 59  0.843674693236212 0.415267743946419
 60  0.721176657485003 0.425505754843148
 61  0.599966560451922 0.434364202891367
 62  0.479648364224471 0.441763635472321
 63  0.359722833660181 0.447633508615062
 64  0.239862712272012 0.451898204818593
 65  0.119943150089417  0.45448864587912
 66  -2.39943147577719e-05  0.45535745194336
 67  -0.119986330547473 0.454488249964386
 68  -0.239891897365635 0.451897761787127
 69  -0.359731198147495 0.447633622033798
 70  -0.479635202476008  0.44176484210577
 71  -0.599939555805174 0.434366519069677
 72  -0.721147786146977 0.425508619254171
 73  -0.843652238669042 0.415270565528977
 74  -0.967619542125329 0.403757174817687
 75  -1.09300200968669 0.391105360327942
 76  -1.21970206548026 0.377470720506453
 77  -1.34762437023844   0.3630200272369
 78  -1.47670497000369 0.347926016619272
 79  -1.60689370860003 0.332368665236467
 80  -1.73814898899099 0.316536274715206
 81  -1.87042866236183 0.300627420808121
 82  -2.00368788263347 0.284851977294814
 83   -2.1378764996001 0.269431902287091
 84  -2.27293828061348 0.254601656918945
 85  -2.40881035555212 0.240608876561404
 86  -2.54542356194476 0.227715769358899
 87  -2.68270383980602 0.216201610866015
 88  -2.82057452638238 0.206366150409117
 89  -2.95896043818341 0.198532761226534
 90  -3.09779162160198 0.193049477133297
 91  -3.23700946214412 0.190285375974998
 92  -3.37657515043367 0.190620921875607
 93  -3.51648920989863 0.194433432948555
 94  -3.65681217236195 0.202082876427561
 95  -3.79760063370246 0.213897544392428
 96  -3.93873992496553 0.230149235305428
 97  -4.08015554110528 0.251080682562984
 98  -4.22176030927147 0.276947446129507
 99  -4.36345255550359 0.308082217937489
100  -4.50504155813937 0.344943481159783
101  -4.64613555428475 0.388110773291128
102  -4.78631237144154 0.438300712986193
103  -4.92456874265625 0.496037802325086
104  -5.06011191203172 0.561716304694879
105  -5.19163082828344  0.63500117019309
106  -5.31856608149384 0.715231807113591
107  -5.44111002645233  0.80150218390745
108   -5.5592783371953 0.892069122820221
109  -5.67233577632197 0.983834126608429
110  -5.79282209289351  1.08433116935334
111  -5.91306804990511  1.18316149163081
112  -6.08535348620884  1.31397310819741
113  -6.26904653586168  1.42546657703708
114  -6.48706142947796  1.51202368710723
115  -6.92917340969179  1.52867868914338
116  -7.59610543200203   1.0431765820697
117  -8.40133773906978 0.557831868542827
118  -8.89402424635778 0.849570928993006
119  -8.93760988114757  1.39493427553284
120  -8.66214418415705  1.83336953880106
121  -8.27835240422459  2.12015883019079
122  -7.44226584891439  2.36725717405535
123  -6.57949596239254  2.35247141843028
124  -5.74564798169577  2.11837795473269
125  -4.95952284667483  1.74444709584791
126  -4.20450463990654  1.29896718872841
127  -3.45213902515147 0.855918246039595
128  -2.69487565905072  0.51595458719198
129  -1.87550768739658 -0.0105566468774452
130  -0.923903483222787 -0.17573551433715
131  -0.00238122576616109  0.38351563048853
132  0.870328759313914 0.438786177581751
133   1.71848397440715 0.628246366780387
134   2.53877969258758  1.05340831063867
135   3.32467926363894  1.45324885531897
136   4.10241601446533  1.90818346802781
137   4.90172211430935  2.35912192080728
138   5.76516789225514  2.73265253524807
139    6.7739234331883  2.93708307297926
140   7.83808891470117  2.80303713495913
141   8.74901018358638  2.22373650533947
142   9.12654086213499  1.64404032423248
143   9.25729733997751  1.02828052694675
144   9.23720006380319  0.53947365496411
145   9.20702047552234 0.122248916868233
146   9.36017952167496 -0.559705251002173
147   9.75284028882502 -1.80053470105012
148   9.75283969397223 -1.80053565804786
149   9.57771305204118  -1.9971332565023
150   9.25549036020098 -2.21785762517063
151   9.15467736680624 -2.28333863574108
152   8.98000438502963 -2.39778687842475
153   8.83853355824795 -2.49472898346977
154   8.68905168334316 -2.60119460257192
155   8.53955071913499 -2.70947360265618
156   8.38595005347841 -2.81908257722628
157   8.22598298473253 -2.92790564103302
158   8.05990637164872 -3.03259793194421
159   7.88840871798607 -3.13085779364547
160   7.71153769785486   -3.222089688938
161   7.53033859726086 -3.30614706144051
162   7.34503308231833 -3.38384918446856
163    7.1567231485402  -3.4558061960361
164   6.96570619052312 -3.52287766797652
165   6.77206577382219 -3.58574317870951
166   6.57532604969198 -3.64497525932634
167   6.37506398711838 -3.70087843975572
168   6.17109409055354 -3.75353622081198
169    5.9635345410117 -3.80289668802378
170   5.75289161586073 -3.84883708749198
171   5.53976342565429 -3.89128257995591
172   5.32463850742804 -3.93025075860959
173   5.10790002387125 -3.96582964538413
174   4.88985285588083 -3.99815163119148
175   4.67074748269297 -4.02737521346855
176   4.45079434015618 -4.05367535482356
177    4.2301728459295 -4.07723862551549
178   4.00903706908337   -4.098259756829
179   3.78751908574433 -4.11693787024469
180   3.56573083646456 -4.13347224223881
181   3.34376497116262 -4.14805832366294
182   3.12169483929122 -4.16088471289636
183   2.89957403602966  -4.1721312277453
184   2.67743496017735 -4.18196770895186
185   2.45528810814103 -4.19055276938798
186    2.2331197787443 -4.19803196076288
187   2.01089415162528 -4.20453482751627
188   1.78854968797552 -4.21017147735816
189   1.56600887927585 -4.21502898989989
190   1.34318038086229 -4.21916992819723
191   1.12000708179063 -4.22263352326477
192  0.896480529585036 -4.22544194869366
193   0.67265216785461 -4.22760851828911
194   0.44858134203229 -4.22914450164223
195  0.224337130323015 -4.23006055443576
196  -1.3640835841297e-07 -4.23036480468777
197  -0.224337760805498 -4.23006024554193
198  -0.448583083405781 -4.22914367531183
199  -0.672655670588141 -4.22760686602173
200  -0.896485827207205 -4.22543923485319
201  -1.12001314491991  -4.2226297339408
202  -1.34318585438198 -4.21916529334163
203  -1.56601334256905 -4.21502386340596
204   -1.7885535408754 -4.21016619081498
205  -2.01089786435179  -4.2045296096445
206  -2.23312352983504 -4.19802692991954
207  -2.45529190054331 -4.19054796297824
208  -2.67743875235398 -4.18196312222154
209  -2.89957780184838  -4.1721268448359
210  -3.12169856980059 -4.16088052958463
211  -3.34376867004873  -4.1480543707632
212  -3.56573451377322 -4.13346862126013
213  -3.78752275744728 -4.11693480207468
214  -4.00904075512573 -4.09825762503641
215  -4.23017656927664 -4.07723797298065
216  -4.45079812133986 -4.05367678172837
217  -4.67075134394877   -4.027379136934
218  -4.88985685447642 -3.99815791423688
219  -5.10790442728732 -3.96583716379898
220  -5.32464437952103 -3.93025701538001
221  -5.53977431555677 -3.89128340048598
222  -5.75291736711906 -3.84882622441991
223  -5.96359803789042 -3.80286489891843
224  -6.17123832551225 -3.75346985154968
225  -6.37534797901589  -3.7007599528879
226  -6.57578933745575 -3.64479220382335
227  -6.77265338045993 -3.58551159540322
228  -6.96623797224726 -3.52265796731238
229   -7.1569607984494 -3.45568953074747
230  -7.34493415054782 -3.38386658058948
231  -7.52998148521814 -3.30628155114495
232  -7.71126877366241 -3.22218816283324
233  -7.88826706851721 -3.13088536488359
234  -8.05999590186827 -3.03247899290411
235   -8.2260837684869 -2.92776849448376
236  -8.38591167380736 -2.81904784015115
237  -8.53942403094934 -2.70952744008263
238  -8.68897429116978 -2.60124683035832
239  -8.83864256050165 -2.49468787830389
240   -8.9801701199914 -2.39774719487768
241  -9.15394350197739 -2.28391710053912
242  -9.25545418787707 -2.21800404916482
243  -9.57730772578202 -1.99752737060755
244  -9.75276778311579 -1.80064775753631
245   -9.7527683492693 -1.80064684664943
246  -9.36013724774282 -0.55975216296993
247  -9.20696042715597 0.122251708751469
248  -9.23713151243724 0.539475972744115
249  -9.25721024757209  1.02826783412098
250  -9.12644554891991  1.64398702279378
251  -8.74892067015611  2.22367533066308
252  -7.83802729225188   2.8029930598492
253   -6.7738944727333   2.9370931108113
254  -5.76528471392668  2.73275167825606
255  -4.90176475320105  2.35951945497409
256  -4.10187625657713  1.90977824708741
257  -3.32466919401505  1.45516471340823
258  -2.54440327498319  1.04465985649953
259  -1.74327951002533  0.60194936309171
260  -0.878809543146014 0.425865172510002
