// Id               X                Y
  1  -0.0772682588179043 0.351203467560199
  2  0.846727558679724 0.355608184121729
  3    1.7732989018165 0.368496414075547
  4   2.70511043028778 0.404306897642281
  5   3.62010691180755 0.577895059097376
  6   4.49050598888467 0.894193343796977
  7   5.30148112893852  1.32248756663645
  8   6.06876693728557  1.80377485609947
  9    6.8408930686358  2.26392787918568
 10   7.67737296112113  2.55895404236532
 11   8.56345896084906   2.5196076997869
 12   8.98473253308195  2.27655789976879
 13   9.28389846004814  1.87026505333962
 14   9.34384959611732  1.34378550554505
 15   9.09038731456138 0.896142119183531
 16   8.40541375969474 0.692940750590525
 17   8.28868469268535 0.671783324709251
 18   8.06159737556754 0.634557172698715
 19   7.83350947134345 0.597654362290054
 20   7.61598186055452 0.561512807479818
 21   7.40978092913025  0.52603622090199
 22   7.21533913676931     0.49159722175
 23   7.03275114986556 0.458779734728436
 24   6.85991830918432 0.427816374609943
 25   6.69246489887733  0.39844202537526
 26   6.52596875426141 0.370313475200471
 27   6.35780262943304 0.343365769061962
 28   6.18710880891223 0.317777498360101
 29   6.01403487749691   0.2937960638119
 30   5.83914024789794 0.271619149044312
 31   5.66308413303072  0.25135106630696
 32   5.48648720410407 0.233003061176093
 33   5.30987996575752 0.216512033487312
 34   5.13369137937649 0.201763526107691
 35   4.95825504611911  0.18861252393604
 36   4.78382197373795 0.176899826864083
 37   4.61057462511475 0.166463815554424
 38   4.43863979054128 0.157148278404232
 39   4.26809930883916 0.148807200114793
 40   4.09899844724653 0.141307361924317
 41    3.9313521527502 0.134529449610906
 42   3.76514957417386 0.128368195249949
 43   3.60035732045788 0.122731929292231
 44   3.43692192288319 0.117541801720379
 45   3.27477193636797 0.112730843812927
 46   3.11382005806872 0.108242979909644
 47   2.95396555994651  0.10403205523572
 48   2.79509722407239 0.100060915756014
 49   2.63709683846959 0.0963005549280259
 50   2.47984317117498 0.0927293272112639
 51    2.3232162117189 0.0893322176285676
 52    2.1671013759978 0.0861001498875159
 53   2.01139332917533 0.0830293124740335
 54   1.85599909698908 0.080120482798607
 55   1.70084020100105 0.077378333777988
 56   1.54585365342119 0.0748107146065734
 57   1.39099176452591 0.0724279068339385
 58   1.23622083587713 0.0702418667027596
 59   1.08151892445182 0.0682654732957395
 60   0.92687295897721 0.0665118077549851
 61  0.772275561918239 0.0649934904494586
 62  0.617721968109026 0.0637220999965516
 63    0.4632074230092 0.0627076910127697
 64  0.308725378485165 0.0619584178899033
 65  0.154266676261311 0.0614802620899915
 66  -0.000180268606311911 0.0612768530480056
 67  -0.154628468439544 0.0613493698363687
 68  -0.309090905195937 0.0616965130090167
 69  -0.463579074018562 0.0623145425006881
 70  -0.618101985589077 0.0631973855382241
 71  -0.772665982543531 0.0643368250333555
 72  -0.927275555060663 0.0657227813453159
 73  -1.08193514129635 0.0673436975458247
 74  -1.23665171843472 0.0691870310904723
 75  -1.39143786838604 0.0712398452677031
 76  -1.54631493814807 0.0734894844783341
 77  -1.70131590170071 0.0759243105012557
 78  -1.85648757440215 0.0785344741653575
 79  -2.01189190990408 0.0813126986910508
 80  -2.16760619666132 0.0842550565551097
 81  -2.32372208262452 0.0873617301667714
 82  -2.48034348799439 0.0906377564250583
 83  -2.63758357124718 0.0940937639481092
 84   -2.7955609972692 0.0977467181216991
 85  -2.95439583283918 0.101620692736623
 86  -3.11420540810735 0.105747686476076
 87  -3.27510041742642 0.110168497306688
 88  -3.43718145177847 0.114933659223392
 89  -3.60053604896049 0.120104433267524
 90  -3.76523618621476 0.125753825899913
 91  -3.93133600635471  0.13196758229324
 92  -4.09886950554869 0.138845068405824
 93  -4.26784781635438 0.146499906396252
 94  -4.43825561534543 0.155060157115551
 95  -4.61004621027596 0.164667751179035
 96  -4.78313489911778  0.17547674918286
 97  -4.95739019070385   0.1876498578455
 98  -5.13262277699255 0.201352474207013
 99   -5.3085727204467 0.216743423331512
100  -5.48489619883904 0.233961594113387
101  -5.66115528810223 0.253108130157271
102  -5.83681827729871 0.274225110267917
103  -6.01128563998839 0.297274439841121
104  -6.18397353144835 0.322126247200218
105  -6.35451890082733 0.348575727153562
106  -6.52321321631893 0.376419059178611
107  -6.69173399839377 0.405611157895892
108  -6.86378460849267 0.436426483936239
109  -7.04437587910016 0.469347336409111
110  -7.23745834316824 0.504607167991477
111   -7.4445798362443 0.541997752644425
112  -7.66605159734264 0.581309759100427
113  -7.90237401746413  0.62291202823517
114  -8.15192267707203 0.667861806987544
115  -8.39874065745655 0.716762966453749
116  -8.39874761455316 0.716764521565398
117  -9.08215987556497 0.919829417177954
118    -9.347782216131  1.35643796004776
119   -9.3148338328384  1.87968208869497
120  -9.04042101748036  2.29983467233936
121  -8.63359823692058  2.56294920370993
122  -7.75104864554574  2.63208060187318
123  -6.91380210829099  2.34736721471287
124  -6.14798234981394  1.88395304047394
125  -5.39329371833703  1.39323365537835
126  -4.59890976012098 0.951068736473435
127  -3.74648360935646 0.617252966932889
128  -2.84860079806842 0.424862910038727
129  -1.92901042896242 0.369636579278346
130  -1.00341501111724 0.322518978846854
131  -0.0368828596064316 0.931733591271143
132   0.86202105828357 0.939520467002339
133   1.76013561481292 0.954812996057794
134   2.65526359044386  1.01910828197587
135   3.53555259263341   1.1928540344178
136   4.38179853016526  1.50541136470941
137   5.18855319399771  1.93342385573532
138   5.99042853458512  2.41729175518267
139   6.91332576808291  2.88047460167387
140   7.97127868642296  3.09754082571235
141   9.01227157737747  2.79359089782446
142   9.49556565254815    2.300042747267
143    9.7486532823272  1.67041090663245
144   9.79912209735962  1.04309098570518
145   9.75714140205763 0.505816604353986
146   9.66377460312967 -0.19796555801567
147   9.15364227312269 -1.81964494084981
148   8.96797880638402 -1.99636723747988
149   8.82382210702506 -2.10670086496515
150   8.67671606383974 -2.20141319804343
151   8.52099733673199 -2.28616046646156
152   8.35467962557401 -2.36247758380897
153   8.17608374154007 -2.43115418857078
154   7.98639687517148 -2.49186787793565
155   7.79020001847572 -2.54395788666891
156   7.59272647343905   -2.587546614398
157   7.39733805179041 -2.62367475287804
158   7.20527111921918 -2.65375322250776
159   7.01645016696817 -2.67912310134233
160   6.83022129374055 -2.70089352116303
161    6.6457770816608 -2.71993242910394
162   6.46235946494474 -2.73690733478025
163   6.27933900922863 -2.75233158803704
164   6.09623208227616 -2.76660251575394
165   5.91268961412575 -2.78002953101384
166   5.72847510717595 -2.79285391307845
167   5.54344079827836 -2.80526255487535
168   5.35750612585052 -2.81739764434276
169   5.17064009056627 -2.82936373004284
170   4.98284774956021 -2.84123316007674
171   4.79416042276538 -2.85305053421215
172   4.60462891394481  -2.8648365666107
173   4.41431897978039 -2.87659159680088
174   4.22330831317199 -2.88829888474847
175   4.03168438545219 -2.89992776120615
176   3.83954259590267 -2.91143666133306
177   3.64698429976056 -2.92277603819434
178   3.45411443024369  -2.9338911275907
179   3.26103859220293 -2.94472451583112
180   3.06785967174091 -2.95521844888816
181   2.87467415633278 -2.96531681768119
182   2.68156846972776 -2.97496676217142
183   2.48861567876554 -2.98411985598877
184   2.29587291913298 -2.99273286107011
185   2.10337982296716 -3.00076807301744
186   1.91115812696212 -3.00819330748208
187   1.71921251370109 -3.01498160098595
188   1.52753260665323 -3.02111071338445
189   1.33609591252424 -3.02656252246262
190    1.1448713930659 -3.03132239471527
191  0.953823262849336 -3.03537860157214
192  0.762914564261088 -3.03872182975343
193  0.572110079796591 -3.04134481083052
194  0.381378219302725 -3.04324207177985
195  0.190691672070124 -3.04440978889113
196  2.68252712738931e-05 -3.04484571529949
197  -0.190637816509179 -3.04454915010422
198  -0.381323770890329 -3.04352092469379
199  -0.572054715678515 -3.04176339720864
200  -0.762858067094053 -3.03928046425913
201  -0.953765560986903 -3.03607761429604
202  -1.14481260121877 -3.03216205482044
203  -1.33603637610986  -3.0275429434163
204  -1.52747295799918 -3.02223174051689
205   -1.7191537461135 -3.01624268271275
206  -1.91110168917244 -3.00959335243798
207  -2.10332773913538  -3.0023052961683
208  -2.29582793432959 -2.99440462304619
209  -2.48858141607447 -2.98592250137849
210  -2.68154958193202 -2.97689546334803
211  -2.87467645194807 -2.96736543092367
212  -3.06789017781211 -2.95737938943204
213  -3.26110551257841  -2.9469886565849
214  -3.45422697335593 -2.93624772172038
215  -3.64715235131544 -2.92521266037576
216  -3.83977621630218 -2.91393915557996
217  -4.03199314660798 -2.90248017390972
218  -4.22370051265968 -2.89088335255148
219  -4.41480076990158 -2.87918815217265
220  -4.60520341447188 -2.86742281668038
221  -4.79482692772633 -2.85560116205165
222  -4.98360113119493 -2.84371919571995
223  -5.17147051964441 -2.83175153577502
224  -5.35839931220268 -2.81964754985696
225  -5.54437897414524 -2.80732706697008
226  -5.72943895177787 -2.79467540334591
227  -5.91366138012086 -2.78153725458211
228  -6.09720008510859 -2.76770873584309
229  -6.28030327613255 -2.75292646890841
230  -6.46333778737917 -2.73685211022656
231   -6.6468092006924 -2.71905025094185
232   -6.8313658225356  -2.6989575853106
233  -7.01776338005399 -2.67584275224184
234  -7.20674583945089 -2.64876260044965
235  -7.39876266206294 -2.61653930469047
236  -7.59341020764488 -2.57782645196626
237   -7.7885731840381 -2.53139479807796
238  -7.97981591711131 -2.47670412033481
239  -8.16151117040807 -2.41432345823639
240  -8.32986522397047 -2.34540154021417
241  -8.48438528819368 -2.27067043218879
242  -8.62585902339299 -2.19054720835524
243  -8.75469869489352 -2.10571214997048
244  -8.87865870479472 -2.01092839389389
245  -9.05289844096155 -1.84940206870065
246  -9.61758419022948 -0.199775218568891
247   -9.7347455987547 0.503014729797105
248  -9.79857772138757  1.04077815289651
249  -9.77533126795715  1.67231759150633
250  -9.54978880450081    2.312364827014
251  -9.08636707212194  2.82544476392041
252  -8.05519451341638  3.16335616007765
253  -6.99134992424303  2.96315580099261
254  -6.05906258409148  2.49547704833753
255  -5.25838742440607  1.99956941223176
256  -4.45676055923566  1.55542129015301
257  -3.61444220913098  1.22377362592836
258    -2.734043973003  1.02980959740838
259  -1.83522599074699 0.947128781919115
260  -0.934677077481431 0.924096557218238
