// Id               X                Y
  1  -0.107018340947406   4.5366851789878
  2  0.893028093630189  4.48652727622392
  3   1.86771991826255  4.34764242067555
  4   2.77986742639876  4.12088460381533
  5   3.66003294136829   3.7677408633667
  6   4.50182905326137  3.38916428620123
  7   5.34259216451701  3.01441047728569
  8   6.19700177070807   2.6718843476111
  9    7.0585296167261  2.35542749920172
 10   7.91515186150305  2.04154154850577
 11   8.75476731366912  1.68762870697204
 12   9.19714148797513  1.42332532706467
 13   9.59762572848269  1.06868217152223
 14   9.89471411628704 0.503269505034421
 15   9.77107660626155 -0.126486539056356
 16   9.06470356280528 -0.371424037813213
 17   8.61926575059736 -0.284372912303494
 18   8.53671132588598 -0.256073624143877
 19   8.47560920436485 -0.232570163970772
 20   8.41564869399454 -0.20739661348798
 21   8.35504808945751 -0.179799351235276
 22   8.28814470347949 -0.146838845136726
 23   8.21060460705118 -0.105331423873078
 24    8.1208821113308 -0.0528975943118655
 25   8.01952845845812 0.0119721093747315
 26   7.90819219500133 0.0899905215549264
 27    7.7888557247252 0.181204574130734
 28   7.66333897110121 0.285148183807656
 29   7.53305887628448 0.400985527399043
 30   7.39908789879272 0.527502293816851
 31   7.26257109141647 0.662768764883202
 32   7.12457682600958 0.804372611945198
 33   6.98532029179515 0.950445079598353
 34    6.8444037806483  1.09967016909518
 35   6.70121660085066  1.25099219521597
 36   6.55506345028884  1.40353413165827
 37   6.40521587300787  1.55656648897158
 38   6.25094579327705  1.70947778618654
 39   6.09155405077817  1.86174166677338
 40    5.9264003432238  2.01288148123637
 41   5.75493623279892  2.16243660390468
 42   5.57673825984558  2.30993659987904
 43   5.39153536737549  2.45488828704953
 44    5.1992249513686  2.59677706587678
 45   4.99987439670329  2.73507969356499
 46   4.79370838080647  2.86928303295849
 47   4.58108509841454  2.99890296666803
 48     4.362466129058  3.12349912974016
 49   4.13838484586269  3.24268334018493
 50   3.90941740513728  3.35612166403753
 51   3.67615898781208  3.46353142781062
 52   3.43920654513334  3.56467510375695
 53   3.19914809033405   3.6593530282094
 54    2.9565576244816  3.74739663117425
 55   2.71199400445661  3.82866345708932
 56   2.46600134617954  3.90303482819247
 57   2.21910788903893  3.97041652091342
 58   1.97181980945519  4.03074220764171
 59   1.72460672384022  4.08397859383874
 60   1.47787727597028  4.13013021601633
 61   1.23194690388757  4.16924107551937
 62  0.987005345735892  4.20139028203364
 63  0.743096193612659  4.22668034944368
 64  0.500120009723121    4.245219744375
 65  0.257862891756259  4.25710425049332
 66  0.0160389000660733  4.26240223666771
 67  -0.225670398543677  4.26114627206507
 68  -0.467587230182476  4.25333028110131
 69  -0.710014089443469  4.23891066589896
 70  -0.95320478493222  4.21781148284957
 71  -1.19732740906688  4.18993498561403
 72  -1.44242926578973  4.15517742833457
 73  -1.68841842552485  4.11344697187647
 74  -1.93506891630529  4.06467891533823
 75  -2.18204470088573  4.00884477511755
 76   -2.4289311962858   3.9459546110582
 77   -2.6752641194646  3.87605437028468
 78  -2.92055015828786  3.79922096146516
 79   -3.1642785680816   3.7155575279461
 80  -3.40592565975093  3.62519058589371
 81  -3.64495529151417  3.52826982659607
 82  -3.88081851621741  3.42497067720319
 83  -4.11295506230624  3.31549919551073
 84  -4.34079869820959  3.20009847270475
 85  -4.56378787251331  3.07905536317327
 86  -4.78138230400098  2.95270604352277
 87  -4.99308532318481  2.82143870794402
 88   -5.1984706827157  2.68569180781662
 89  -5.39721132395906   2.5459468478605
 90  -5.58910645415797  2.40271598320835
 91  -5.77410265102365  2.25652640576519
 92   -5.9523049932077  2.10790529710953
 93  -6.12397564877908  1.95737019144091
 94  -6.28951975475348  1.80542916791168
 95  -6.44946106397973  1.65259311682429
 96  -6.60441158110576  1.49939908538627
 97  -6.75503919891902  1.34644092381208
 98  -6.90203489103039  1.19440257385826
 99  -7.04607692003927  1.04409083252353
100  -7.18778406469614 0.896468187497505
101  -7.32762771236072 0.752706884768125
102  -7.46563741690016 0.614410649624571
103  -7.60093162608099 0.483900063921059
104  -7.73213826340748 0.363506169653421
105  -7.85814288214779 0.254687513398544
106  -7.97779833868904 0.158290446798192
107  -8.08961305956711 0.0748186712866565
108   -8.1918754502097 0.00435911934164252
109  -8.28310774168752 -0.0536076623852934
110  -8.36281055004053 -0.10040880205475
111  -8.43244597990223 -0.138341438718733
112  -8.49615429937742 -0.170629510102812
113  -8.55934216901962 -0.200373299481508
114  -8.62371193120692 -0.228337867583088
115  -8.71222762747057 -0.262963493654046
116  -9.15596140739742 -0.372447855961857
117  -9.87754797083756 -0.168919028444255
118   -10.039971062701 0.419751532110857
119  -9.79187407917237 0.997337182411559
120  -9.41313462664747  1.37345909251493
121  -8.98160984802038  1.65400730765911
122  -8.14743960550287  2.02102734276268
123  -7.28980429586712  2.33330071115308
124  -6.42338103639393  2.64051117842445
125  -5.56181480241594  2.97222050048546
126  -4.71376293733236  3.33887737904668
127  -3.87191655372917  3.72483857322385
128   -3.0209444220639  4.08192397135516
129  -2.11506531326238  4.30468161757816
130  -1.09708231779879   4.4472890099016
131  -0.13668533310591  5.12212671535712
132  0.836502016195462  5.08520722892804
133   1.80262788161623  4.94742784942176
134    2.7680791318508  4.70722720250316
135   3.74241724919734  4.36369324344567
136   4.67513920633231  3.97409117545139
137   5.56445803785168  3.59116322669083
138   6.45502957443628  3.23457876296595
139   7.36404168586896  2.89355297072977
140    8.3297272078467  2.49630435526508
141   9.24415595456844  1.95272659586756
142   9.73108775131869  1.49214912709627
143   10.1159293537366 0.946866944609094
144   10.3817676327189 0.371860413350841
145   10.5398243307529 -0.116371877366097
146   10.7026205378918 -0.762225913962481
147   10.7201762281227  -1.9328102820357
148    10.511615497662 -2.34129753069089
149   10.2326442238438 -2.65295964676425
150   9.90878191624599 -2.88088330127391
151   9.55689244003625 -3.03416367331048
152   9.19376689478202 -3.11973850064968
153   8.83439518636311 -3.14658413099212
154   8.48859846225425 -3.12541866255991
155   8.16100151553337 -3.06653510775494
156   7.85275792025708 -2.97855524605604
157   7.56323735212872 -2.86828011377103
158   7.29111889156457 -2.74104567687664
159   7.03492678586689 -2.60114204507341
160   6.79309656055926 -2.45203569004126
161   6.56360653245667 -2.29621982869912
162   6.34420375868986 -2.13536161029029
163   6.13330954002338 -1.97108169367678
164   5.92985143967986 -1.80503669832316
165   5.73291484019954  -1.6387340191351
166   5.54167027009559 -1.47349290590063
167   5.35536956273388  -1.3104504464565
168    5.1733488550373 -1.15057362671122
169   4.99502672981658 -0.994669300269333
170   4.81989321125528 -0.843388831767479
171   4.64748986173373 -0.697228484568741
172   4.47738493253862 -0.556530081131392
173   4.30914931952684 -0.421487293021556
174   4.14233841604132 -0.292160867833272
175   3.97648267333575 -0.168502757060806
176   3.81108714885329 -0.0503863594217538
177   3.64563846274826 0.0623611477602985
178   3.47961664209446 0.169928255770772
179   3.31250915660575  0.27249322045283
180   3.14382475801628 0.370204411659241
181   2.97310527659199 0.463167356794249
182   2.79993415055937 0.551438014785836
183   2.62394112159535 0.635021189328421
184   2.44480324935129 0.713872599718332
185   2.26224322830723 0.787902942946937
186   2.07602693556015 0.856982314257611
187   1.88596308230425 0.920943666606444
188   1.69190846413208 0.979584666777338
189   1.49378203067288  1.03266838463512
190   1.29158907901679  1.07992460012533
191   1.08545279912939  1.12105468051252
192  0.875644746861742  1.15574314604703
193  0.662601401633032  1.18367731904005
194  0.446915636322654  1.20457282677137
195  0.229302462955608  1.21819913922033
196  0.0105521027034883  1.22439890752436
197  -0.208512117840791  1.22309848472719
198  -0.427063409343473  1.21431122275153
199  -0.644295470953085  1.19813591488215
200  -0.859452647050023  1.17475025618774
201  -1.07186982252426  1.14439727625311
202  -1.28101203194523  1.10736435961354
203  -1.48649816904015  1.06395845550113
204  -1.68810044075877   1.0144833716995
205   -1.8857235010855 0.959223609707965
206  -2.07937446927453 0.898435693397394
207  -2.26913468290622 0.832345053906137
208  -2.45513946935887 0.761145470319768
209  -2.63756736675144  0.68499852597157
210  -2.81663701776705 0.604031704358061
211  -2.99260861603408 0.518334954844388
212   -3.1657867655947  0.42795647559934
213  -3.33652227849361 0.332899012558933
214  -3.50521131763142 0.233118206595545
215  -3.67229114495457 0.128524510875719
216  -3.83823247745289 0.0189899952721694
217  -4.00352909458335 -0.09563903777101
218  -4.16868591519637 -0.21552330367557
219  -4.33420727824663 -0.340806160187192
220  -4.50058756362974 -0.471585129626171
221  -4.66830643977044 -0.607881878630106
222  -4.83783072465798 -0.749613942087079
223  -5.00962391498202 -0.896571452546616
224  -5.18416285074813  -1.0484009976615
225  -5.36195905595053 -1.20459654406418
226  -5.54358077115319 -1.36449492929164
227  -5.72967149995554 -1.52727207039986
228  -5.92096257648641 -1.69193679674333
229  -6.11828074259639 -1.85732199548248
230  -6.32255725412845 -2.02207674114133
231  -6.53486919313831 -2.18467836510236
232  -6.75668876836383 -2.34356860372287
233  -6.99030848841357 -2.49728997304324
234  -7.23831902857371 -2.64385586940178
235  -7.50274241080372 -2.78008310899167
236  -7.78525522512952 -2.90172972221928
237   -8.0873891777131 -3.00348143272125
238  -8.41013495138782 -3.07857747138353
239  -8.75292842977504 -3.11839394957953
240  -9.11200725801068 -3.11244474494938
241   -9.4786189046145 -3.04941525239622
242  -9.83878535825271  -2.9192179522381
243   -10.176433886279  -2.7135265416151
244  -10.4753535257396 -2.42182069825462
245  -10.7101533041677 -2.03048717305058
246  -10.7699990861153 -0.859409204212675
247  -10.6490039569989 -0.205072293885828
248  -10.5224613212473 0.290091923600951
249  -10.3022765410653 0.850662381039739
250  -9.94823384769837  1.41447018583129
251  -9.48039922526997  1.89519884494605
252  -8.57757449552258  2.46085631381413
253  -7.60920739717981  2.86318880786636
254  -6.68996335820487  3.19906699298947
255  -5.79466841039941  3.54522963440672
256   -4.9058425367061  3.92079048965962
257  -3.97032116054342  4.31437602914413
258  -2.99227136016331  4.66582188864179
259   -2.0477523642247  4.90736371309628
260  -1.09870191865974  5.05818047802095
