// Id               X                Y
  1  -0.0942442437923815  3.64951773057355
  2  0.931935644283087  3.62216616083947
  3   1.92762793925535  3.55038395026569
  4   2.85709121344205  3.39022199326821
  5    3.7698178480255  3.17208396777557
  6   4.66672831052784  2.86650481385295
  7   5.56519881558721  2.60627208171262
  8   6.48449534615444  2.42879896994154
  9   7.41180085725872   2.3069995570723
 10   8.33123722384682  2.14721338164166
 11   9.20352306718151  1.80373822586616
 12   9.60545532721073  1.44489257319864
 13   9.85458792794007 0.958081936527635
 14   9.84227487845655 0.429588976431316
 15   9.54663847279502 0.0223856417167608
 16   8.82965428310702 -0.0992295187087236
 17   8.38771986935838 0.0316164675630646
 18   8.31021799061128 0.0647978933203776
 19    8.2475438909149 0.0939568400888083
 20   8.18759473873237 0.123733561474517
 21   8.12428272210416 0.157190548123582
 22   8.05025011466572 0.198839144422778
 23   7.96249565029057 0.251648242925844
 24   7.86132491469658 0.316939258587525
 25   7.74855970630851 0.394895490221073
 26   7.62641515711476 0.484893437896018
 27   7.49701212308098 0.585673767194683
 28   7.36222947141263 0.695446797088605
 29    7.2235976695295 0.812096478144958
 30   7.08207686549782   0.9335737587333
 31   6.93798294352207  1.05818588050605
 32   6.79120476550576  1.18457140842376
 33   6.64142015670148  1.31160133901413
 34   6.48820533036761  1.43832789565702
 35   6.33108882791345  1.56395607407758
 36   6.16958280476136  1.68781945874023
 37   6.00320471350917  1.80935609159492
 38   5.83149780648399  1.92808321486026
 39   5.65405802946914  2.04357037427154
 40   5.47057257875608  2.15541225847352
 41   5.28086856393749  2.26320642977587
 42   5.08496060574438  2.36654383306994
 43   4.88308139468569  2.46501727628053
 44   4.67568433666414  2.55824544025873
 45   4.46341821506735  2.64590335174572
 46   4.24708241432182  2.72774910256795
 47   4.02757408727215  2.80364012059288
 48   3.80583686778627  2.87353715989676
 49   3.58281684991085  2.93749789251934
 50   3.35942731495294  2.99566380349487
 51   3.13651970271216  3.04824436746126
 52   2.91485479057098  3.09550181258349
 53   2.69506641914999  3.13773839769294
 54   2.47761494588421  3.17528587691606
 55    2.2627429104452   3.2084942315223
 56   2.05046056700162  3.23771648626561
 57   1.84058006682307  3.26329046739816
 58   1.63278605172245  3.28552268557669
 59   1.42671160677594  3.30467887812783
 60   1.22199621348779   3.3209817288909
 61    1.0183191364596  3.33461342802557
 62  0.815412322770652  3.34572029716322
 63  0.613059951306497  3.35441752779676
 64  0.411090883144471  3.36079305955554
 65  0.209368258968247   3.3649103251352
 66  0.00777862194458791  3.36680996628056
 67  -0.193778434886456  3.36651076104233
 68  -0.395399988315602  3.36400998599685
 69  -0.597189241929325  3.35928333669782
 70  -0.799265215197678  3.35228439475529
 71  -1.00177294910548    3.342943500597
 72  -1.20489394462154  3.33116580800371
 73  -1.40885556511047  3.31682831184741
 74  -1.61393666929399  3.29977582556931
 75  -1.82046486164152  3.27981632741502
 76   -2.0287989720784   3.2567168526783
 77  -2.23929027508904  3.23020206641506
 78  -2.45222060625331  3.19995823121973
 79  -2.66772780683016  3.16564430832165
 80  -2.88574439698322  3.12690865615717
 81  -3.10597680979104   3.0834063787397
 82  -3.32792894795237  3.03481310457885
 83   -3.5509474380613  2.98083557163744
 84   -3.7742646768315  2.92122230456548
 85  -3.99703198741447  2.85577661191178
 86  -4.21834736320125  2.78437163391976
 87   -4.4372848861338  2.70696527617938
 88  -4.65293066456545  2.62361177729801
 89  -4.86442662599634  2.53446627394706
 90  -5.07101970634718  2.43977933938164
 91  -5.27211016511635  2.33988056273344
 92    -5.467289759493  2.23515386695786
 93  -5.65636005204812  2.12601137168002
 94  -5.83932503627779  2.01287481528594
 95  -6.01636038004447  1.89617148405771
 96  -6.18776981547128  1.77634563336507
 97  -6.35394160263565  1.65388062735063
 98  -6.51531293015331  1.52932547940525
 99  -6.67234227057393  1.40332176657329
100  -6.82548420021961  1.27662977939195
101  -6.97515850594489  1.15015456790785
102   -7.1217014850023  1.02497521906505
103   -7.2652696724786 0.902393876983501
104  -7.40562775112307  0.78404688668947
105   -7.5418687420636  0.67200420136776
106  -7.67245517943138 0.568515277539641
107  -7.79554794644621 0.475516013544654
108  -7.90916145693227 0.394376771055338
109  -8.01125705568053 0.325827519841138
110  -8.10016703439847 0.269804221300183
111  -8.17566499750538 0.225078293490825
112  -8.24070885697274 0.188728546563144
113  -8.30240994885252 0.156162770240706
114   -8.3664970633073 0.124355824972852
115  -8.44578895600664 0.0879055061144431
116  -8.88241196507304 -0.0570717503582987
117  -9.60418510764319 0.0315511274002939
118  -9.92125186689857 0.422123346918963
119  -9.96238258882915 0.948161812455715
120  -9.73838117576391  1.44477805869744
121  -9.35290092631574  1.81706630798812
122    -8.491168099449  2.17806896314593
123  -7.57608844981701  2.33922623904309
124  -6.65312299957579  2.45052085609198
125  -5.73785098925727  2.61127760459526
126  -4.84328417894644  2.85548575074653
127  -3.96447389251253   3.1540046630008
128  -3.05015756244342  3.37816765778691
129  -2.12655476757148  3.54034302292272
130  -1.09205270193476  3.60184602479582
131  -0.0900243033909082   4.2405517873417
132  0.878213865997068  4.22176122927494
133   1.84850669317667  4.14447148017317
134   2.82632768046253  3.99175177794608
135   3.78814513948182  3.76071599687946
136   4.74335922097023  3.47197451057551
137   5.66923566617917  3.21306300207977
138   6.60374546263086   3.0327733245973
139   7.54839789038768  2.90747775095631
140   8.49195600658456  2.73845409670551
141   9.37338082923461  2.36107269705942
142   9.80561917709735  1.96633378064099
143   10.1272669375963   1.4074475494973
144   10.2687687752549 0.745682771712122
145   10.2968702514928 0.0642054542124328
146    10.388874363187 -0.572937858112336
147   10.4856756531459 -1.69212710222199
148   10.2860465190741 -2.07393060394598
149   10.0134625454196 -2.35634476017079
150   9.69585380466482 -2.55525734839678
151   9.35328145487446 -2.68055015767642
152   9.00494976381403 -2.74156128706651
153   8.66452344515789 -2.74999008007683
154   8.33914686983265 -2.71758380533588
155   8.03143089664631 -2.65436574833867
156   7.74149749686073 -2.56827065309351
157   7.46821679811389  -2.4653955668466
158   7.20981602668755 -2.35034143229003
159   6.96426718109304 -2.22655101774421
160   6.72970985720787 -2.09671881038635
161   6.50468149414817 -1.96313447809814
162    6.2880125532373 -1.82779042035937
163     6.078692890065 -1.69239184161546
164   5.87582625505177 -1.55837752805562
165   5.67862474642451 -1.42695105734641
166   5.48641227856058 -1.29911198991303
167   5.29862657315482 -1.17568233337178
168   5.11481396626363 -1.05732521610029
169   4.93461186865178 -0.944553640247258
170    4.7577153400573 -0.837729651457891
171   4.58383005075196 -0.73705899869071
172   4.41262237804175 -0.642590744406172
173   4.24368153646332 -0.554230511277434
174   4.07650395352291 -0.471769364545637
175   3.91050060849118 -0.394922909887969
176   3.74502077432342 -0.323371963957932
177   3.57938335171319 -0.256797435144251
178   3.41290842430145 -0.194905386766396
179   3.24494461455493 -0.137441487122172
180   3.07489103713349 -0.0841962867576235
181   2.90221588114148 -0.0350039566011768
182   2.72647683143703 0.0102625852302567
183   2.54735013459553 0.0516979656921973
184   2.36467044395768 0.0893719573925335
185   2.17846864365307 0.123340806146866
186   1.98898028088607   0.1536641643259
187   1.79660660994175 0.180424047379708
188   1.60184116537501 0.203737762791695
189   1.40519303366034 0.223759434200978
190   1.20712988849259   0.2406711126331
191   1.00804696644178 0.254668208758971
192  0.808257545228147  0.26594392975957
193  0.607997468858763 0.274675640160577
194  0.407437192026544 0.281014314727868
195  0.206696878970045 0.285077121780403
196  0.00586203061044406 0.286942651779874
197  -0.195001434758694 0.286648194481773
198  -0.395832771314851 0.284188588216335
199  -0.596562273291166 0.279516396773238
200  -0.797096891443649 0.272543441586848
201  -0.997305296895972  0.26314398196523
202  -1.19700270177956 0.251160043761765
203  -1.39593679365957 0.236409468088229
204  -1.59377767693445 0.218697056038625
205  -1.79011666234604 0.197828540383997
206  -1.98448057547006 0.173625858364754
207   -2.1763684001632  0.14594043124967
208  -2.36531246908478 0.114659714851841
209   -2.5509541566237 0.0797030554721058
210   -2.7331083973707 0.0410074059631826
211   -2.9117894509612 -0.00149077609500587
212  -3.08719342421421 -0.047870362877555
213  -3.25965950497186 -0.0982352123584219
214  -3.42963368590247 -0.152720942439065
215  -3.59764305450497 -0.211500597193086
216  -3.76427686616407 -0.274788508814091
217  -3.93016813787888 -0.342840018417853
218  -4.09597166499984 -0.415944320339735
219  -4.26233746901716 -0.494408224887625
220  -4.42988171158258 -0.57853001774866
221  -4.59915995638616 -0.668564896425692
222  -4.77064986265135 -0.764686424379247
223  -4.94475066895325 -0.866950969654197
224  -5.12180356513374 -0.975272238518336
225  -5.30213014102712 -1.08940926208558
226  -5.48607890575639 -1.20896479644418
227  -5.67406766792162 -1.33338633880153
228  -5.86661395114936 -1.46196210777699
229  -6.06435241418817 -1.59380807442528
230  -6.26804282130917 -1.72784590901739
231  -6.47857419595443 -1.86277389554556
232  -6.69697454883796 -1.99703469387804
233  -6.92445378157062 -2.12879032037321
234  -7.16254624130234 -2.25591949091875
235  -7.41329503757213 -2.37595078416633
236  -7.67906694478647 -2.48570525828169
237  -7.96202562343121 -2.58078805000534
238   -8.2637031799914 -2.65521160832092
239  -8.58446367070181 -2.70105821052007
240  -8.92234819630363 -2.70818422914573
241  -9.27105003655893 -2.66445721958346
242  -9.61783159073789 -2.55736560759297
243  -9.94428702118784 -2.37633522807376
244  -10.2311199435949 -2.11005205409336
245  -10.4510629851487 -1.74123249791147
246  -10.4125867030298 -0.609892904190278
247  -10.3555322159636 0.032066608965721
248   -10.364657048874 0.714574724134718
249  -10.2570444753407  1.38338305637909
250  -9.95949269547515  1.95731412720874
251  -9.53031666038441   2.3750001271131
252  -8.65428892566754   2.7684648188831
253  -7.70998012290903  2.94020316927906
254  -6.76417650194483  3.05610131387518
255  -5.82844556604706  3.22064432729491
256  -4.90305340452998  3.46520640380785
257  -3.95936408732108  3.74480645556452
258  -3.00340372205627  3.97423422989678
259  -2.01821159121003  4.12712613447819
260  -1.05513680604185  4.20777149969601
