// Id               X                Y
  1  -0.101988047331933  2.71342507838169
  2  0.805881783499368  2.70401662624398
  3   1.71522236571827  2.62404675104123
  4   2.60761061678426  2.47578939053958
  5    3.5037337436913  2.29899131561987
  6   4.40710729941214  2.15699234080168
  7   5.31603713327935  2.07438357078994
  8   6.22409142663637  2.04086547337351
  9   7.12640138979564  2.01646280933139
 10   8.01970548221281  1.94123044567735
 11   8.89173419579258  1.72912610955874
 12    9.3283495207533  1.48722975444204
 13   9.69403945239383  1.11825191739825
 14     9.879576169689 0.572267075284532
 15   9.69540573736579 0.0630199047975362
 16   8.95664687718697 -0.115836166350828
 17   8.58086936157755 -0.0570053067393716
 18   8.41772882590701 -0.0169940656551077
 19   8.31808689172009 0.0113373478863652
 20    8.2802017891048 0.0228348824828069
 21   8.24678876389311 0.033305278396979
 22   8.17577966936482 0.0565481305411788
 23   8.07493411325534 0.0917776298678933
 24   7.95629970237929  0.13631495572083
 25   7.82464586084843 0.189291921856044
 26    7.6832125653207 0.249882111388736
 27   7.53433602981265 0.317179494323537
 28   7.37968901285231 0.390216483677254
 29    7.2204388450168  0.46800538866911
 30   7.05737220088229 0.549576721116758
 31   6.89099674341007 0.634007641005344
 32    6.7216229477035 0.720440221638292
 33   6.54942864994458 0.808091284996573
 34   6.37450895749003 0.896255977307361
 35   6.19691407007224 0.984307071740957
 36    6.0166772441618  1.07169162260009
 37   5.83383472029238  1.15792620496585
 38   5.64843905360001  1.24259160329254
 39   5.46056701057302  1.32532748291011
 40   5.27032303212994  1.40582730903007
 41    5.0778391858713  1.48383358512642
 42   4.88327249166322  1.55913337205047
 43   4.68680046048228  1.63155401138901
 44   4.48861560944768  1.70095898961224
 45   4.28891960010615   1.7672439171409
 46   4.08791750322473  1.83033263575829
 47   3.88581254105286  1.89017349443875
 48   3.68280151677095  1.94673584266167
 49   3.47907102470173  2.00000678375903
 50   3.27479445034185  2.04998821463755
 51   3.07012971612868  2.09669415876888
 52   2.86521770219835  2.14014838178176
 53   2.66018126403846  2.18038226638173
 54   2.45512477332627   2.2174329167579
 55   2.25013411768799  2.25134146172384
 56   2.04527710450147  2.28215152929397
 57   1.84060421995692  2.30990787152578
 58   1.63614969604562  2.33465512553897
 59   1.43193283535005  2.35643670315542
 60   1.22795953818943   2.3752938064951
 61   1.02422397137824  2.39126456952538
 62  0.820710315258142  2.40438332594864
 63  0.617394527910699  2.41468000236738
 64  0.414246073611147  2.42217963317388
 65  0.211229576325586  2.42690199101213
 66  0.00830637674754638  2.42886132481723
 67  -0.194564009605198  2.42806619695485
 68  -0.397422518377022  2.42451941208547
 69  -0.600309218731091  2.41821803288638
 70  -0.803262017981723  2.40915348117373
 71   -1.0063153553372   2.3973117265838
 72  -1.20949885938851  2.38267356808998
 73  -1.41283595708194   2.3652150156996
 74  -1.61634243796794  2.34490778042023
 75  -1.82002499389221   2.3217198800784
 76  -2.02387976858592   2.2956163672061
 77  -2.22789096210606  2.26656018360541
 78  -2.43202954103165  2.23451314507658
 79   -2.6362521070286  2.19943705979244
 80  -2.84049997501623  2.16129498534352
 81  -3.04469850936984   2.1200526326468
 82  -3.24875676409165  2.07567992940141
 83  -3.45256747192951  2.02815276090216
 84   -3.6560074284072   1.9774549107922
 85   -3.8589383188306  1.92358022757859
 86  -4.06120803737841  1.86653504328751
 87  -4.26265254384594  1.80634086759897
 88  -4.46309829082871  1.74303737383814
 89  -4.66236522681393  1.67668568285363
 90  -4.86027033368803  1.60737193872034
 91  -5.05663158680578  1.53521115904098
 92  -5.25127213093695  1.46035133554864
 93  -5.44402434887487  1.38297776018015
 94  -5.63473336820952  1.30331755773142
 95  -5.82325941569829  1.22164441410982
 96  -6.00947829772231  1.13828348890454
 97  -6.19327916477157  1.05361647725243
 98  -6.37455860376688 0.968086721436893
 99  -6.55320997885535 0.882204152904609
100   -6.7291067850789 0.796549664327311
101  -6.90207856693185 0.711778274746088
102  -7.07187767858779  0.62862017726045
103  -7.23813485136538 0.547878481253394
104  -7.40030125604212 0.470422240504858
105  -7.55757458726779 0.397173327367947
106  -7.70880660246186  0.32908618719487
107   -7.8523887285728 0.267121255857129
108  -7.98610681854308 0.212217901414104
109  -8.10692641284546 0.165288371891956
110  -8.21048916216396 0.127322367673553
111  -8.28773649906857 0.100483542783133
112  -8.32585554141193 0.0877340505701495
113  -8.38278408793125 0.0693166527666947
114  -8.48045634224726 0.0395264316215594
115  -8.64724117386658 -0.00569788977553724
116  -9.02029203448751 -0.0777502041590136
117  -9.76804769633133 0.0599836246643347
118  -9.98643216282526 0.551539847936767
119  -9.84494678032208  1.10259643716266
120  -9.50795721607706  1.49391516584921
121  -9.08854224395522  1.75861057319194
122  -8.22719238271787  1.99946563328667
123  -7.33836585040813  2.08165565685147
124  -6.44048310495594  2.09602658124367
125  -5.53749828575367  2.10977055657208
126  -4.63295349882636  2.16823989523043
127  -3.73313508206787  2.28837289985565
128  -2.84080524181482  2.46129483003045
129  -1.94966417218685  2.59226319167765
130  -1.02408663327605  2.65743092929515
131  -0.0992946861965112  3.31030909956934
132  0.832415432847364  3.29337969187425
133   1.76052310850151  3.20937984607116
134   2.68196875599925  3.06835623476466
135    3.5977510424531  2.90598155475977
136   4.51513003083387  2.76656435125533
137   5.44085482097088  2.68099028029863
138   6.37811565342859  2.64105454649033
139   7.33923708255132  2.59732657592851
140   8.37917324102688  2.43846959447357
141   9.35236148608523  2.00519141260501
142   9.84573868855014  1.54819046198543
143    10.191052475862 0.987869407789271
144    10.370758690853 0.477964438018821
145   10.4751597591231 -0.0182087278435179
146   10.5756031711059 -0.68844391695066
147   10.4804307412241 -1.89894841141394
148   10.2665260452013 -2.23194518769565
149    9.9924259108414 -2.49883980098186
150   9.65082134503029 -2.71225677555554
151   9.27657589839927 -2.85360017194527
152   8.91800750655818 -2.92445668098644
153   8.58392086843076 -2.94535054683798
154    8.2705130328782  -2.9315153612256
155   7.97627526822196  -2.8928847348338
156    7.6992147057817 -2.83652201949906
157   7.43719733120023 -2.76751629382066
158   7.18819882095759 -2.68958877607719
159   6.95041363453914 -2.60551161377153
160   6.72228021258887 -2.51739105489597
161   6.50246604429692 -2.42685602249848
162   6.28983760337086 -2.33518343277334
163   6.08342751257764 -2.24338247736983
164   5.88240414778296  -2.1522527171602
165   5.68604534551356 -2.06242553330178
166   5.49371638346992 -1.97439496150751
167   5.30485193272478 -1.88854170229796
168   5.11894162720673 -1.80515269499796
169   4.93551894448462 -1.72443773455159
170   4.75415310923167 -1.64654399733079
171   4.57444369021699 -1.57156892200088
172   4.39601748737842 -1.49957161682982
173   4.21852723555818 -1.43058281014611
174   4.04165161591502 -1.36461330286933
175   3.86509607791719 -1.30166089400345
176   3.68859403075337 -1.24171580241526
177   3.51190804892756  -1.1847646745931
178   3.33483083514875 -1.13079332862701
179   3.15718577875914 -1.07978842785141
180   2.97882702914169 -1.03173829938841
181   2.79963906557703 -0.986633114519945
182   2.61953578731617 -0.944464633690237
183   2.43845917282112 -0.905225694297548
184   2.25637756954497 -0.86890958925476
185   2.07328368006261 -0.835509452523324
186   1.88919231111743 -0.805017737131103
187   1.70413795235141 -0.777425843072351
188   1.51817225275389 -0.75272392756101
189   1.33136146522962 -0.730900908421022
190   1.14378393183996 -0.711944652794833
191  0.955527682074827 -0.69584232773012
192  0.766688211702099 -0.682580876654893
193  0.577366498653361 -0.672147576566646
194  0.387667294549387 -0.664530625341196
195  0.197697706827909 -0.659719707256012
196  0.00756605936109449 -0.657706487745535
197  -0.182619007741333 -0.65848499535074
198  -0.372749262127814 -0.662051859202906
199  -0.562717506907848 -0.668406383264866
200  -0.752418199881576 -0.677550452776267
201  -0.941748150127534 -0.689488282642453
202  -1.13060736648438 -0.704226030634003
203  -1.31890011375773 -0.721771309148275
204  -1.50653620918338 -0.742132637097791
205  -1.69343256697006 -0.765318877705597
206  -1.87951497562211 -0.791338708381662
207  -2.06472007350889 -0.820200165463471
208  -2.24899747409507 -0.851910299641111
209  -2.43231198358041 -0.886474967636649
210  -2.61464584969971 -0.923898772427821
211  -2.79600097984359 -0.964185148172081
212  -2.97640106814829 -1.00733656709676
213  -3.15589357388698 -1.05335482408798
214  -3.33455149729392 -1.10224133081906
215  -3.51247490483994 -1.15399732567921
216  -3.68979216593579 -1.20862387975363
217  -3.86666087986034 -1.26612155465708
218  -4.04326849851985 -1.32648954785013
219   -4.2198326902688 -1.38972414836122
220   -4.3966015441642 -1.45581632367755
221   -4.5738537823948 -1.52474826892134
222  -4.75189922816069 -1.59648877174021
223  -4.93107986085077 -1.67098727587237
224  -5.11177187128015 -1.74816655256259
225  -5.29438919752314 -1.82791389452113
226  -5.47938906920292 -1.91007070755198
227  -5.66728011329547  -1.9944202595702
228  -5.85863358361426  -2.0806731184771
229  -6.05409828055284 -2.16844942298543
230  -6.25441973319045 -2.25725651838887
231  -6.46046419817349 -2.34645954694949
232  -6.67324789028035 -2.43524113307859
233  -6.89397135454452 -2.52254406307034
234  -7.12405752534986  -2.6069874190851
235  -7.36518890990348 -2.68674149446196
236  -7.61933306629447 -2.75933958033207
237  -7.88873420208463 -2.82139538582484
238  -8.17583090620947  -2.8681842272367
239  -8.48304214253745 -2.89303430324024
240  -8.81242406023694 -2.88643959974162
241  -9.16686362304562  -2.8342472974606
242  -9.54437931531229 -2.71510790358812
243  -9.88666779251321 -2.53021006386218
244  -10.1783737668703 -2.28329015591036
245  -10.4120473528526 -1.97189456832045
246   -10.593088762769 -0.752284667023341
247  -10.5409922309614 -0.0755087770504314
248  -10.4733872594507 0.428089889168895
249   -10.331683796101 0.948277546308274
250  -10.0243816109041  1.53113224262006
251  -9.55594669843786  2.01622012955264
252  -8.59845584182041  2.48687725546222
253  -7.55654722676814  2.66033462662837
254  -6.58676539597015  2.69788775533487
255  -5.64646234498469  2.71945519004943
256   -4.7175764586472  2.78202031307601
257  -3.79610177751241   2.9008585259967
258  -2.87543903562868  3.04893195122962
259  -1.95147497988377  3.18018870994422
260  -1.02553562265001   3.2686587555304
