// Id               X                Y
  1  -0.550151455736877  12.1747431804216
  2  0.387198363241633  12.2223236347146
  3    1.3196624792894   12.177824822054
  4   2.23780095455971  12.0436383286325
  5   3.13328332948574  11.8274432130952
  6   4.00084788409139   11.541410386753
  7   4.83364420724707  11.1920440757352
  8   5.79517389825745  10.6200125896656
  9   6.50005358752832  9.81075741867104
 10   7.09220317568508  8.90634919177959
 11   7.58482629600856  7.94931715150174
 12   7.88181345778083  7.34784679970775
 13   8.17114338263076  6.74787005523809
 14   8.44713097422024   6.1494098665161
 15   8.67296987545624  5.60251089857815
 16   8.81884879052043  5.17465923489332
 17   8.94680378531914  4.82083440836549
 18    9.1320710669166  4.28692146058952
 19   9.28344312701596  3.74572799236657
 20   9.37224728634244  3.20684319153358
 21   9.36913575115448  2.69729309151989
 22    9.2641497274669  2.25934179039599
 23   9.07390720141147  1.90952108158341
 24   8.88298375557201  1.70135504423252
 25   8.67117847266154  1.54976136124543
 26   8.43443763467252  1.44496961172526
 27   8.06252828222508  1.38312162381857
 28   7.69451952560223  1.42959993135374
 29   7.46858273715702  1.51582816642861
 30   7.26994955440422  1.63733527251205
 31   7.09448493346844  1.79338664018031
 32   6.94631615811348  1.97994449238047
 33   6.82587111258348   2.1982973572192
 34   6.73495197064823  2.45488171601289
 35   6.67640363447904  2.79859407744262
 36   6.67786884488538  3.21508466499487
 37   6.74235991135323  3.66086441510065
 38   6.85043239778161  4.11429258588226
 39   6.97738913513924  4.56517829478174
 40   7.10340152350251  5.01621278590985
 41   7.21312365689839  5.47035893126532
 42   7.29475722329101  5.92593971546787
 43   7.34099797819945  6.38232860632884
 44   7.34748652090135  6.84043760000521
 45   7.31158325829557  7.29856312711584
 46   7.23287821097966   7.7519066612242
 47   7.11163794635541  8.20000011849142
 48   6.94772968161121  8.64342827304149
 49   6.74134008749486  9.08108078292575
 50   6.49325261897193  9.51083451720019
 51   6.20482571418507  9.93018105932125
 52   5.87796395311209  10.3365508199187
 53   5.51512989006287  10.7276014063442
 54   5.11939144067594  11.1015846663981
 55   4.69448915887469  11.4578181762651
 56   4.24493183125226  11.7972324744762
 57   3.77625973094179   12.122860717809
 58   3.29601922485224  12.4397107224733
 59   2.81456658793391  12.7531856536746
 60   2.33704299787447  13.0689547612584
 61   1.86894240441894  13.3861796706321
 62   1.41411811964077  13.6934182972643
 63  0.970395426589294  13.9683112685463
 64   0.53280031358537  14.1819563485935
 65  0.105468709609101  14.3060346648402
 66  -0.125774244905914  14.3276205539082
 67  -0.236158489514009  14.3253280688691
 68  -0.478447368516163  14.2916261069153
 69  -0.908839554440069  14.1441680125864
 70  -1.34365270882574  13.9082711081705
 71  -1.78258710192971  13.6142015661053
 72  -2.23187470587358  13.2913526084348
 73   -2.6935579997718  12.9612476635028
 74  -3.16333360717944  12.6340686184052
 75  -3.63746883211605   12.308433978262
 76  -4.10755383911413  11.9791380520626
 77  -4.56338168581151  11.6407784949233
 78  -4.99796941683369  11.2887885728164
 79  -5.40600318475148  10.9207841402396
 80   -5.7831645090412  10.5363842804655
 81  -6.12593151177366  10.1366512583629
 82  -6.43147752447559  9.72354089171847
 83  -6.69759909637355  9.29945379602683
 84  -6.92267972460246  8.86689178373011
 85  -7.10569927316189  8.42814781467677
 86  -7.24627228225744  7.98481757967229
 87  -7.34455024552729  7.53694576716162
 88  -7.40055915681073  7.08382607813817
 89  -7.41419169260795  6.62899727657913
 90  -7.38728547265426  6.17612058845028
 91  -7.32347748093626  5.72452010106508
 92  -7.22842909283385   5.2737204273298
 93  -7.11163636555762  4.82530045865195
 94  -6.98672574113295  4.37930062883593
 95  -6.87043445012878  3.93095610131812
 96   -6.7849822554241  3.48351336224895
 97  -6.75325677909985  3.05320017509702
 98  -6.78657844172014  2.66371318650826
 99  -6.86146076932401  2.37996808152422
100  -6.96807956574992  2.14187513966923
101  -7.10268684025142  1.93914785601073
102  -7.26508590289278  1.76689100771435
103  -7.45323365042051  1.62709191753102
104  -7.66504308852026  1.52277889136404
105  -7.92184372669423  1.45403045615843
106  -8.35201003852215  1.45825544734382
107  -8.61541028750432  1.53556442241372
108  -8.83667437158011  1.65366693240109
109  -9.03587120250284  1.81616102996068
110   -9.2126456006971  2.02983215435746
111    -9.385802620514  2.37369708630324
112  -9.48415154957883  2.79659164700179
113  -9.49469122974499  3.28381542236313
114  -9.42756824427745  3.79433716395157
115   -9.3134383373566  4.29822691922633
116  -9.26825212025734  4.47797979115279
117  -9.15550533934121  4.90970929835392
118  -8.96860495677677  5.42714206846834
119  -8.73535963841929  5.97275765270935
120  -8.49679032729259  6.49650865501792
121  -8.25726175442435  7.01007333844351
122  -7.83548843287866  7.88300679140003
123  -7.33568162983111   8.7676551840244
124  -6.70255765071381  9.59941281445911
125  -5.84595336442312  10.2444113484063
126  -5.04007548413799  10.7321284735637
127  -4.19010950391029  11.1576782399134
128  -3.30917054211545  11.5211392325409
129  -2.40495522896184  11.8170489027734
130  -1.48328278854188  12.0375939694659
131  -0.518646847435474  12.7844081264994
132  0.513264738914477  12.8207861748743
133   1.53864449554608  12.7501719051556
134   2.55387402741312  12.5703478071827
135   3.55526609797209  12.2756321536807
136   4.53011287499524  11.8560846225202
137   5.45793550810833  11.3049513914528
138   6.36861496263048  10.6222890151012
139   7.10751013406758  9.78737808424736
140   7.70570183118895  8.84924202521332
141   8.21475839502495  7.85554696526872
142   8.50894130170614  7.20469397629506
143   8.78694766872156  6.54614092635899
144   9.05637069415006    5.882524109626
145   9.32734414326113  5.21474036236479
146    9.6305165262738  4.50506552654911
147   10.2645554745587  2.37840485750985
148   10.2673891655654  1.48752689438492
149    10.136185254648 0.748867003912317
150   9.90263511676718 0.107771855490895
151   9.58916737409735 -0.429017673552858
152   9.24922440667824 -0.819746903122779
153   8.94448984503798 -1.06487633045397
154   8.62504520393787 -1.24425130631904
155   8.32371697098097 -1.35319982514779
156   8.05114479224969 -1.40664557587759
157   7.92563006696266 -1.41738494366109
158   7.80764263978163  -1.4196304373414
159   7.55361904080915  -1.3987266207548
160   7.28338524184011 -1.33742540617954
161   7.00584129319278 -1.22981060486525
162   6.72195400401166 -1.06655569592993
163   6.44002721587792 -0.839080798683838
164   6.17080114007951 -0.539377165157565
165   5.93461133310304 -0.17463190918085
166   5.73265281886296 0.275053333723718
167   5.58208756684944 0.805002031550338
168   5.49689149251509  1.38092330537501
169   5.47426825080926  1.96769165223753
170   5.49914380507307  2.52753191548197
171   5.55166452223931  3.03938659363493
172    5.6167088214091   3.5049080632052
173    5.6845234524936  3.92998380526533
174   5.74871971653337  4.31840410529495
175   5.80649524037076  4.67964789411909
176   5.85797843594195   5.0336555829901
177   5.90133321053268  5.38906163118229
178   5.93341319850246  5.74694032983874
179   5.95106615648959  6.10958438710492
180    5.9507757976823  6.48008288768126
181    5.9283517314593  6.86087358254271
182   5.87896006206135  7.25303598454745
183   5.79739158777675  7.65603623339612
184   5.67845428965834  8.06776802689096
185   5.51734648206573  8.48486066974634
186   5.30973378483442  8.90339436632818
187   5.05033473670612  9.32114635460931
188   4.72569246581415  9.74411845707835
189    4.3127640279144  10.1784077477012
190   3.84758378486695  10.5704160291265
191   3.34651100786053  10.9062941701135
192   2.81054038066197  11.1858123083447
193   2.25341401816862   11.401527734128
194    1.7009754763211  11.5488803723876
195   1.16559502315142  11.6366567723851
196  0.445207853892241   11.685633694443
197  -0.773462333247465  11.6695522692702
198   -1.4844738573962  11.5975117661572
199  -2.02174087979188  11.4891096544967
200  -2.57524731935277  11.3172707388223
201  -3.12659703440263  11.0756427111166
202  -3.65115242463149  10.7704032994678
203  -4.13881705481567   10.407426729212
204  -4.58969077056566  9.98441258629279
205  -4.96509886920516  9.54384924080598
206  -5.25660999174465  9.11889467344961
207  -5.48856010052449  8.69742645125788
208  -5.67058695537957  8.27725857824216
209  -5.80775622301045  7.86164934292474
210  -5.90501604488899  7.45425770324525
211  -5.96771510719823  7.05772538610027
212  -6.00132736953874  6.67319612393862
213   -6.0110500468739  6.30016433087532
214  -6.00147366701855  5.93661037940112
215  -5.97644795884268  5.57950199027541
216  -5.93924923136781  5.22593209203665
217  -5.89302218586173  4.87452384565037
218  -5.84039789044345  4.52128280665158
219  -5.78172159992015  4.14887286345933
220  -5.71829746654511  3.74269779674816
221  -5.65520592831652  3.29870773185707
222   -5.6005301832788  2.81226299316045
223  -5.56652925996938  2.27844484828417
224  -5.57100738424352  1.70538513602923
225  -5.63183729699567  1.12532073174821
226  -5.75752540015771    0.573976251018
227   -5.9421813469349 0.0859022833796769
228  -6.16464565914305 -0.312783338832909
229  -6.42518926644178 -0.647329336123547
230  -6.70382645146038 -0.908060964656058
231  -6.98957241948624 -1.10225738174879
232  -7.27171913210016 -1.23703980848226
233  -7.54531992206004 -1.32167565948929
234  -7.80737029207504 -1.36397220283388
235  -8.03054027713219  -1.3711698653831
236  -8.08221804935814 -1.36904212680233
237   -8.3138354828049 -1.34197425822899
238  -8.59216559239692 -1.27060221311139
239  -8.89012689228868 -1.14384976115844
240  -9.20071716307797 -0.947896825956519
241  -9.49052220136338 -0.691651695381002
242  -9.80106104085225 -0.304773495401365
243   -10.084434806882 0.221711810852264
244  -10.2957502824808 0.881304952036508
245  -10.3973971747966  1.72470898591462
246  -10.0306208246309  3.74916383456515
247   -9.7859203006608  4.47622142099596
248  -9.56895069050543  5.14322403743754
249  -9.34917376584873  5.79974512668848
250  -9.11664339311872  6.44708386256804
251  -8.86557483755193  7.08322340022545
252   -8.4174705702751  8.06661044471998
253  -7.88213215799266  8.99981752633191
254  -7.22007406945171   9.8442038613839
255  -6.38504351776781  10.5525550363836
256  -5.48800917622101  11.1497052547274
257   -4.5455073711332  11.6540689000128
258  -3.56972025748129  12.0722735755605
259  -2.56859370103057  12.4039648501215
260  -1.54889573719699  12.6436833811577
