// Id               X                Y
  1  -0.0936516976412573  2.58421245004045
  2  0.816640695387199  2.57871062122542
  3   1.72446667944261  2.49402058067514
  4    2.6202578357624  2.37228380853247
  5   3.52080717482407  2.19703782919488
  6   4.42685861449047  2.07116785429245
  7    5.3366263423576  2.00750409714344
  8   6.24400911381873  1.99259452318144
  9   7.14526758698198  1.98430439025013
 10   8.03817520768499  1.92098275466999
 11    8.9105643374556  1.71534943590365
 12    9.3465267767803  1.47475699015426
 13   9.71106895677007  1.10593588117257
 14   9.89434355339479 0.558939066423189
 15   9.70676273868263 0.0515944198389115
 16   8.96090637872174 -0.118718169031074
 17   8.57444807320242 -0.0554457899093151
 18    8.4087341965257 -0.0144216250580355
 19    8.3054471455067 0.0149256528074416
 20   8.26813103522424 0.0261964155018324
 21   8.23448468576134 0.0366510844134402
 22   8.16396657860939 0.0594625165158412
 23   8.06332589557081 0.0940063217460781
 24   7.94461277452056 0.137530403246531
 25   7.81261753909602 0.189103331269281
 26   7.67057958566816 0.247874435865306
 27   7.52083604406646 0.312941102000802
 28   7.36506993761165 0.383357513160098
 29   7.20446974482374 0.458168537111225
 30   7.03985288573315 0.536442463577614
 31   6.87176502788752  0.61729571355887
 32   6.70055941555739 0.699908830957345
 33   6.52645916046678 0.783535112500565
 34   6.34960524423674 0.867503709658845
 35   6.17009276599792 0.951218926081963
 36   5.98799761145476   1.0341571320419
 37   5.80339531760645  1.11586237394609
 38   5.61637355635424   1.1959414275266
 39    5.4270394083658  1.27405875443841
 40   5.23552244586449  1.34993159287121
 41   5.04197455806141  1.42332525535323
 42   4.84656739363585  1.49404862139547
 43   4.64948822575501  1.56194978645037
 44   4.45093494809296  1.62691184085163
 45   4.25111078456628  1.68884878052666
 46   4.05021915317971  1.74770157761451
 47   3.84845898264305  1.80343445376044
 48   3.64602065480605  1.85603139944128
 49   3.44308264647779  1.90549297205867
 50    3.2398088743969   1.9518333888934
 51    3.0363467051771  1.99507791348269
 52   2.83282557267063  2.03526051937058
 53   2.62935614152578   2.0724218055507
 54   2.42602996084905  2.10660713378253
 55   2.22291955980029  2.13786495870607
 56   2.02007894312903  2.16624532602382
 57   1.81754444637306  2.19179852038865
 58   1.61533590686814  2.21457385144522
 59   1.41345809884508  2.23461857235007
 60   1.21190237114752  2.25197692905843
 61   1.01064841776245   2.2666893402412
 62  0.809666107707087  2.27879170697243
 63  0.608917304334886  2.28831484890141
 64  0.408357615775943  2.29528406044644
 65  0.207938037147297  2.29971877769291
 66  0.00760646876594504  2.30163234508834
 67  -0.192690880902103  2.30103187129426
 68  -0.393008177577088  2.29791816579812
 69  -0.593398684473611  2.29228575174552
 70  -0.793913477272816  2.28412295518501
 71  -0.994600106500193  2.27341207559681
 72  -1.19550117704825   2.2601296463054
 73  -1.39665283487125   2.2442467954995
 74  -1.59808317380433  2.22572971883605
 75  -1.79981059712769  2.20454027317595
 76  -2.00184218556131  2.18063669848378
 77  -2.20417213369217  2.15397447218766
 78  -2.40678031982796  2.12450729827453
 79  -2.60963107092631  2.09218823287898
 80  -2.81267217675736  2.05697094957458
 81  -3.01583419859051  2.01881115102534
 82   -3.2190301100983   1.9776681386787
 83  -3.42215530370582  1.93350655795916
 84  -3.62508799490198  1.88629834184995
 85  -3.82769005919397  1.83602487958965
 86  -4.02980833901537  1.78267943826865
 87  -4.23127645717529  1.72626986245553
 88  -4.43191716444742  1.66682157020564
 89  -4.63154522612768  1.60438085329477
 90  -4.82997081049758  1.53901847669425
 91  -5.02700327701919  1.47083355959768
 92  -5.22245517218581  1.39995771075936
 93  -5.41614612836966  1.32655938711087
 94  -5.60790623204466  1.25084844710366
 95  -5.79757829196014   1.1730808755638
 96  -5.98501830523538  1.09356365635492
 97  -6.17009329598613  1.01265974914024
 98   -6.3526755842697 0.930793070871403
 99  -6.53263241860296 0.848453277362617
100  -6.70980974923215 0.766199978966517
101  -6.88400870669223 0.684665811825656
102  -7.05495306898891   0.6045575401853
103  -7.22224566778946 0.526654118736536
104  -7.38531135146548 0.451800457759186
105  -7.54332384608119 0.380895639341653
106  -7.69511352828304 0.314874841888083
107  -7.83905183134672 0.254686013654434
108  -7.97290135673781 0.201267517712983
109  -8.09358742341101 0.155549254163165
110  -8.19664600483673 0.118573175580321
111  -8.27236541095441  0.09273208851115
112  -8.30964312885826 0.0804489598134747
113  -8.36262730521646 0.0635014154306633
114  -8.46487974608219 0.0325553919732763
115  -8.63334579554076 -0.0129835671549729
116  -9.01807377487552 -0.0881155081209938
117  -9.77141021663314  0.04769109778336
118  -9.98709342606945 0.540871022164554
119  -9.83959142666905  1.09274646214342
120  -9.49838739821361  1.48011082440791
121  -9.07653503371042  1.73981954758104
122  -8.21309600332627  1.97056001511436
123  -7.32411663963077  2.04175825843995
124  -6.42705761369175  2.04426890631603
125  -5.52500012192305  2.04506918962884
126  -4.62088643022043  2.09003533548277
127  -3.72082370364753  2.19670846824157
128  -2.82794533376141  2.35658191512012
129  -1.93400927338289   2.4728672513447
130  -1.01182284839805   2.5309574488551
131  -0.0856932070781464  3.18157713820682
132  0.844304366088221  3.16559810192039
133   1.77097554041648  3.08562477166039
134   2.69199108720857  2.95632626116569
135   3.60861431926916  2.80610891987827
136   4.52687711484386  2.68252228975136
137   5.45328620393715   2.6157530161966
138   6.39065540640338  2.59462144798518
139   7.35225246457211  2.56724197866859
140   8.39416954723324  2.42042936038517
141    9.3691633556295  1.99186102816838
142   9.86274317544392  1.53497088693135
143    10.206709798783 0.974812103194506
144   10.3853099220476 0.466816175672459
145   10.4904101315906 -0.0281562003223999
146    10.596096587668 -0.702719733326523
147   10.5152784585104 -1.84487795031292
148    10.307975298281 -2.18569870876167
149   10.0398571667875 -2.45853647848308
150   9.70161447228434  -2.6795818886578
151   9.32931951513994 -2.82834647887459
152   8.97000098506048 -2.90608709918811
153   8.63413683814908 -2.93288558153135
154   8.31859257074961 -2.92426001393125
155   8.02213847531294 -2.89039224239675
156   7.74292340682809 -2.83854427211376
157   7.47887528440957 -2.77394905156731
158   7.22798699873635 -2.70042209938902
159   6.98844689297249 -2.62078970801429
160   6.75867670598739 -2.53718208001491
161    6.5373238931538 -2.45123081975701
162   6.32323534186162 -2.36420155402448
163   6.11542618962317 -2.27708384729084
164   5.91304987974643 -2.19065344971859
165   5.71537174319126 -2.10551670516665
166   5.52174667174713 -2.02214342312209
167   5.33160079900224 -1.94089223365099
168   5.14441691972989 -1.86203097535746
169   4.95972333760097 -1.78575370475978
170   4.77708580016179 -1.71219527116171
171   4.59610212569437 -1.64144396993141
172    4.4163990632857 -1.57355251391152
173   4.23763088170757 -1.50854741257017
174    4.0594791739229 -1.44643679122906
175   3.88165339753894 -1.38721668801567
176   3.70389174014431 -1.33087590541441
177   3.52596198792678 -1.27739954273487
178   3.34766217070928 -1.22677137903347
179   3.16882084381389 -1.17897530415915
180   2.98929693893621 -1.13399600606808
181   2.80897916923123 -1.09181911702821
182   2.62778500870895 -1.05243100367836
183   2.44565928600341  -1.0158183605896
184   2.26257244211568 -0.981967738043519
185   2.07851850556228 -0.950865105282568
186     1.893512840559 -0.922495522494526
187   1.70758972722051 -0.896842969278007
188    1.5207998383398 -0.873890354594332
189   1.33320768444595 -0.853619713154824
190   1.14488910533856 -0.836012575660734
191  0.955928889121716 -0.821050485305949
192  0.766418595893147 -0.808715620737507
193  0.576454650609111 -0.798991476746283
194  0.386136747840933 -0.791863548921259
195  0.195566581750347 -0.787319967826155
196  0.00484688104375297 -0.785352032129824
197  -0.185919304483903 -0.785954598303558
198  -0.376629147050398 -0.78912629630231
199  -0.567180513199226 -0.794869554996987
200  -0.757472470979198 -0.803190436683046
201  -0.947405930735712 -0.814098295313806
202  -1.13688449967516 -0.827605286812552
203    -1.325815603221 -0.843725770731162
204  -1.51411189476754 -0.862475649796011
205  -1.70169294438778 -0.883871697059733
206  -1.88848717047351 -0.907930919406708
207  -2.07443395902342 -0.934670001323195
208  -2.25948590450324 -0.964104864630555
209  -2.44361110332019 -0.996250368828403
210  -2.62679543407726  -1.0311201632322
211  -2.80904476531796 -1.06872668644159
212  -2.99038703895725 -1.10908129086056
213  -3.17087418432572 -1.15219444992417
214  -3.35058382331642 -1.19807598337455
215  -3.52962073253641 -1.24673521170835
216  -3.70811803598133 -1.29818092569023
217  -3.88623811488467 -1.35242103222492
218  -4.06417324376284 -1.40946171627638
219  -4.24214599670936 -1.46930594282444
220  -4.42040951798072 -1.53195111595618
221  -4.59924781616298 -1.59738571607098
222   -4.7789763191913 -1.66558475051948
223  -4.95994301246807 -1.73650387355054
224  -5.14253056561561 -1.81007204833434
225  -5.32715992494037 -1.88618262029708
226  -5.51429589972193 -1.96468262289764
227  -5.70445529687088 -2.04536001301729
228  -5.89821816294136 -2.12792829478372
229  -6.09624268197865 -2.21200758913269
230  -6.29928425259669 -2.29710057318757
231   -6.5082191964419 -2.38256074077757
232  -6.72407332339242  -2.4675489460812
233  -6.94805493480223  -2.5509719073217
234  -7.18159025943733 -2.63139287147459
235  -7.42635584781887 -2.70689951319653
236  -7.68429559081393 -2.77490702326231
237  -7.95759773018519  -2.8318654143215
238  -8.24858804424886 -2.87283046621932
239  -8.55947645461961 -2.89084793308556
240  -8.89196156494853 -2.87606578843669
241  -9.24857798064428 -2.81381776730298
242  -9.62438520701313 -2.68304141059299
243  -9.96413849568136 -2.48503091677292
244  -10.2466777700288 -2.22811017460758
245  -10.4708541643422 -1.90383371655756
246  -10.6165596996343 -0.75654995794485
247   -10.550061171917 -0.0761771615247299
248   -10.474680990827 0.424961760038671
249  -10.3268590967767 0.941560703256498
250  -10.0139801262579  1.52038618619166
251  -9.54107031441841  2.00076963089885
252  -8.57939638511526   2.4615680894481
253  -7.53612493304282  2.62270986598683
254  -6.56813230602689  2.64743915985947
255  -5.62882239975168   2.6556896717883
256  -4.70047696483266   2.7045271315015
257  -3.77905134655626  2.80947729320653
258  -2.85844663358451  2.94362867647721
259  -1.93532363067586   3.0622327091318
260  -1.01044750870461  3.14285493903758
