// Id               X                Y
  1  -0.103764227385645  3.44891580216231
  2   0.83500933138239  3.40970049500351
  3   1.77364841320313  3.28270029365555
  4   2.69186802946827  3.08216607951482
  5   3.56099215332869  2.82376496948819
  6   4.43680823748003  2.58883237510745
  7   5.32225917677398   2.3870701465129
  8   6.21253667920674   2.2124885641418
  9   7.10024157355059  2.04122006414427
 10   7.97726719808723  1.84291884362644
 11   8.83955024165079  1.58008187356241
 12   9.28919122678476   1.3499754682871
 13   9.69520228092083  1.01393314958288
 14   9.97737521409309 0.461875027027645
 15   9.86925479959174 -0.0704707203525981
 16   9.16178627334179 -0.343587202004202
 17   8.64386305985276 -0.260672209748271
 18   8.52793590680658 -0.227621092265353
 19   8.46785961157349  -0.2084517450835
 20    8.4101513040899 -0.188728273625797
 21   8.35351257157756 -0.168167297607968
 22    8.2925540032189 -0.144701165006727
 23     8.222146236711 -0.115929925488006
 24   8.13961777085288 -0.0799776577196255
 25   8.04432265295503 -0.0355911209210925
 26   7.93679658621694 0.0179965794691067
 27   7.81810721209596 0.0811573602210751
 28   7.68946500903594 0.153925757053236
 29   7.55205581576428 0.236012447329536
 30   7.40707635090489    0.326750202419
 31   7.25591396723589 0.424977031361205
 32   7.10010563434638 0.529095119514898
 33   6.94064916625106 0.637632115004413
 34   6.77780831899954 0.749512147904085
 35   6.61151644220251 0.863869256172066
 36    6.4415898414548 0.979942769519587
 37   6.26780928587266  1.09704448326644
 38   6.08996842373933  1.21454012719432
 39   5.90790642503404   1.3318370798606
 40   5.72152888017612   1.4483772595208
 41   5.53081859576552  1.56363450286877
 42   5.33583758492788  1.67711530643776
 43   5.13672187352284  1.78836143807402
 44   4.93367112934475  1.89695290930421
 45   4.72693527548607  2.00251012511771
 46   4.51680009609732   2.1046945369581
 47   4.30357345001341  2.20320763386552
 48   4.08757320039058  2.29778848969453
 49    3.8691174636893  2.38821029708767
 50   3.64851735332627  2.47427638125329
 51    3.4260720675674  2.55581614889335
 52   3.20206593618308  2.63268134157483
 53   2.97676686787827  2.70474286418286
 54   2.75042551052989  2.77188836100882
 55   2.52327436264387  2.83402060704615
 56   2.29552612177928  2.89105665264295
 57   2.06737082515735   2.9429274987747
 58   1.83897189566807  2.98957791744937
 59   1.61046196105372  3.03096594590998
 60   1.38193992916059  3.06706167082941
 61   1.15347081297538  3.09784520956477
 62  0.925088983123838  3.12330417617319
 63  0.696804240809527  3.14343117093529
 64  0.468609132618295  3.15822179847762
 65  0.240485830583217  3.16767345153535
 66  0.0124115535193032   3.1717847959307
 67  -0.215637666181763  3.17055572296285
 68  -0.443684499691775  3.16398752357676
 69  -0.671748474129235  3.15208312401173
 70  -0.899843962912616  3.13484735379934
 71  -1.12797719860076  3.11228736545853
 72  -1.35614181007126  3.08441343448978
 73  -1.58431314545357  3.05124034450405
 74  -1.81244254549906  3.01278935801856
 75  -2.04045317067153  2.96909048070629
 76  -2.26823855438222  2.92018454534873
 77  -2.49566397810688  2.86612471414864
 78  -2.72256973174056  2.80697728097056
 79  -2.94877490382527  2.74282196678116
 80  -3.17408060408593  2.67375208117603
 81  -3.39827212606191  2.59987493066518
 82  -3.62112013853873  2.52131274976684
 83  -3.84238135791921  2.43820429537758
 84  -4.06179929159353  2.35070712860066
 85  -4.27910563368571  2.25900052191784
 86  -4.49402281752587  2.16328886134907
 87  -4.70626812349787  2.06380534829476
 88  -4.91555960814036  1.96081573908543
 89  -5.12162394062805  1.85462180172421
 90  -5.32420598319178  1.74556414343519
 91  -5.52307962261309   1.6340241037924
 92  -5.71805896505194  1.52042454995126
 93  -5.90900859053894   1.4052296685435
 94  -6.09585119486822  1.28894420173287
 95  -6.27857069364281  1.17211295368308
 96  -6.45720874744983  1.05532169595122
 97  -6.63185259250217 0.939200745496345
 98  -6.80261169591156  0.82443252983633
 99  -6.96957919242726 0.711764832839124
100  -7.13276750380255  0.60203444648077
101  -7.29194915807622 0.496241735663984
102  -7.44617438144046 0.395807228926884
103  -7.59373547299206 0.302467952528614
104  -7.73324226691517 0.217460788459941
105   -7.8636618088159 0.141467578952896
106  -7.98401456379962 0.0748112608158013
107  -8.09329964104726 0.0175263721221388
108  -8.19062934988349 -0.0306557569120644
109   -8.2755867288372 -0.0703817105564322
110  -8.34884588133863 -0.102807848751445
111  -8.41300851761949 -0.129767520552212
112  -8.47308223283235 -0.153758988063833
113  -8.53445159465869 -0.176992544555388
114  -8.59847280737434 -0.199826236109433
115  -8.72601657735185 -0.240974416515004
116  -9.24315394908381 -0.346800708086327
117  -9.96691789997947 -0.114136380876698
118  -10.1054661064778 0.408577446199782
119  -9.85693848438564 0.969873163907331
120   -9.4679688101306  1.32349159546139
121  -9.02821369292428  1.56896201200403
122  -8.17296806775364  1.85014760394773
123  -7.29877911733189  2.05481774476033
124  -6.41193103474221  2.22402368355007
125  -5.52108534558164  2.39087266988959
126  -4.63379396385991  2.58205699157812
127  -3.75527759579324  2.80640696601545
128  -2.88531180328969  3.05899914142694
129  -1.97905704264814  3.26274080926686
130  -1.04021197769703  3.37228054371138
131  -0.104981210002105  4.03313455478774
132   0.84163676821981   3.9960879042677
133   1.78253062335488  3.87006795054932
134   2.71560332610344  3.67228107728926
135    3.6401994094247   3.4341412293163
136   4.55435065181413   3.1976812618176
137    5.4701792011903  2.98902557074229
138   6.39463793073573  2.80539283293053
139   7.33212948797996  2.61610645935074
140   8.33586291553469  2.33955649777107
141   9.28814551307399  1.87695634098796
142   9.80409208001542  1.45322312892498
143   10.2144014923944 0.943855495966944
144    10.472999980388 0.465879497090512
145   10.6495303387763 -0.0104827224263664
146   10.8048977058259 -0.647839664215235
147   10.7520991117811 -1.87422373167732
148    10.540013933865 -2.26663706442933
149   10.2578578878387 -2.58445257327944
150   9.93230482321088 -2.82488945319708
151   9.57829009545865 -2.99546544483071
152   9.21098189229105 -3.10192626460976
153   8.84493234032304 -3.15186099986099
154   8.49072208754536 -3.15507137724995
155   8.15423241216446 -3.12171346534056
156   7.83773295302539 -3.06083132248393
157   7.54128898605341 -2.97982650193104
158   7.26382339979581 -2.88450780641248
159   7.00372082029643 -2.77933376371062
160   6.75903832197068 -2.66761780338011
161   6.52745955204374 -2.55161881600653
162   6.30642254908132 -2.43270274079682
163   6.09388186023023 -2.31190260999697
164   5.88853686807923 -2.19025501444039
165   5.68944042827967 -2.06871477376102
166   5.49580430103191 -1.94810253142575
167   5.30693682297026  -1.8291022821622
168   5.12220997572077 -1.71226716683144
169   4.94103783988272 -1.59802842214611
170   4.76286231009701 -1.48670734997347
171   4.58714459216124 -1.37853021316466
172   4.41336160452169 -1.27364543350917
173   4.24100634963642 -1.17214196912685
174   4.06959114632598 -1.07406751818778
175   3.89865254948561 -0.979445275038276
176   3.72775687619236 -0.888288271032387
177   3.55650546342674 -0.800610737792939
178   3.38453903490158 -0.716436325104808
179   3.21154080085734 -0.635803324350527
180   3.03723813078347 -0.558767269970482
181    2.8614028243064 -0.485401422393862
182   2.68385017318697 -0.415795693888663
183   2.50443717198044 -0.350054579858422
184   2.32306039599653 -0.288294608862124
185   2.13965418800649 -0.230641720281002
186   1.95418979733477 -0.177228810218776
187   1.76667588300445 -0.128193460476989
188   1.57716025507396 -0.0836756308914544
189   1.38573198067571 -0.0438149535078507
190   1.19252236949702 -0.00874733290268971
191  0.997703351605363 0.0213991393918811
192  0.801482591411394 0.0465085460090006
193  0.604095977044697 0.0664811254387316
194  0.405799091767888 0.0812363050545947
195  0.206859351552194 0.0907145621057732
196  0.00754981239966355 0.0948782547007319
197  -0.191855201609042 0.0937117585483699
198  -0.391083080589515 0.0872212435943101
199  -0.589865238233664 0.075434303973771
200  -0.787939616021524 0.0583994791665942
201  -0.985054265683045 0.0361855102000247
202   -1.1809725662349 0.00888003007881881
203  -1.37547985347026 -0.0234125961485724
204   -1.5683903112936 -0.0605743297601903
205  -1.75955251255224 -0.102477109179873
206  -1.94885241618587 -0.148986547789217
207  -2.13621370682672 -0.199965180955158
208  -2.32159640585458 -0.255275057806164
209  -2.50499511006308 -0.314779805325153
210   -2.6864379582608 -0.378346473434065
211  -2.86598682057921 -0.445847448221411
212  -3.04373863055632 -0.517162562685199
213  -3.21982743561605 -0.592181337859421
214  -3.39442663601202 -0.670805118113724
215  -3.56775093152025 -0.752948745588838
216  -3.74005761112194 -0.838541346951702
217  -3.91164695077259 -0.927525772229555
218  -4.08286161113958 -1.01985622790808
219  -4.25408505549878   -1.115493690949
220  -4.42573914954692 -1.21439878866992
221  -4.59828126875916 -1.31652199282714
222  -4.77220142560224 -1.42179120749474
223    -4.948020127152 -1.53009711405416
224  -5.12628786179272 -1.64127693103843
225  -5.30758727064513 -1.75509748295581
226  -5.49253919376906 -1.87123857050656
227  -5.68181398959057 -1.98927754208149
228  -5.87615011520192  -2.1086757255077
229  -6.07638381459781 -2.22876728459056
230  -6.28350079537203  -2.3487527718409
231  -6.49878149505812 -2.46772712005338
232  -6.72427986566949 -2.58483006925493
233   -6.9628470542649 -2.69902882728423
234  -7.21698215981719 -2.80831757298827
235  -7.48870792608289 -2.90956352244462
236  -7.77975122273746 -2.99848427314243
237  -8.09138746622348 -3.06945283880821
238  -8.42389589470057  -3.1152372959207
239  -8.77555917557667 -3.12688689224197
240  -9.14127925038301 -3.09413459887694
241  -9.51139771936067 -3.00670532527646
242  -9.87216873350701 -2.85615041648219
243  -10.2090037416214 -2.63573969443217
244  -10.5077129845098 -2.33688722983757
245  -10.7397156395568 -1.96475407461322
246   -10.868334953317 -0.744099864008546
247  -10.7506844696453 -0.0981693437956375
248  -10.6016868678172 0.387089888247505
249  -10.3702510846641 0.876087007774108
250  -9.98516583267721  1.40424599621413
251  -9.48542429403253   1.8485910817476
252  -8.54434133109424  2.33689147753782
253  -7.53974804070349  2.62580058894884
254  -6.59874044180196  2.81539807699167
255  -5.67185917553234  2.99207854570434
256  -4.75387498200966  3.19050408428866
257   -3.8388121353091  3.41714627662396
258  -2.91460522678858  3.64970932063459
259  -1.98107458670931   3.8477400841849
260  -1.04470047709088  3.97931744888038
