// Id               X                Y
  1   1.74894532586851  9.08445708404438
  2   2.70668530576496  9.50237211241638
  3   3.65843888101697  9.93512045386527
  4   4.60975727993058   10.369847648053
  5   5.56816218376328  10.7923856953279
  6   6.51333691128364  11.1709209763905
  7   7.47775470553364   11.501932972845
  8   8.46447886325644  11.7605438754595
  9   9.47311282357882  11.9196924064106
 10   10.4987964592645  11.9518812463021
 11   11.5259213166545  11.8284030230444
 12   12.1391437792218  11.6450004949988
 13   12.7170294667159  11.3639156253087
 14   13.2240944280523    10.96914872641
 15    13.605515531693   10.461027962595
 16   13.8252324586263  9.75317687924483
 17    13.875961822962  9.42643130975106
 18   13.8939828647507  9.08176247276045
 19   13.8716535428461   8.7302946740925
 20   13.8028370373922  8.37864051809138
 21   13.6832415331995  8.03606981582871
 22   13.5118555651598  7.71287700221527
 23   13.2910877564801   7.4186732729718
 24   13.0261092925553  7.16143645202443
 25   12.7239107371948   6.9470451404797
 26   12.3923619213193  6.77916118166776
 27   12.0394285573631  6.65937151051525
 28     11.67260200753  6.58748832272073
 29   11.2985344777361  6.56191633336089
 30   10.9228423787855  6.58002394724808
 31   10.5500351485433  6.63848259661916
 32   10.1835322246015  6.73355724029844
 33    9.8257384671528  6.86134178854758
 34   9.47815485953132   7.0179393013319
 35   9.14150651429321  7.19959063236592
 36   8.81587446802604  7.40275775101517
 37   8.50082179750697  7.62416946127734
 38    8.1955081973308  7.86083769341755
 39   7.89879014182107  8.11005213909496
 40   7.60930598690895  8.36936002562631
 41   7.32554685480501   8.6365365882759
 42   7.04591499394923  8.90955054687379
 43   6.76877167461984  9.18652777773845
 44   6.49247672180402  9.46571546308228
 45   6.21542162930475  9.74544830816012
 46   5.93605793500622   10.024117918089
 47   5.65292222704643  10.3001460839243
 48   5.36465882969695  10.5719625003512
 49    5.0700409058635  10.8379872890844
 50   4.76799041820062  11.0966185987257
 51   4.45759712162631  11.3462254743617
 52   4.13813651100873  11.5851461047225
 53   3.80908644183981  11.8116914801611
 54   3.47014194374455   12.024154351045
 55   3.12122764128219  12.2208233085512
 56    2.7625070421738  12.4000015188894
 57   2.39438802117457  12.5600297138236
 58   2.01752367328226  12.6993124044068
 59   1.63280805768267   12.816346879533
 60   1.24136610807811   12.909753096597
 61  0.844537692910448  12.9783044805634
 62  0.443855412997809  13.0209564657001
 63  0.0410166946516538  13.0368740639251
 64  -0.362149630422637  13.0254535962535
 65  -0.763721318485646  12.9863419990874
 66  -1.16172412135389  12.9194470650842
 67   -1.5541758319068  12.8249445200764
 68  -1.93913063952637  12.7032741428051
 69  -2.31472379558287  12.5551326744826
 70  -2.67921326996269  12.3814558673614
 71  -3.03101934052794  12.1833978204555
 72  -3.36875844854501  11.9623015677151
 73  -3.69127291136863   11.719668048635
 74  -3.99765343202517  11.4571198569264
 75  -4.28725623221255  11.1763650836368
 76  -4.55971302052322  10.8791598461675
 77  -4.81493553850031  10.5672729770419
 78  -5.05311421230498  10.2424528214898
 79  -5.27471246513395  9.90639820778305
 80  -5.48045715391447  9.56073405484927
 81  -5.67132650184843  9.20699275311275
 82  -5.84853641189012  8.84660179145804
 83  -6.01352629498253  8.48087822651575
 84  -6.16794526053429  8.11103035172773
 85  -6.31363941936729  7.73816695174636
 86  -6.45264074949641  7.36331451763037
 87  -6.58715766678115  6.98744290337198
 88  -6.71956701131024  6.61150004836075
 89  -6.85240662421588  6.23645658902896
 90  -6.98836698408963   5.8633613908025
 91  -7.13027944449544  5.49340919662463
 92  -7.28109738345971  5.12802160876523
 93  -7.44386496192044   4.7689423299285
 94   -7.6216661348861  4.41834671779077
 95  -7.81754410315132  4.07896384283233
 96  -8.03437878568288  3.75420580570761
 97  -8.27470779599878  3.44829336302571
 98  -8.54047615848255  3.16635828694519
 99  -8.83270385856009  2.91449123586679
100  -9.15107142892412  2.69969053331494
101  -9.49344540728971  2.52965601305005
102  -9.85539904332373  2.41237033833773
103  -10.2298252742681  2.35542802935566
104  -10.6067766271861  2.36511871163087
105  -10.9736803644901  2.44534637504088
106  -11.3160458452233  2.59655639241755
107  -11.6186939435741  2.81491740171683
108  -11.8674040392331   3.0920292555267
109  -12.0507246503259  3.41536792264531
110  -12.1615854929032  3.76951887385901
111  -12.1983467841433  4.13802262899599
112  -12.1650385970914  4.50546383777284
113  -12.0706343637145  4.85944136745794
114  -11.9270541497438  5.19224242129342
115  -11.7460755009147  5.50136443578584
116  -11.5399533258637  5.78442412450101
117  -11.0286601847574  6.32749184113684
118  -10.4433385399452  6.65849437262855
119  -9.79971605160884  6.86192852401076
120  -9.13381472894865  6.97655062423347
121  -8.46050881850078  7.03757935585635
122  -7.38594385007439  7.07295180029103
123  -6.30902243262682  7.09987417803306
124  -5.27886646222631  7.20195381452868
125  -4.24807132370319  7.33975653543539
126  -3.22247068425628  7.52014688279846
127  -2.20494089114499   7.7464591920127
128  -1.19802035392664  8.01954647534647
129  -0.203343092423684  8.33662942841873
130  0.778308863639353  8.69282397634168
131   1.63042189052309  9.67281186462106
132   2.58044084486707  10.0874217327822
133   3.52530320733821   10.516938443829
134    4.4701169140388  10.9485333208451
135   5.42121843804246  11.3665891312796
136   6.38686510293494  11.7533822836362
137   7.37152780457046  12.0890204985632
138   8.37853519343979  12.3510462734705
139   9.40704136784976  12.5121493324876
140   10.4493949197204  12.5393876404632
141   11.4885757777965  12.3950915949412
142   12.1132985599102  12.2075383735344
143   12.7140874322194  11.9410094791847
144   13.2763404801311  11.5989049400254
145   13.7858374821321  11.1931529902254
146   14.1301424944561  10.8546056347187
147   14.6033473933439  10.1566677337827
148    14.843750636542  9.47281223283954
149   14.9121965618009  8.82537000563756
150   14.8498233263993  8.22583681030046
151   14.6839176644661  7.67681620994037
152    14.432143341721  7.18063649604532
153   14.1079678575678  6.74172609978526
154   13.7239036259694  6.36541171214785
155   13.2926392899157   6.0562136570776
156   12.8269681410278  5.81668884466833
157   12.3392238594976  5.64697089142357
158    11.840656850032  5.54485827965591
159   11.3409622287887  5.50623016000517
160   10.8480230278406  5.52559775188271
161   10.3678532312767  5.59665946419609
162   9.90469296733196   5.7127846122091
163   9.46120181143857  5.86739276394148
164   9.03870233910926  6.05422324313255
165   8.63743718360175  6.26750513589663
166   8.25681463953532  6.50204558468159
167   7.89562812573142   6.7532561012045
168   7.55224274155501  7.01713536960921
169   7.22474767282265  7.29022416874944
170   6.91107665815241   7.5695446807855
171   6.60910057779508  7.85253320626354
172   6.31669693801824  8.13697250459369
173    6.0318009953118  8.42092774932161
174   5.75244281216423  8.70268843046941
175   5.47677387869811  8.98071737335495
176   5.20308623789569  9.25360729266525
177   4.92982634885925  9.52004480549985
178    4.6556054019245  9.77878164377652
179   4.37920709442025  10.0286124699018
180   4.09959394404158  10.2683591630181
181   3.81591175811947  10.4968601674544
182   3.52749413397068  10.7129664419684
183   3.23386332942646  10.9155388931904
184     2.934734550725  11.1034565819605
185   2.63000968193102  11.2756149431807
186   2.31978489752281  11.4309532278725
187   2.00432957528733  11.5684353947029
188    1.6841045558028  11.6871195528882
189   1.35971562469644   11.786080709473
190   1.03195030412227  11.8645732080129
191  0.701701382940627  11.9218223230276
192  0.370017322797195  11.9573606322905
193  0.0380157299485912  11.9705963604175
194  -0.29308844063553  11.9614030861474
195  -0.62202370830125  11.9294064463327
196  -0.947521507414716  11.8748381565766
197  -1.26824184715823  11.7975851425161
198  -1.58297374883523  11.6981980416356
199   -1.8904163909611  11.5768657900455
200     -2.18950692885  11.4343797883053
201  -2.47910484609727  11.2712389036306
202  -2.75836208455361  11.0883917486834
203  -3.02640865410336  10.8866027943893
204  -3.28266664406187   10.666908721755
205  -3.52661609358565  10.4302506840042
206  -3.75800203082201  10.1776941234537
207  -3.97669978665041  9.91024989514432
208  -4.18282309003961  9.62895261702532
209  -4.37666347626323  9.33478393241066
210  -4.55873606364297  9.02868863361597
211  -4.72975904071163  8.71154367861255
212  -4.89067122014985  8.38415685590077
213  -5.04262961999066  8.04725671737066
214  -5.18701953540447  7.70149378599609
215  -5.32546168367326  7.34744509742162
216  -5.45982500210185  6.98562732240809
217  -5.59224199617605  6.61651840725031
218  -5.72512845986869  6.24059058130486
219   -5.8612065787568  5.85835730809542
220  -6.00353046460077  5.47043799058853
221  -6.15551136301886  5.07764508503728
222  -6.32093767356623  4.68109928655707
223  -6.50398151642902  4.28237904200009
224  -6.70917880546757  3.88371029667955
225  -6.94136339292737  3.48820002097684
226  -7.20552816972331  3.10011114635396
227  -7.50657831804938  2.72516507073917
228  -7.84893718693507  2.37083891201694
229  -8.23596874729971  2.04659742364781
230  -8.66919977790668  1.76396637167425
231  -9.14736793450655  1.53632346149901
232  -9.66539310366458  1.37827072498552
233  -10.2134625874974  1.30448175371844
234  -10.7765103874907   1.3280112619636
235  -11.3344094688689  1.45822014666146
236  -11.8631248499151  1.69867630319007
237  -12.3368588576267  2.04556252678685
238  -12.7308856595676  2.48715794909937
239  -13.0244180668569   3.0047927061892
240  -13.2025985949842  3.57531193504171
241  -13.2566586347707  4.17458439167523
242  -13.1815082935584  4.78100394040184
243  -12.9706943367997  5.37709263400206
244  -12.6108479606949    5.946160241473
245  -12.0810568476671  6.46383002952958
246   -11.349500838047   6.8974699155238
247  -10.9020434237923  7.07111972530084
248  -10.2918729550188  7.26204359867243
249  -9.66078207897385  7.41112889150698
250  -9.02347979783912  7.51909343542889
251  -8.39093298234022  7.59258003622096
252  -7.35915795154604  7.66381566127617
253  -6.34351946904582  7.72023665934016
254  -5.32575583784231  7.80444841793676
255  -4.30613041158529  7.93263554827377
256  -3.29009276070185  8.10946624506506
257  -2.28252679067687  8.33483889233712
258  -1.28612900915667  8.60737742183016
259  -0.302408873835794  8.92444438922747
260  0.668213334507958  9.28152764387275
