// Id               X                Y
  1  -0.754281534314574   16.187172301778
  2  0.444494952725127  16.2294156725114
  3    1.5311520771163  15.6747964800274
  4   2.24386718640177  14.7795860225728
  5   2.90909860603513  13.8693744816371
  6   3.59583152565374  12.9711363615609
  7   4.33627537818914  12.1179495273477
  8   5.13523513490393  11.3206212409325
  9   5.98066784378965  10.5740060077101
 10   6.84682317804791  9.85307652764671
 11   7.69899054476235  9.09675862808752
 12    7.9597911062298  8.66235808624868
 13   8.19875036385798  8.21303419322908
 14   8.41020593748445  7.74905707985512
 15   8.59200446030925  7.27470683804378
 16    8.7176197229073  6.84999989695875
 17   8.74765205439179  6.75189789040654
 18   8.90580879757766  6.25108694491962
 19   9.04431727271623  5.74823408041287
 20   9.13484456878303  5.24488330997865
 21    9.1501012009773  4.76564358958758
 22   9.08032988137366   4.3434732634779
 23   8.93910323926009  3.99745011834535
 24    8.7826309363487  3.76938089498227
 25   8.59452547587536  3.58501768133839
 26   8.36159893020846  3.43612012066801
 27   7.97857220665534  3.31864480404735
 28   7.70939182422531  3.31437606155766
 29   7.48180075437433  3.36100266218374
 30   7.27680232829634  3.44812608258593
 31   7.09576956358212  3.57021730522439
 32   6.93576271204103  3.72842090823437
 33   6.79624456944359  3.93067491433482
 34   6.68396983217475   4.1877809828709
 35   6.60730631977868  4.57843761891243
 36   6.61583162297622  5.02527572305443
 37   6.70113084825275  5.49086757227149
 38   6.83747675351872   5.9575566095057
 39   6.99871993636633  6.42294147614543
 40   7.16333610410751  6.89097902643959
 41   7.31419954716951  7.36623177615141
 42   7.43764420564282  7.85135681365654
 43   7.52293727090126  8.34648085918436
 44   7.56203495506362  8.84951795049379
 45   7.54936004963996  9.35677923290458
 46   7.48155955704191  9.86349482678004
 47   7.35730288836478   10.364275626569
 48   7.17708175798622  10.8536158865049
 49   6.94295273358469   11.326374899646
 50   6.65823320829503  11.7781567296191
 51   6.32719254525273  12.2055800647031
 52   5.95476859544613  12.6064717865038
 53     5.546322864023  12.9800219412632
 54   5.10744279747251  13.3269275452392
 55   4.64382224456689  13.6495336414388
 56   4.16135571535103  13.9519153692274
 57   3.66681881449624  14.2396149655457
 58    3.1684225487302  14.5187259456517
 59   2.67134219305259  14.7956228864535
 60   2.18062313583144  15.0728439126073
 61   1.70276410369493  15.3445756971064
 62   1.24204139761492  15.5947026912654
 63  0.801964887895142  15.7989066551701
 64  0.392521618344514  15.9339520156713
 65  0.141212216301608  15.9799182495566
 66  -0.0243146537042901  15.9924436958908
 67  -0.161786505228258  15.9913801465165
 68  -0.344169565392255  15.9740580762493
 69  -0.634069466313779  15.9123104115367
 70  -1.05563286363596   15.760071661593
 71  -1.50211672539958  15.5440615758014
 72  -1.96817987930584  15.2882186705101
 73  -2.45060276908825  15.0154644178308
 74  -2.94445317863935  14.7393682285696
 75  -3.44306061992801  14.4634895601664
 76  -3.94212127416735  14.1836313146199
 77  -4.43514626359382  13.8933221045788
 78  -4.91405476388199   13.586424232978
 79  -5.37231909954844  13.2576191087335
 80  -5.80401708089482  12.9032181033552
 81  -6.20334398562212  12.5212922429866
 82  -6.56460439617004  12.1115635498488
 83  -6.88236348392464  11.6752648413778
 84  -7.15166377666207  11.2149977640547
 85  -7.36828777888736  10.7345740746658
 86  -7.52905957365348  10.2388092408669
 87  -7.63216955210326  9.73322926234744
 88  -7.67748874695874  9.22366001793042
 89  -7.66683151037731  8.71570915463116
 90  -7.60415550970991  8.21420538460916
 91  -7.49573845711748  7.72263941856518
 92  -7.35035419557456  7.24256498525464
 93  -7.17943404633092  6.77301611001895
 94  -6.99731676186748  6.31028037861816
 95  -6.82186004762298  5.84859094792683
 96  -6.67556655815092  5.38267558379546
 97  -6.58620376163471  4.91375567484674
 98  -6.58217959713678  4.45966306991019
 99  -6.67454834846597  4.06061380316973
100  -6.80505896962901  3.80417382075158
101  -6.96166269549095  3.61161577631025
102  -7.13783145856813  3.46792361785836
103  -7.33369568452951  3.36536347180466
104  -7.54988686589738  3.30396153085796
105  -7.78240026501409  3.28877300377705
106  -8.04962081219317  3.33256489169414
107  -8.41015997777507  3.50742377558014
108  -8.61211392400271  3.68398310632868
109  -8.77002230954693  3.88927492850529
110  -8.89391123927397  4.13084741294909
111  -8.98437288772143  4.42730936082902
112  -9.02932137125168  4.83756534551958
113  -9.00427657805948  5.28297427834087
114  -8.92638780911874   5.7456081985587
115  -8.82457541353278  6.21298193908453
116   -8.8051008534631  6.30643639715292
117  -8.71920360619294  6.74239603130697
118  -8.58428391663818  7.24560961450714
119  -8.43631645015491  7.74639762791779
120  -8.29058327132277   8.2471374939591
121  -8.15202965934453  8.75137071609559
122  -7.92063388584547  9.65083795116316
123  -7.61558622852629  10.5647404007192
124  -7.13270441482725  11.5143980689958
125  -6.46804427394901  12.3955990103052
126  -5.64709727309035  13.1589057524871
127  -4.72191316793725  13.8168186927807
128   -3.7406695125223  14.4256881442035
129   -2.7504236785802   15.025828887495
130  -1.76344769553643  15.6244962071117
131   -0.4309349955595  16.6403099623451
132  0.725775443097509  16.6960742157981
133   1.75039106283526  16.1879370166305
134   2.51441722699579  15.3304611001162
135    3.1954651800273  14.4085311107412
136   3.89169487115687  13.5016500180038
137   4.63750050042928  12.6380511839298
138   5.44158620674836  11.8310786899991
139   6.29436667948038  11.0783097311743
140   7.16064117974866  10.3431210557699
141   7.95042882495712  9.52455410101774
142   8.39017540923411  8.93218649654124
143   8.73258541129298  8.28087466555257
144   9.00468397889344  7.60003376555282
145   9.26301338487133  6.91507972926385
146   9.60808017869744  6.21905645194017
147   10.1825518960764    4.436302904687
148   10.2349629766223  3.61389474793521
149   10.1801963329928   2.8924816001354
150   10.0482708555297  2.26853732932537
151   9.85973600658162  1.74381201122094
152   9.64525335255543  1.34995539568058
153   9.43569573072955  1.07792944038397
154   9.19939559658067 0.855155518271454
155   8.97104102830249 0.701440037692387
156   8.77247371820076 0.607144895215247
157   8.71002950934894 0.584020914610441
158   8.52350393550489 0.532680756719338
159   8.28387900981175 0.500758461904016
160   8.01245483498783 0.506539556436358
161   7.71138878831085 0.562313798116723
162   7.39007998082378 0.679381904621693
163   7.05889686169222 0.867087552572522
164   6.72394008464565  1.13830213449081
165   6.40259519025128  1.49798526771616
166   6.09632269062448  1.97207840113712
167   5.84523492270149  2.52777853493921
168   5.67360573737072  3.12278053660811
169   5.58639300474984  3.72244414139799
170   5.57389163967131  4.30239714734904
171   5.61832131830097  4.84905018341506
172   5.70027457368343  5.35846912302087
173    5.8028369152087  5.83358313780006
174    5.9128902901888  6.28079573077929
175   6.02060249401696  6.70717675412978
176   6.11849413500126  7.11910799734687
177   6.20071425863409  7.52213069678138
178   6.26241914505946  7.92105442690829
179    6.2991843118988  8.31986494493184
180   6.30656726551777  8.72147853689165
181   6.27992220608058  9.12747294195729
182   6.21448563849748  9.53788578779452
183   6.10568341784899  9.95116816723154
184   5.94953095457664  10.3644068610071
185    5.7427931323623   10.774081899171
186   5.48175407935341  11.1782216418623
187   5.15706103296242  11.5805995463485
188   4.75424679742014  11.9836256920156
189    4.2952011514618  12.3533946578178
190   3.80032241477021  12.6714259103193
191   3.27066558163036  12.9356649340717
192   2.71473777291837  13.1360822768999
193   2.15428727831878  13.2613581377941
194   1.61236342062173  13.3140409308343
195  0.987710331305134  13.3079599500297
196  0.234468321714687  13.2681059959082
197  -0.589517997502807  13.2780890378831
198  -1.30651177319425  13.3175005838303
199  -1.90186821415192  13.3119515901883
200   -2.4446794588084  13.2455348886041
201  -3.00596936175735  13.1036874294512
202  -3.55698950547189  12.8880352229525
203   -4.0784266453054   12.610778980076
204  -4.56422722088722  12.2800346258246
205  -5.01206031562228  11.8975904931687
206   -5.3929978575073  11.4926473288239
207  -5.69731721350237  11.0898863090252
208  -5.94050181747957  10.6837348147342
209  -6.12976115659166  10.2723636740763
210  -6.26843528208205  9.85865223418278
211  -6.36000523137418  9.44621280845405
212  -6.40873061350529   9.0377137877781
213  -6.41934160164162  8.63430975121271
214  -6.39662589018889  8.23550876373151
215  -6.34516403663695  7.83927128005559
216  -6.26931832566936   7.4422293462718
217  -6.17351046512893  7.03993433136919
218  -6.06276179650555  6.62705069240685
219  -5.94340889679813  6.19742136624428
220  -5.82391907934414  5.74407420812658
221  -5.71585780651357  5.25965704678628
222  -5.63493921578609  4.73804980506456
223  -5.60135834008775  4.17736536754437
224  -5.63792538693961  3.58364333248013
225  -5.76485696662032  2.97377584820558
226  -5.99178183152986  2.37582203406921
227  -6.30982254296509  1.82647799091089
228  -6.68671991623677  1.36734241812975
229  -7.07029760357321  1.03156177295758
230  -7.44932963311618 0.797881067193631
231  -7.81238876210186 0.650668559404948
232  -8.15342088760327 0.575111246669544
233  -8.46322927585235 0.558902336892952
234  -8.73556258530633     0.58846018791
235  -8.97107898551447 0.651145868261955
236  -9.14927640368739 0.725314631449281
237  -9.20798326409781 0.755746537382091
238  -9.39914957013173 0.877697204766831
239  -9.60557405518365  1.05734752132578
240  -9.80745373337711  1.29941172244967
241  -9.98985597106988  1.60875102123611
242  -10.1351838014407  1.97565221191673
243  -10.2476428738159  2.47197784006489
244  -10.2922339556708  3.10135845896561
245  -10.2338402116958  3.87301550693161
246   -9.6770598180946  5.62119097822008
247  -9.36173550243685   6.3267916004962
248  -9.16621583170055  7.01592067634915
249  -9.00220032255862  7.71314726409759
250  -8.83401204173735  8.40964248723427
251   -8.6427463463362  9.10076328587146
252  -8.26968964574788  10.1561952819358
253  -7.77550794922224  11.1686915589659
254  -7.16349760060546  12.1352766648267
255   -6.4090637907984  13.0082939156814
256   -5.5295743552091  13.7622821534327
257  -4.57025288033323  14.4178011201715
258  -3.57338697923948  15.0247686922078
259  -2.55958694589321  15.6181464605562
260  -1.51992704977822  16.1830496534013
