// Id               X                Y
  1  -0.100696176827668  2.91918849109406
  2  0.783875227812978   2.8892614832585
  3   1.67350147330942  2.79282233261477
  4   2.56975879418308  2.62884759535072
  5    3.4741660144859  2.42518264531579
  6   4.38143926341563  2.25415409333141
  7   5.29085799713851  2.12042770254804
  8   6.19867737964291  2.01423147152197
  9   7.09968985167062  1.90719136595514
 10   7.98866605462748   1.7655897869562
 11   8.86347002742678  1.54674057474545
 12   9.32073835142108  1.33272537048907
 13   9.73414452749508  1.00508024280961
 14    10.016357927201 0.456668846945577
 15   9.90004349699111 -0.0725722479635912
 16   9.17139810817937 -0.319886439413866
 17   8.63235412598867 -0.226016484784276
 18   8.53162264663606 -0.198501438539519
 19   8.47603912082342 -0.182014699437425
 20   8.42287017229809 -0.165381761764525
 21   8.36956641609316 -0.147897794967004
 22   8.30904598037725 -0.127064506946385
 23   8.23624018151263 -0.100673966178167
 24   8.14917092536175 -0.0672750692444838
 25   8.04781044158779 -0.0260143516792596
 26   7.93304484116961 0.0235625492552079
 27   7.80605844703347 0.0816100601595992
 28   7.66804992205061  0.14802023908414
 29   7.52019938023114 0.222398039029091
 30   7.36387187466286 0.303947592410388
 31   7.20088265596939 0.391342599090251
 32   7.03292169215871 0.483090518875912
 33    6.8608286562448 0.578041383869255
 34   6.68492970368182 0.675299588923227
 35   6.50536867204716 0.774089377864784
 36   6.32222263176205  0.87371629439089
 37   6.13555534837681 0.973552499734536
 38    5.9454473683954  1.07302862318193
 39   5.75201183613153  1.17162898834454
 40   5.55540037752764  1.26888881130406
 41   5.35580203969406  1.36439234942009
 42   5.15343771118579  1.45777121164611
 43   4.94855204866973  1.54870230423648
 44   4.74140452662159  1.63690516223588
 45   4.53226079285844  1.72213865330801
 46   4.32138509274163  1.80419720021564
 47   4.10903416120695  1.88290674528669
 48   3.89545269861451  1.95812069065869
 49   3.68087034454929  2.02971601798513
 50   3.46549992426026  2.09758974579972
 51   3.24953663577858  2.16165583947303
 52   3.03315774626134   2.2218426536722
 53   2.81652227441252  2.27809095274895
 54   2.59977010392898  2.33035250110739
 55   2.38302011019347  2.37858912351615
 56   2.16636730458414  2.42277200794866
 57    1.9498797009447  2.46288091255139
 58   1.73359631650758  2.49890293920734
 59   1.51752792752855  2.53083072473038
 60   1.30166150042501  2.55866023702609
 61   1.08596776825849   2.5823886636015
 62  0.870410023400888  2.60201293382342
 63  0.654951743418142  2.61752917233623
 64  0.439561403798745  2.62893300238663
 65  0.224214175091453  2.63622034346768
 66  0.00889126676455782  2.63938829971919
 67  -0.206422038125149  2.63843585574952
 68  -0.421738960378136  2.63336424144828
 69  -0.637074127572858  2.62417690674237
 70  -0.852446503789385  2.61087908491791
 71  -1.06788157918995  2.59347700482937
 72  -1.28341157250951    2.571976977839
 73  -1.49907250150874  2.54638476074445
 74  -1.71489792336103  2.51670563167209
 75  -1.93091057095595  2.48294541395388
 76  -2.14711417157975  2.44511231098268
 77  -2.36348770968005  2.40321908977056
 78   -2.5799832680717  2.35728507826968
 79  -2.79652707266744  2.30733764971838
 80  -3.01302235009637  2.25341319618741
 81  -3.22935247519472  2.19555784168986
 82  -3.44538341050658  2.13382821787648
 83  -3.66096513481407  2.06829255801615
 84  -3.87593226456363  1.99903224827913
 85  -4.09010429480536   1.9261438781446
 86  -4.30328590207478  1.84974177572606
 87  -4.51526767593217  1.76996098815593
 88  -4.72582755497709  1.68696065221984
 89  -4.93473316123196  1.60092768226328
 90  -5.14174514338649  1.51208067710849
 91  -5.34662153030738  1.42067392033776
 92  -5.54912293723178  1.32700133041142
 93  -5.74901824095898  1.23140022438839
 94  -5.94609003984856  1.13425480799733
 95  -6.14013884121531  1.03599940811324
 96  -6.33098447508404 0.937121625570346
 97  -6.51846269663931 0.838165804108847
 98  -6.70241419456375  0.73973749949721
 99  -6.88266185780378  0.64251011916576
100  -7.05896860649557 0.547236261312356
101  -7.23095091184708 0.454774271482965
102  -7.39779937333318 0.366202365039331
103  -7.55770882243262 0.283046940424235
104  -7.70858421714566  0.20679242139149
105  -7.84913332745404 0.138248536969828
106  -7.97838364085657 0.0777997160136687
107  -8.09534804114372 0.0255838845809338
108   -8.1990294709953 -0.0184799295332456
109  -8.28868530901832 -0.0547426683967095
110  -8.36442019580352 -0.0839552605799213
111  -8.42821400546484 -0.107505146108119
112  -8.48511357263051 -0.127667246000269
113  -8.54238054490191 -0.147135937205444
114  -8.60281665700406 -0.166762216069219
115  -8.71483285510576 -0.200579894589516
116  -9.25386220147666 -0.314895434127761
117     -9.99639245167 -0.105355439554949
118  -10.1414378289891 0.413889098434621
119  -9.89500153381063 0.968478782903637
120  -9.50033162112543   1.3146219665391
121  -9.05406312174905  1.54524821677364
122  -8.18662841055588  1.78399233907201
123  -7.30119209147843  1.93242992688234
124  -6.40244610224259  2.03676486603238
125  -5.49628557424971  2.13411480697155
126  -4.58789138293519  2.25596100245799
127  -3.68123953239697  2.41465894363349
128    -2.777832149259  2.60675458283799
129  -1.87799152195692   2.7782411542771
130  -0.989606978627902   2.8606952315113
131  -0.0958402876005662  3.50615664309329
132  0.841326687955311  3.47481198454212
133   1.77202733175578  3.37100932629698
134   2.69269786274976  3.21136926824503
135   3.60595010919919  3.02833370517186
136   4.51994128490875   2.8585967650266
137   5.44158932588588  2.72167102084489
138    6.3733609094741  2.60951827739421
139   7.32092075560396  2.48627244455895
140   8.34154652937634  2.26669466035625
141   9.31166289406956  1.84005542815472
142   9.83682057952288  1.42698392386559
143    10.251377090365 0.923347985144377
144   10.5109829534056 0.450201237468736
145   10.6890645063234 -0.0217448647851349
146   10.8538459863305 -0.675079996929487
147   10.8149095914668 -1.80597660868569
148   10.6077463159598 -2.20727884106054
149   10.3270953126783 -2.53080801177133
150   9.99890202268597 -2.77682179999836
151   9.63995866654322 -2.95193736519478
152   9.26843627511579 -3.06177797008378
153   8.90036492072926  -3.1151907027051
154   8.54620919977819 -3.12326957150549
155   8.21113656174355 -3.09686798127938
156   7.89676118736306 -3.04522058001609
157   7.60273926426621  -2.9756525177584
158   7.32778318755526 -2.89378395018125
159   7.07013553235846 -2.80382426392506
160   6.82760966365694 -2.70875841762741
161   6.59746141636701 -2.61042971733716
162   6.37705752129662 -2.50996813617991
163   6.16464782653209 -2.40836121575704
164   5.95903926575006 -2.30650095433948
165   5.75927651792794 -2.20513205801077
166   5.56453917636426 -2.10485678566476
167   5.37409735356714 -2.00615133406642
168   5.18728643588237 -1.90938330396446
169   5.00349221896967 -1.81482931969792
170   4.82214271648165 -1.72269244249386
171   4.64270443709787 -1.63311886035136
172   4.46468154210187 -1.54621324660419
173   4.28761664819448 -1.46205223792703
174   4.11109231976576 -1.38069565187156
175   3.93473255049418 -1.30219527986762
176    3.7582037664571 -1.22660129908126
177   3.58121508206147 -1.15396651185856
178   3.40351770087304 -1.08434873201826
179   3.22490348003826 -1.01781169569687
180   3.04520278292299 -0.954424891858446
181   2.86428184866955 -0.894262696525156
182   2.68204002329853 -0.837403162774176
183   2.49840731354387 -0.783926762710001
184   2.31334278165845 -0.733915284428135
185   2.12683418208336 -0.687450943422042
186   1.93889883084237 -0.644615586750991
187   1.74958500317002 -0.605489714253218
188   1.55897244763936 -0.570151022557146
189   1.36717039649619 -0.538672373832832
190   1.17431215061154 -0.511119447486589
191  0.980546765951677 -0.487548637721535
192  0.786029761845376 -0.468005783771786
193  0.590915217051568 -0.452526017995272
194  0.395350874675504 -0.441134582535058
195  0.199476526301217 -0.433848163736956
196  0.00342487671387031 -0.430676252128518
197  -0.19267619295853 -0.431622181974196
198  -0.388700698868624 -0.436683676496115
199  -0.584521289020221 -0.445852823685507
200  -0.78000597477568 -0.459115459881929
201  -0.97501566383168 -0.476450038110189
202  -1.16940377925536 -0.497826250108552
203  -1.36301914600049 -0.523203875496509
204  -1.55571237631978 -0.552532383326816
205  -1.74734455640148 -0.585751596372167
206  -1.93779596945341 -0.622793312878807
207  -2.12697260810993 -0.663583400307931
208  -2.31480935047902 -0.708043765291851
209  -2.50127017985921 -0.756093807443957
210  -2.68634684208432 -0.807651312233412
211   -2.8700574651868 -0.862633004341078
212   -3.0524461390609 -0.920955054004371
213  -3.23358375777465 -0.982533736915168
214  -3.41356992469722 -1.04728629201356
215    -3.592535508377 -1.11513188059513
216  -3.77064543747773 -1.18599245409716
217  -3.94810141815737 -1.25979328070822
218  -4.12514436656198 -1.33646284638535
219  -4.30205644269692 -1.41593182360679
220  -4.47916265295706 -1.49813079059383
221  -4.65683207289414 -1.58298639108657
222  -4.83547884569631 -1.67041565863586
223   -5.0155632477169 -1.76031829619593
224  -5.19759328896637 -1.85256680163131
225  -5.38212754270154 -1.94699445227638
226  -5.56978019249858 -2.04338128324894
227  -5.76122969851167 -2.14143827896082
228  -5.95723316355793 -2.24079001083022
229  -6.15864986529593 -2.34095592011773
230  -6.36648111994273 -2.44133073109682
231  -6.58195136322419 -2.54116933277858
232  -6.80678253929352 -2.63962610745875
233  -7.04376800623537 -2.73582799413098
234  -7.29604126565973 -2.82828272202199
235   -7.5658903514865 -2.91421851374906
236  -7.85511411950648 -2.98961183657618
237  -8.16513143512797 -3.04905047499834
238  -8.49656323774044 -3.08542407700035
239  -8.84827253947618  -3.0896628760113
240  -9.21580514886974 -3.05090950921627
241  -9.58958015981911 -2.95772377316381
242  -9.95435563626293  -2.8004930962927
243  -10.2924266412089 -2.57269541221002
244   -10.587729238224 -2.26680840990981
245  -10.8134764774239 -1.88422957609572
246  -10.9167009556003 -0.757309295014395
247  -10.7886149545435 -0.0957715537027296
248  -10.6371036976371 0.384710272785255
249  -10.4050446575491 0.867237297606387
250  -10.0168958607301  1.38883339351105
251   -9.5083755767172  1.82330156510139
252  -8.54964559300353  2.27700708265068
253  -7.52790573420335  2.50923914000701
254  -6.57574300737451  2.63237274623212
255  -5.64076969763003  2.73683774076902
256   -4.7156492100933   2.8626894553118
257  -3.79775756248358  3.02186396640078
258  -2.88088899984644  3.19879871763397
259  -1.95774679272611  3.35704626574329
260  -1.02658389870217  3.46374988271774
