// Id               X                Y
  1  -0.0916873590850591  2.19167522776006
  2   0.86009988556679  2.17168651195123
  3    1.8105116923058  2.11021977057994
  4   2.73138760002843  2.01534464845731
  5   3.63587832221164   1.8777312392008
  6   4.54741315472416  1.79957952975941
  7   5.46414487015615  1.78925899070019
  8   6.38032310087092  1.82688659774206
  9   7.29596076852295  1.85984285737439
 10    8.2113040725511  1.80990891058614
 11   9.10969695824915  1.59107395614167
 12   9.56268548919619  1.30828290860847
 13    9.8909738163611 0.885351883281237
 14   9.96949002571159 0.385273425316787
 15   9.74617990153178 -0.0470566067049419
 16   9.00513566834697 -0.235814115381752
 17   8.31270336021526 -0.06196681778839
 18   8.11450368064226 0.00680560169610603
 19   8.04817772777811 0.0313758287799494
 20   7.99537322216556 0.051447099354216
 21   7.94324228108924 0.0716934195121521
 22   7.88080884073234 0.0964424040567499
 23   7.80369586177046 0.127715881964698
 24   7.71143147203998 0.166023248158287
 25   7.60522647183675 0.211119727511705
 26   7.48682082824059 0.262375692502719
 27   7.35796791714083 0.318966245723037
 28   7.22018491871196 0.379994761660684
 29   7.07464358747517  0.44458212349238
 30   6.92216933025002 0.511913735550851
 31   6.76331260957116 0.581248477441486
 32   6.59844571229485 0.651907987585939
 33   6.42785334526453 0.723262439981662
 34   6.25180488201671 0.794720738522943
 35   6.07060520571394 0.865727627983072
 36   5.88462383377196 0.935767438260454
 37    5.6943039087348  1.00437233852189
 38   5.50015489911032  1.07113191412852
 39   5.30273449947754  1.13570093588322
 40   5.10262551443902  1.19780322484035
 41   4.90041256194005  1.25723093655802
 42   4.69666184021574  1.31383979835173
 43   4.49190558825633  1.36754152076972
 44   4.28663160360379  1.41829476846141
 45   4.08127736164536  1.46609588832443
 46   3.87622782741986  1.51097025598232
 47   3.67181581539832  1.55296476333625
 48    3.4683236032547  1.59214170220427
 49   3.26598440336259   1.6285741074676
 50   3.06498235573206  1.66234246955611
 51   2.86545018514832  1.69353256369933
 52   2.66746477997087   1.7222339644557
 53    2.4710425396369  1.74853868653957
 54    2.2761376517623  1.77253943622795
 55   2.08264647376367  1.79432723880373
 56   1.89041943877997  1.81398863645639
 57   1.69927907238105  1.83160300104753
 58   1.50904028808772  1.84724057540063
 59     1.319528349569  1.86096162142605
 60   1.13059093265163  1.87281666765759
 61    0.9421028559006  1.88284751688891
 62  0.753964263287491  1.89108852606504
 63  0.566094583593925  1.89756772126803
 64  0.378425130256135  1.90230749457921
 65  0.190892787507254  1.90532485006284
 66  0.00343616626282156  1.90663133742034
 67  -0.184005662069572  1.90623288518619
 68  -0.371492826491541  1.90412971513079
 69  -0.559084291522214  1.90031641454919
 70  -0.746839058210675  1.89478211037631
 71  -0.934819950105516  1.88751057978363
 72  -1.12309997739999  1.87848009110472
 73  -1.31177006130268  1.86766282378918
 74  -1.50094587233732  1.85502386350031
 75  -1.69077106637049  1.84051996873266
 76  -1.88141456259732  1.82409848734757
 77  -2.07306076547893   1.8056968813327
 78  -2.26589357515375  1.78524322916974
 79  -2.46007709166313  1.76265780908299
 80  -2.65573723155778  1.73785550966818
 81  -2.85294825166692   1.7107485372305
 82  -3.05172629626365  1.68124885637691
 83  -3.25202941116639  1.64927004787747
 84  -3.45376138893648  1.61472865751704
 85  -3.65677626680217  1.57754542834397
 86  -3.86088118961721  1.53764692602864
 87  -4.06583682045981  1.49496800280931
 88    -4.271355698863  1.44945540494583
 89  -4.47709958111506  1.40107269772868
 90  -4.68267696576566  1.34980657799999
 91   -4.8876419704825   1.2956745305851
 92  -5.09149565897803  1.23873361185183
 93  -5.29369084893806  1.17908987881478
 94  -5.49364128417751  1.11690763376048
 95  -5.69073568987075  1.05241728961654
 96  -5.88435650109966 0.985920421776682
 97  -6.07390186466872 0.917790662430885
 98   -6.2588079092952 0.848469712062308
 99  -6.43856654947274 0.778458945084239
100  -6.61273276434762 0.708308640836292
101  -6.78091492014749 0.638608248525081
102   -6.9427424342747 0.569981700061132
103  -7.09780682781343 0.503091138220445
104  -7.24557666607592 0.438649574523607
105  -7.38529837484128 0.377436334007354
106  -7.51591352092865 0.320299946235908
107  -7.63603687295538 0.268129157595018
108  -7.74403596520508 0.221781000184953
109  -7.83825644967464 0.181962196002024
110  -7.91751308520763 0.149033978535686
111  -7.98216322057917 0.122628654446616
112  -8.03631003548972  0.10086763826001
113  -8.09098725379755 0.0792522490249248
114  -8.16045182725979 0.0523565220690063
115  -8.37194273590537 -0.0252490934305045
116  -9.06351449776383 -0.221225478222909
117  -9.81420582059475 -0.067405042215583
118  -10.0615039668411 0.351283008748478
119  -10.0128731251344 0.854017053176421
120  -9.71004970308086  1.29244562733352
121  -9.27330154487349  1.59444014416542
122  -8.38457524224685  1.84075208695579
123  -7.47219179595387   1.9026776450932
124  -6.55888099207265  1.86941251150744
125  -5.64552867588442  1.82230615629599
126  -4.73125079704099  1.81764225412461
127  -3.82118356383936    1.879366716297
128  -2.91861567120987  2.00347330558906
129  -2.00448780863975  2.09775466600952
130  -1.04217577517693  2.14044541056703
131  -0.0917998179023984  2.77953605811262
132  0.835509484133582  2.76320817699281
133   1.76119828564365  2.70013551725073
134   2.68553064161204  2.60173163383686
135   3.61006579964572  2.49272135617343
136   4.53244500120163  2.41888862805431
137   5.45444579109794  2.40810288237138
138   6.37677011396576  2.44572909579932
139   7.30233675842212  2.47920592962586
140   8.22937099464086  2.41930911137906
141   9.11873941113205  2.14398913268389
142   9.57536007530361  1.84716563328871
143    10.006733157532  1.38403463858993
144   10.3237829754788 0.780407094762833
145   10.5105404244426  0.12521438624022
146   10.6316187570142 -0.515061415822482
147   10.5851098897278 -1.43239660122424
148   10.4148670253517 -1.79943099882178
149   10.1680512002552  -2.1182060517003
150   9.86891902638308 -2.37277659816363
151   9.53453653482663 -2.56417758800416
152   9.18440939432625 -2.69488635236159
153   8.83446612634714 -2.77242295589902
154   8.49483736973348 -2.80686876855989
155   8.17065803802045 -2.80821354114723
156   7.86369022441412 -2.78502906814534
157   7.57373318904272 -2.74413805840569
158   7.29962803521687 -2.69076969205526
159   7.03988664846224 -2.62888027554302
160   6.79301777859156 -2.56146880342242
161   6.55764932049413 -2.49082091800332
162   6.33254523204074 -2.41867865261876
163    6.1165822731656 -2.34635685362833
164   5.90871793062403 -2.27482685624927
165   5.70796274157112 -2.20478164430739
166     5.513362623943 -2.13669103893351
167   5.32399261289951 -2.07085105964181
168   5.13896027305002 -2.00742845334597
169   4.95741522258685 -1.94649968590666
170   4.77856087897545 -1.88808332410444
171   4.60166531814767 -1.83216521217066
172    4.4260693609403 -1.77871659517694
173   4.25119112613725 -1.72770596973807
174   4.07652707779708 -1.67910580124272
175   3.90165004639737 -1.63289535524708
176   3.72620493696396 -1.58906083395197
177   3.54990298854913 -1.54759386933029
178   3.37251560971913  -1.5084892527994
179   3.19386897860185 -1.47174258942516
180   3.01384061246616 -1.43734833582045
181   2.83235870076195 -1.40529839895569
182   2.64940392920596 -1.37558116920677
183   2.46501195916051 -1.34818064322423
184   2.27927341950993 -1.32307530073768
185   2.09232824650472  -1.3002366807358
186   1.90435294595394 -1.27962801101472
187   1.71554216711386 -1.26120350923706
188    1.5260883807523 -1.24490890308391
189   1.33616422348741 -1.23068335137201
190   1.14591101862146 -1.21846250453109
191  0.955434844574586 -1.20818214165441
192  0.764809307519029 -1.19978175809523
193  0.574082638680213 -1.19320761708619
194  0.383286207239624 -1.18841501982241
195  0.192441969986129 -1.18536978672538
196  0.00156745416721418 -1.18404910581701
197  -0.189321843315002 -1.18444196271886
198  -0.380211667770983 -1.18654932867173
199  -0.571088245123512  -1.1903841801456
200  -0.761935948937596 -1.19597129796482
201  -0.952732373616582 -1.20334668802894
202  -1.14344082369234 -1.21255641832728
203  -1.33400145010875 -1.22365470609045
204  -1.52432330478092 -1.23670122209653
205  -1.71428006720956  -1.2517577843143
206  -1.90371184748437  -1.2688848348021
207  -2.09243421974576 -1.28813824880968
208  -2.28025370097727 -1.30956702274477
209  -2.46698682893582 -1.33321217592208
210  -2.65247867655538 -1.35910682666306
211  -2.83661685692422 -1.38727703297697
212  -3.01933893923745 -1.41774283025762
213  -3.20063385175418 -1.45051905113783
214  -3.38053990892586 -1.48561586834285
215  -3.55914262846176 -1.52303932289185
216  -3.73657460917962 -1.56279220498341
217  -3.91301828050378 -1.60487552800294
218  -4.08871114632274 -1.64929058421752
219  -4.26395256208736 -1.69604130687381
220  -4.43911098494585 -1.74513643721249
221  -4.61463075150807 -1.79659079882841
222  -4.79103756865031 -1.85042479072102
223  -4.96894198348779 -1.90666101306157
224  -5.14904016254497 -1.96531675269828
225  -5.33211144936361 -2.02639092749399
226  -5.51901251058759 -2.08984409901359
227  -5.71066854789195 -2.15557040117212
228  -5.90806308768979 -2.22336073724418
229  -6.11222909416922 -2.29285725523355
230  -6.32424512710376 -2.36349956084728
231  -6.54524034509896 -2.43446277641332
232  -6.77641080795458 -2.50458575919752
233   -7.0190460811051 -2.57228396853245
234  -7.27455662228489 -2.63543494644638
235  -7.54447264223088 -2.69121585159593
236  -7.83035236991222 -2.73586910868133
237  -8.13350501331805 -2.76439014758557
238   -8.4544218348958 -2.77018696848525
239  -8.79181903471432 -2.74486275624083
240  -9.14124032465989 -2.67843111454618
241  -9.49338299306958  -2.5604717449396
242  -9.83302052287617 -2.38267190208009
243  -10.1406880259475 -2.14168500363648
244  -10.3990743577309 -1.83625746927696
245  -10.5822476340991 -1.48561664046989
246  -10.6751210351852 -0.582329540157565
247  -10.5881981675419 0.0630825112286324
248  -10.4374993796111 0.727325475200956
249  -10.1526581155185  1.34712295583636
250  -9.74144135605238  1.83256530656092
251  -9.29453183699973  2.14858678749063
252  -8.41196077305042  2.44930380437406
253  -7.48444087494164  2.52176900391814
254  -6.55764825201591  2.48821073863628
255  -5.63500160207315  2.44110907972044
256  -4.71280579572026  2.43687149801062
257  -3.78985367743548  2.49449168738889
258  -2.86461458996177  2.59086394469772
259  -1.93931816726076  2.68371703225727
260   -1.0152609587927   2.7490976995426
