// Id               X                Y
  1  -0.102155657995189  3.21993085301223
  2  0.815058632340244  3.18385566038143
  3   1.73248828760359  3.06793552622552
  4   2.64903657041396  2.87357400730934
  5   3.52559618601425  2.63749951311052
  6   4.41012620587344  2.42862738196356
  7   5.30271839923977  2.25388935564412
  8   6.19861285227809   2.1058777032592
  9    7.0909246899825  1.95897050047907
 10   7.97240193502348  1.78197535239629
 11   8.83982763497306  1.53617987816258
 12   9.29305776540783  1.31250484811888
 13   9.70348192554206 0.979093315302278
 14   9.98733901606241 0.420987173222482
 15   9.86889414999587 -0.110050274913303
 16   9.14014615801565 -0.357388204320579
 17   8.60047418639911 -0.259668304363656
 18    8.4803459359041 -0.223917579556192
 19   8.42280879832232 -0.205040739336447
 20   8.36772132295189 -0.185910253748967
 21   8.31366044018785 -0.166166107559267
 22     8.255043662615 -0.143673481809329
 23   8.18667559650906 -0.116063722334557
 24   8.10589465989828 -0.0815811883592067
 25   8.01206622468414 -0.039114566367602
 26   7.90571005159803 0.0119735080573307
 27   7.78785918037203 0.0719543652834071
 28   7.65969369921506 0.140791884248194
 29   7.52238675983793 0.218156282642579
 30   7.37710704198923 0.303398362157401
 31   7.22509431136399 0.395512810218455
 32   7.06762713699359 0.493198708970228
 33   6.90570198610696 0.595139188654101
 34   6.73978818471178  0.70025545220493
 35   6.56999844234567 0.807674432900259
 36   6.39629970481801 0.916636699002546
 37   6.21861437422366  1.02645603663448
 38   6.03687204973875  1.13650191043551
 39   5.85104045522007  1.24619005476542
 40    5.6611428282934  1.35497794506557
 41   5.46726485079911  1.46236360873237
 42   5.26955345925623  1.56788634385133
 43   5.06820981397764    1.671127997708
 44   4.86347866520811  1.77171374388678
 45   4.65563613983832  1.86931172425674
 46   4.44497758423204   1.9636313581623
 47   4.23180662041465  2.05442046077795
 48   4.01642609771441  2.14146151186274
 49   3.79913121537158  2.22456748504074
 50   3.58020477927377   2.3035776258338
 51    3.3599143287229  2.37835349920092
 52   3.13851069719749  2.44877554907899
 53   2.91622742425714  2.51474033962419
 54   2.69328030966687  2.57615857612927
 55   2.46986634461739  2.63295391216348
 56   2.24616138157713  2.68506241564648
 57   2.02231634800019  2.73243239273951
 58   1.79845260055595  2.77502411163861
 59   1.57465791861349  2.81280894073422
 60   1.35098510999966  2.84576761940892
 61    1.1274547073097  2.87388779178122
 62  0.904061762710749  2.89716134899857
 63  0.680785064141583   2.9155822757843
 64  0.457596214410518  2.92914547658657
 65   0.23446637258013  2.93784662073916
 66  0.0113696345204133   2.9416826644993
 67  -0.211716734926652  2.94065255020011
 68  -0.434814175007889  2.93475764883074
 69  -0.657945345231369  2.92400171645763
 70  -0.88113565868728  2.90839040087588
 71  -1.10441230664353  2.88793060589573
 72  -1.32779982482938  2.86263021246428
 73  -1.55131242943811  2.83249864761407
 74  -1.77494480633852  2.79754851115137
 75  -1.99866398228328  2.75779800952093
 76  -2.22240462735533  2.71327356935858
 77  -2.44606868250116  2.66401195935132
 78  -2.66952846336998  2.61006155854627
 79   -2.8926313675726  2.55148285107397
 80  -3.11520436286829  2.48834854097628
 81  -3.33705719288836  2.42074375702208
 82  -3.55798410674388   2.3487667131579
 83  -3.77776451391825  2.27253002419202
 84  -3.99616321259915  2.19216273427412
 85  -4.21293084494878  2.10781302394972
 86   -4.4278051313463  2.01965150638071
 87  -4.64051331145486  1.92787498004114
 88  -4.85077609678541  1.83271045687552
 89   -5.0583133015293  1.73441922951535
 90  -5.26285113539782  1.63330069198081
 91  -5.46413088752008  1.52969561124067
 92  -5.66191839380856  1.42398859489744
 93  -5.85601327491208  1.31660964276737
 94  -6.04625649543415  1.20803491910531
 95  -6.23253437696096  1.09878721762492
 96  -6.41477682347144 0.989436960711546
 97  -6.59294711190373 0.880604928548134
 98  -6.76701978626169 0.772968338172241
 99  -6.93694035728629 0.667273198370335
100  -7.10254513526082 0.564364256098493
101  -7.26336297803804 0.465275334610417
102  -7.41835928286752 0.371327259432111
103  -7.56620804616355 0.283868916995503
104  -7.70574472308666  0.20392282121179
105  -7.83594224851163  0.13216029892943
106  -7.95578657436305 0.0689636262136958
107   -8.0642543841396 0.0144539022994768
108  -8.16044516407009 -0.0315293756624288
109  -8.24392165701355 -0.0695022575553719
110  -8.31532542088729 -0.10048042912896
111  -8.37725107928672 -0.126179382133266
112  -8.43482344176348 -0.14907174764212
113  -8.49374868028365 -0.171479589633034
114  -8.55556479895374 -0.193846811760232
115  -8.68844380336598 -0.237903149379333
116  -9.22743660313066 -0.357898882703106
117   -9.9704652064561 -0.149999421815141
118  -10.1184377655685 0.370153803393501
119  -9.86804298782769  0.93825940513245
120  -9.47481477060555  1.28919791720352
121  -9.03151717558186   1.5283719081987
122  -8.17099869567438  1.79281785190703
123  -7.29241993529019  1.97650720875322
124  -6.40120717745759   2.1216166955366
125  -5.50514087505184  2.26227240981043
126   -4.6111389380804  2.42693020923604
127   -3.7241506668447  2.62558833865148
128  -2.84514511763725  2.85328736051631
129  -1.93633310441109  3.05125134765782
130  -1.01881970140834  3.15128168077566
131  -0.103893498221129  3.80578294648477
132  0.837553064612082  3.77055498273701
133    1.7727872585067  3.65186526537151
134   2.69915795543882  3.46606021904145
135   3.61739141739149  3.24760342665298
136   4.53070735567934  3.03685342490334
137   5.44894771558216  2.85614264788981
138   6.37675300217699  2.69996466136671
139   7.31915317396559  2.53524468147263
140   8.33093224999767  2.27853893496004
141   9.29028062991098  1.82683649822108
142   9.80984969562147  1.40486706067671
143   10.2220648296066  0.89462444576364
144   10.4815525077731 0.415136928688592
145   10.6582435903206 -0.0599573871574247
146   10.8203844958857 -0.717719189575613
147   10.7904800669698 -1.73408237066563
148   10.6016079441844 -2.14533060755713
149   10.3364966058911 -2.48218216585894
150   10.0219206127487 -2.74215246403953
151   9.67408891866223 -2.93183414181014
152   9.30906542467014  -3.0562937878055
153   8.94227225621813 -3.12261397350925
154    8.5851752713683 -3.14039504602777
155   8.24443673579299 -3.11987270302227
156   7.92292746476222 -3.07033473546266
157   7.62112444647693 -2.99947871616097
158    7.3381972220277 -2.91338807878245
159   7.07265599399817 -2.81674217344113
160   6.82264540727773 -2.71303905759141
161    6.5860393522655 -2.60476469458389
162   6.36057641870738 -2.49358177805573
163   6.14425031827159 -2.38066867441866
164   5.93559636150745 -2.26703684443318
165   5.73354151344661 -2.15358722881561
166   5.53721055625847 -2.04108183722602
167   5.34584081103141 -1.93014163162797
168   5.15874271941407 -1.82125702833478
169   4.97527684238797 -1.71480184184006
170   4.79484004843837 -1.61104930764034
171   4.61685819582622 -1.51018962564781
172   4.44078361705055 -1.41234818307479
173   4.26609597194252 -1.31760339752462
174      4.09230516573 -1.22600313853837
175   3.91895520125142 -1.13757890450688
176   3.74562806571531 -1.05235725430617
177   3.57194700628158 -0.970368324794122
178   3.39757878811586 -0.891651544648334
179   3.22223473373053 -0.816258856464243
180   3.04567051303716 -0.744255883389565
181   2.86768480361866 -0.675721537861264
182    2.6881170906077 -0.610746584152858
183   2.50684503894791 -0.549431642540387
184   2.32378203436536  -0.4918850576831
185   2.13887558830865 -0.438220932403936
186   1.95210721155479 -0.388557437029164
187   1.76349394025939 -0.343015260066933
188   1.57309091610789 -0.301715844998676
189   1.38099352228118 -0.264778994401119
190   1.18733710604515 -0.232319630648949
191  0.992292821718102 -0.204443945871686
192  0.796059606130387 -0.181245610009553
193   0.59885398291192 -0.162802830269525
194  0.400900260228694 -0.149176761214981
195  0.202423307868001 -0.140411243090405
196  0.00364490123088951 -0.136533408911839
197  -0.195216631522033 -0.13755453491994
198  -0.393944563275477 -0.143470603839185
199  -0.592321250598414 -0.15426230174949
200  -0.790126638362847 -0.169894489027781
201  -0.987139377490332 -0.190315510795665
202  -1.18314156422591 -0.215456948393451
203  -1.37792691926738 -0.245234421061929
204  -1.57131075132259 -0.279549735793241
205  -1.76313908368372 -0.318294150456919
206   -1.9532945855794 -0.361352057792146
207   -2.1416983995724 -0.408604308789783
208  -2.32830870349221 -0.459930710909799
209   -2.5131178774019 -0.515211715493152
210  -2.69615009925757 -0.574329649174126
211   -2.8774604322775 -0.637169911473262
212  -3.05713559706409 -0.703622412995606
213  -3.23529603522174 -0.77358330106179
214  -3.41209864581828 -0.846956816318499
215  -3.58773960271123 -0.923656984327512
216  -3.76245679845806 -1.00360876492809
217  -3.93653161547867 -1.08674824039218
218  -4.11028986144738 -1.17302140836744
219  -4.28410182553626 -1.26238115662402
220  -4.45838153242561 -1.35478204236569
221  -4.63358541012997  -1.4501725917557
222  -4.81021075789525 -1.54848498494728
223  -4.98879460549057 -1.64962219763858
224  -5.16991379106111 -1.75344291310358
225  -5.35418734606792 -1.85974475600056
226  -5.54228257933714 -1.96824656834742
227  -5.73492669983934 -2.07857049288789
228   -5.9329267896564 -2.19022458605957
229  -6.13720405691595 -2.30258711135327
230  -6.34886433259748 -2.41489927562308
231   -6.5693856216689 -2.52629387155056
232  -6.80086383623367 -2.63579210303849
233  -7.04571023733461 -2.74196589285335
234  -7.30613384285744 -2.84252796269224
235  -7.58407049685466 -2.93417116307678
236  -7.88114920639129 -3.01241645628996
237  -8.19843659613647 -3.07138323256539
238  -8.53583696106708 -3.10355034998846
239  -8.89105614279925 -3.09970949849495
240  -9.25821008562191 -3.04948054618916
241  -9.62669740708454 -2.94275463683583
242  -9.98178473283831 -2.77159518184267
243  -10.3078587513619 -2.53002401227618
244  -10.5894245457985 -2.21040492546164
245  -10.7982903550539 -1.81765309041487
246  -10.8875994744295 -0.807287669749043
247  -10.7628907410909 -0.141330272757621
248  -10.6127554113749 0.342393654939317
249  -10.3801733813784 0.831852066326846
250  -9.99305213037205  1.36027309922185
251  -9.48961223305387  1.80263212109459
252  -8.54146422161032   2.2800396188687
253   -7.5291809560786   2.5491913196136
254  -6.58314897875312   2.7144951793184
255  -5.65296620035786   2.8641122209162
256  -4.73243811255899  3.03499823758752
257  -3.81737131572554  3.23611434826862
258  -2.89837327628641  3.44867294601569
259  -1.97140838610862  3.63364815010823
260  -1.03865911574961  3.75655327713017
