// Id               X                Y
  1  -0.106970831244948  4.34504914090489
  2  0.906663983690678  4.29686350643681
  3   1.84280327244596  4.16400313197838
  4   2.73334543073712   3.8964946726315
  5   3.61801360438277  3.58541072058952
  6   4.47500493849571   3.2360083086692
  7   5.34066528966882  2.91030617763547
  8   6.21257592617455  2.60626990973094
  9   7.08266129380774  2.31006882030757
 10    7.9407831440353  2.00034200622986
 11   8.78235710627684  1.64800884904763
 12    9.2250132395389  1.38204334416525
 13   9.62404777272472  1.02045218526954
 14   9.90306834682203 0.442024466736902
 15   9.78524601331624 -0.0997545628016017
 16   9.08071608392107 -0.370647930226613
 17   8.56877676067278 -0.278819930899235
 18   8.39092702899496 -0.215544788740752
 19    8.3265516835132 -0.188708078381601
 20   8.26507245073032 -0.161119421940299
 21   8.20513666352443 -0.132364684206136
 22   8.14475315284325 -0.101586781692317
 23   8.08008635827935 -0.0665942934706584
 24   8.00794632989762 -0.0251283850023052
 25   7.92663936458884 0.0246421455607004
 26   7.83575177966851 0.0839884169525754
 27   7.73571340610771 0.153677178967363
 28   7.62739312450917  0.23402729317639
 29   7.51180758104694 0.324965322447755
 30   7.38994739474681 0.426064580208203
 31   7.26271147691542 0.536559420443413
 32   7.13091142734801 0.655347216852085
 33   6.99525352540513 0.781053103224247
 34   6.85620799601057 0.912243871196666
 35   6.71387231995328  1.04767529131922
 36    6.5680059168747  1.18636023599471
 37   6.41817159235685  1.32749472853128
 38   6.26384898890847  1.47038179221949
 39   6.10450185906306  1.61438603517017
 40   5.93962569359002   1.7589021149922
 41   5.76878608927319  1.90333163528541
 42   5.59164843548792  2.04706963737709
 43   5.40799747195062  2.18950136142483
 44   5.21774577104994  2.33000786281389
 45   5.02093159383117  2.46797734387919
 46    4.8177079730932  2.60281845560493
 47   4.60832579447234  2.73397232523408
 48   4.39311391954442   2.8609212280172
 49   4.17245910645179   2.9831931203224
 50   3.94678783867133  3.10036230865471
 51   3.71655139311039  3.21204718264637
 52   3.48221473019995  3.31790620516842
 53   3.24424915181232  3.41763333841261
 54   3.00312815425585  3.51095391497054
 55    2.7593254688212  3.59762172701556
 56   2.51331389655272  3.67741784205608
 57   2.26556321206644  3.75015135173095
 58   2.01653521276395  3.81566188798283
 59   1.76667409849915  3.87382327589913
 60   1.51639103339468  3.92454716548149
 61   1.26604319949678  3.96778502351147
 62   1.01590990566581  4.00352671143157
 63  0.766170840807922  4.03179431395507
 64  0.516893156411068  4.05263106519191
 65  0.268033309487558  4.06608689953729
 66  0.019456081027809  4.07220362506834
 67  -0.229031561869324  4.07100319942893
 68  -0.477637607337978  4.06248186532316
 69  -0.72654024202825  4.04661143748747
 70  -0.97584819565341  4.02334739132265
 71  -1.22557246701265  3.99264186715892
 72  -1.47561369571397  3.95445855820246
 73   -1.7257656879527   3.9087861717081
 74  -1.97573145995702  3.85564797486468
 75   -2.2251457032218  3.79510646577568
 76  -2.47359764724648   3.7272637048163
 77  -2.72065016188795   3.6522587631448
 78   -2.9658533051785  3.57026398553431
 79  -3.20875245099625  3.48148151624576
 80  -3.44889229113225  3.38614106656044
 81  -3.68581847353827  3.28449941195086
 82  -3.91907864308201  3.17684169319098
 83  -4.14822441401641  3.06348427469414
 84   -4.3728154691587  2.94477865933334
 85  -4.59242661070119  2.82111574243353
 86  -4.80665818115069  2.69292950260234
 87  -5.01514979992773  2.56069910694646
 88  -5.21759679611745  2.42494842738035
 89  -5.41376807215981  2.28624222120186
 90  -5.60352347869037  2.14517880329874
 91  -5.78682825274916   2.0023799306457
 92  -5.96376184094959  1.85847969376419
 93  -6.13451863935737  1.71411516563148
 94  -6.29939886268217  1.56992200210749
 95   -6.4587887307681  1.42653781161396
 96    -6.613129948704  1.28461498421435
 97  -6.76287801371153  1.14484368215327
 98  -6.90844332862066  1.00798872170766
 99  -7.05008954105187  0.87495940135392
100  -7.18778671678111 0.746903220470677
101  -7.32114751074384 0.625187762197957
102  -7.44954183774891 0.511189351170033
103  -7.57226064894104 0.406049725959479
104  -7.68855979094574  0.31058405698079
105  -7.79763625721961 0.225289485268386
106  -7.89865674716429 0.150346121387677
107   -7.9908928387334 0.0855791769563487
108  -8.07397791218859 0.0303851325866648
109  -8.14828902996616 -0.0163581268772544
110  -8.21538253865103 -0.0563873030933515
111   -8.2782711453525 -0.0919960010524473
112   -8.3408114282245 -0.125554170497697
113  -8.40530150476227 -0.158202941014725
114  -8.47301124769399 -0.190316606065509
115  -8.67650600155861 -0.273671865307202
116  -9.18840510134858 -0.393543267656503
117  -9.91252157768732 -0.169742425640807
118  -10.0656364140528 0.353684917188314
119  -9.82681373570973  0.94311319872581
120  -9.45021036181685  1.32066902230565
121  -9.02169727685831  1.60003721332757
122  -8.19054075330746  1.96520626036381
123  -7.33826638322826  2.27453030876487
124   -6.4721634830908   2.5614543450061
125  -5.60366273071732  2.85201556128042
126  -4.74175420776022  3.16415562308127
127  -3.89198491611888   3.5029965356143
128  -3.04554693868405  3.85948522399837
129  -2.15631044046411  4.09521264629814
130  -1.13135775320985  4.24183492716986
131  -0.175952594548801  4.92289987958721
132  0.792535008456271  4.88695277078294
133   1.76367408860916  4.74449654809048
134   2.76861415862487  4.49035182545196
135   3.73864338431988  4.16765156103518
136     4.656560032985  3.82537272991411
137   5.55543043028796  3.49186219831099
138   6.45872235745079  3.17539754121949
139   7.37769827045993  2.85534856652791
140   8.34779765336475  2.46066013328009
141   9.26088607850961   1.9155490032781
142    9.7527754090619  1.46128288335237
143   10.1474448345691 0.930095105704801
144   10.3996765534877 0.428351099731712
145   10.5643093785566 -0.057976610829932
146   10.7000999402661 -0.705334060973033
147   10.6481320472317 -1.68139172170872
148   10.4664394056828 -2.09114083964893
149   10.2090305596837 -2.43457281254194
150   9.90538895369716 -2.70002503883366
151   9.57094121977943 -2.89505647901963
152   9.21768558638796 -3.02569850271706
153   8.85751001121035 -3.09748453369759
154   8.50111124630629  -3.1173326345703
155   8.15641246447495 -3.09345474722651
156     7.828165084307 -3.03428924604443
157   7.51848132716748 -2.94757914968278
158   7.22766003513856 -2.83993218019609
159   6.95491499849273 -2.71675578548382
160   6.69887290910024 -2.58236961317175
161   6.45784791383546  -2.4401498137108
162   6.22996810611799 -2.29264644623977
163   6.01328567059823  -2.1417152486384
164   5.80598535969307 -1.98874971550953
165   5.60658425123193 -1.83494487422747
166   5.41393871184755 -1.68141519818056
167   5.22713183473092 -1.52917962545004
168   5.04538575100837 -1.37913012356447
169   4.86801768989548 -1.23201934709258
170   4.69441176488245 -1.08845650681605
171   4.52399568879836 -0.948907479385282
172     4.356221653155 -0.813700610224326
173   4.19055251595435 -0.683039515430698
174   4.02645403318795 -0.557022539406736
175     3.863392867062 -0.435666939153282
176   3.70083925567877 -0.318935040290562
177   3.53827280808406 -0.206759634935794
178   3.37518987262133 -0.0990664974916501
179   3.21111116534255 0.00420727495615159
180   3.04558868158093 0.103099605873937
181   2.87821124497654 0.197614367401993
182   2.70860834031634 0.287716385891973
183   2.53645214839804 0.373329769091104
184   2.36145799565495 0.454338665036505
185   2.18338378563091 0.530589518292698
186   2.00202939787583 0.601893942510309
187    1.8172374682831 0.668031514661045
188   1.62889726789699 0.728752159317109
189   1.43695334961436 0.783778349211336
190   1.24141995148665 0.832808045361531
191   1.04240060485306 0.875519954713174
192  0.840110048795924 0.911582968755475
193  0.634893017073102 0.940671171720831
194  0.427233013694058 0.962484359864179
195  0.217745222168263 0.976771898765471
196  0.0071514696511557 0.983355883276835
197  -0.203760003765295 0.982148977428375
198  -0.414183833153282 0.973163291987755
199  -0.623348682617606 0.956508604005395
200  -0.830563251007765 0.932380394019852
201  -1.03525072910155  0.90104020403994
202  -1.23696714407147 0.862792334405652
203  -1.43540271191466 0.817961283537741
204   -1.6303695926805 0.766873297180632
205  -1.82178215920252 0.709843456253649
206  -2.00963604422539 0.647167862879938
207  -2.19399045372732 0.579119376032481
208   -2.3749558284669 0.505945125655822
209  -2.55268691175723 0.427864430673315
210  -2.72738005352978  0.34506640096081
211  -2.89927311515781 0.257707142624395
212  -3.06864640281445 0.165906970620173
213  -3.23582339452556 0.0697483304302565
214  -3.40117044554625 -0.0307247329310246
215  -3.56509504836467 -0.135504702191547
216  -3.72804254732325 -0.244615523049141
217  -3.89049147062513 -0.358103705038822
218  -4.05294787587161 -0.476025187494712
219  -4.21593934317629 -0.59842794099192
220  -4.38000950657065 -0.725330798674513
221  -4.54571426503579 -0.856699665408496
222  -4.71362098733407 -0.992422925881401
223   -4.8843120176127 -1.13228835589296
224  -5.05839352106067 -1.27596387084098
225  -5.23651021907401 -1.42298383816813
226  -5.41936616509794 -1.57274154885405
227   -5.6077523603075 -1.72448752155497
228  -5.80258779968048  -1.8773356371396
229  -6.00500125706657 -2.03029016084745
230  -6.21645737784676 -2.18227691301822
231  -6.43879062655704 -2.33205860943991
232  -6.67403899167838 -2.47798186618774
233  -6.92420594377643 -2.61770368709328
234  -7.19112320063155 -2.74803060910363
235  -7.47634486524921 -2.86480724415149
236  -7.78091631906356 -2.96277887125965
237  -8.10492614615909 -3.03546295274281
238  -8.44681848678445 -3.07516016732588
239  -8.80256683167908 -3.07329973350491
240  -9.16505475950095 -3.02126033607858
241  -9.52427650374546 -2.91143465415156
242  -9.86875180880166 -2.73753832682093
243  -10.1868740577224 -2.49294572267959
244  -10.4640454852112 -2.16927258559982
245  -10.6671154040373  -1.7849752256484
246  -10.7870381202526 -0.825426269856198
247  -10.6950990859328 -0.171299438559636
248  -10.5616698407355 0.324410115533775
249  -10.3424410001149 0.832632730331779
250  -9.97625895150773  1.38160534036917
251  -9.50225887430135  1.85477802480192
252  -8.60220567187486  2.42027172320993
253  -7.63337684219031  2.81964084391899
254  -6.71363638150762  3.13247867537711
255   -5.8086737107099  3.43707463414345
256  -4.90998022505257  3.76066503550837
257  -3.99140326195653  4.10520296778595
258  -3.00864679501641  4.44206531073376
259  -2.06817466469155  4.68905874801542
260  -1.12720838974471  4.85137010318773
