// Id               X                Y
  1  -0.106921739548247  4.85100543468428
  2  0.909559146766446   4.8030226577305
  3   1.93584350535066  4.63888622794089
  4   2.87553872866363  4.40323520007613
  5   3.74368838613228  4.02553190134962
  6   4.57803878401072  3.62174135895895
  7   5.40441869674605  3.20612078116409
  8    6.2451905767422  2.82012470941397
  9    7.0942083238417  2.45993325630867
 10   7.93864186743417  2.10447608304517
 11   8.76476303208301  1.71254860460211
 12   9.19834284303158   1.4285955219806
 13   9.58556062684912  1.05672966695094
 14   9.86023550860333 0.480798526689565
 15   9.72072442679834 -0.137443767973687
 16   9.01049363755893 -0.375518011187401
 17   8.51411439871366 -0.260222474046962
 18   8.36615121427353 -0.197361469729274
 19   8.30105553313113 -0.165398577466064
 20   8.23863370093448 -0.132237567164136
 21   8.17791387875787 -0.0975773282428002
 22   8.11574726343836 -0.0596634164257687
 23   8.04777645594326 -0.0153504514585679
 24   7.97107669254405 0.0382217694362265
 25   7.88462141830213 0.103139358248058
 26   7.78876271205969 0.180661736422128
 27   7.68461427491163  0.27133142421665
 28   7.57355446147083 0.375081748680013
 29   7.45692627616747 0.491313946111938
 30   7.33594898071478 0.618885971983124
 31    7.2117525800875 0.756058211491043
 32   7.08523426120256 0.900729841847005
 33   6.95675356725542  1.05098415598941
 34   6.82613837005303  1.20531618714726
 35   6.69290313691496  1.36253884319134
 36   6.55640636044943  1.52168451858907
 37    6.4159311753348  1.68195347675195
 38   6.27073158202282  1.84267749605907
 39   6.12006660774215   2.0032836488974
 40   5.96323273107824  2.16325541645844
 41    5.7995987161287  2.32209420464809
 42   5.62864192769691  2.47928742294691
 43   5.44998143621717  2.63428931864819
 44    5.2634020435113  2.78651764142585
 45   5.06886489137415    2.935364660479
 46   4.86650338460291  3.08021742178078
 47   4.65660628662332  3.22048078108424
 48   4.43959201666469  3.35559761469387
 49   4.21597903074806  3.48506276809989
 50   3.98635684616368  3.60842969788423
 51   3.75136117840782  3.72531066297173
 52   3.51165524314479  3.83537244048755
 53   3.26791784665306  3.93832993848662
 54   3.02083757254616   4.0339399723713
 55   2.77111115168067  4.12199707825501
 56   2.51944291768536  4.20233266961378
 57    2.2665411391831   4.2748181011039
 58   2.01310625669387  4.33937121322308
 59   1.75980626976464  4.39596465276233
 60   1.50723670538813   4.4446328336448
 61   1.25586774050576  4.48547329169428
 62   1.00598905385314  4.51863825752845
 63  0.757670758937124  4.54431448692291
 64  0.510759293797056  4.56269384685902
 65  0.264914235507911  4.57394179147518
 66  0.0196714095554922  4.57817194940669
 67  -0.225491778707977  4.57543122360193
 68  -0.471100853387098  4.56569498397678
 69  -0.717631876497876  4.54887087893412
 70  -0.96545210760579  4.52481183070961
 71  -1.21475912134786  4.49333904019332
 72  -1.46553914402606  4.45427205960444
 73  -1.71756213944202   4.4074587102563
 74  -1.97041303936943  4.35279737229669
 75  -2.22354333361927  4.29024799124884
 76  -2.47632450934505  4.21983270379119
 77  -2.72809095492243  4.14162973439876
 78  -2.97816786717527  4.05576477598359
 79  -3.22588543368417  3.96240323869577
 80  -3.47058337477705  3.86174542936148
 81  -3.71161058266043  3.75402547320285
 82  -3.94832408033774   3.6395138215121
 83  -4.18009056347964  3.51852249333013
 84   -4.4062927574746  3.39141168330173
 85  -4.62634182356025  3.25859596258849
 86  -4.83969603629443  3.12054802236154
 87  -5.04588484945483   2.9777978843374
 88  -5.24453625496659  2.83092593221521
 89  -5.43540414508004  2.68054919176238
 90  -5.61839149486554  2.52730203909395
 91  -5.79356496741919  2.37181467054717
 92   -5.9611573348394  2.21469456709973
 93  -6.12155599515113  2.05651691079922
 94  -6.27527852774406  1.89782865988427
 95  -6.42293882037435  1.73916770714106
 96  -6.56520854997323  1.58109444617436
 97  -6.70277754187077  1.42423039531419
 98  -6.83631229606344   1.2692994349334
 99  -6.96640440511797  1.11717322364095
100   -7.0934889302914 0.968933598668853
101  -7.21771043043965 0.825962130818501
102  -7.33878343754968 0.689979827295876
103  -7.45601468214227 0.562844900242029
104  -7.56849768988653 0.446165698293662
105  -7.67522709900673 0.341086564718727
106  -7.77510579272655 0.248277502430286
107  -7.86702361720108 0.167926824752676
108  -7.95010646314661 0.0996601865826215
109  -8.02414850059664 0.0424029691787674
110  -8.09017141297764 -0.00576704127651658
111  -8.15087487827864 -0.0476406193718205
112  -8.21024752230024 -0.0863541505212661
113   -8.2710581046852 -0.123707388759648
114  -8.33426771205292 -0.160071918743867
115  -8.48489168818702 -0.236838263197653
116  -8.97615134512793 -0.394210488275633
117  -9.71148979137077 -0.237395249365977
118  -9.93975554136069 0.195348317851687
119  -9.87218022187129 0.708534441406012
120   -9.5450755713891  1.19200432485234
121  -9.08073029220173   1.5720040784731
122  -8.23448570487907  2.01477019727297
123  -7.36895338678522  2.38923943991976
124  -6.49560638663793  2.74098706394178
125  -5.63070994485804  3.11020450314204
126   -4.7849284094838   3.5132531729029
127  -3.94780087954204  3.93951336527996
128  -3.09804374800709  4.33077345438265
129  -2.16204860467202  4.58387768714437
130  -1.13380549628889  4.74463993826593
131  -0.093786040335434  5.43436198949789
132  0.893688882613062  5.39361385930213
133   1.86627765319727  5.24389225323949
134   2.84112266695952  4.98831416263883
135   3.81703498405107  4.62433319441901
136   4.75650060597181  4.20043937908458
137   5.64760596323076  3.77341747513143
138    6.5255646645773  3.37207896743277
139   7.42286798558264  2.98431302166257
140   8.37048168137528  2.54319204093764
141   9.26376474562172  1.96523021535227
142   9.73524519341469  1.49015672685314
143   10.1039563296687 0.935365280043204
144   10.3501646162643 0.360885329379692
145   10.4914544823551 -0.133819456874268
146    10.623137695755 -0.78205822917409
147   10.5979613719043 -1.69217449413513
148   10.4191646596137 -2.10961839925221
149   10.1639880628836 -2.44543338681714
150   9.86088410576917 -2.69973139508802
151   9.52617610582651 -2.88079042484016
152   9.17318549714009 -2.99469214531378
153   8.81501024918886 -3.04749501722091
154   8.46277360142654 -3.04701434975455
155   8.12410106127918 -3.00222432932869
156   7.80313360258901 -2.92196457724767
157   7.50140448944801 -2.81408834726119
158   7.21881489472616 -2.68519049163186
159   6.95434062164657  -2.5406585198598
160   6.70638732184987 -2.38477518858454
161    6.4729239713349 -2.22076578424463
162   6.25176679829988 -2.05099875249004
163   6.04102603277752  -1.8774269102021
164    5.8392077312779 -1.70183716352763
165   5.64506941706837  -1.5258472121804
166   5.45752414912901 -1.35087586103956
167   5.27561154289652 -1.17814378486167
168   5.09849127709679 -1.00868716905428
169   4.92543741981986 -0.843370938853553
170    4.7558255785129 -0.682896114022605
171   4.58911127327282 -0.527801299982192
172   4.42480224440251 -0.378462554474683
173   4.26242996677384 -0.235097616703259
174   4.10152582939824 -0.0977790364144937
175   3.94160561643401 0.0335427199805747
176    3.7821633385115 0.159008489369052
177   3.62267326659932 0.278816147000291
178   3.46259774432515 0.393187227082354
179   3.30139797932733 0.502337827163713
180   3.13854526066416 0.606455773153862
181   2.97353061351475 0.705684661112745
182   2.80587158506966 0.800114326499941
183   2.63511559892341 0.889776551238754
184   2.46084016968445 0.974644347774069
185   2.28265131643919  1.05463291866168
186   2.10018276744204  1.12960041807586
187   1.91309984437127  1.19934706214814
188   1.72111279666511  1.26361211413445
189   1.52400401300688  1.32206990181387
190   1.32167090667882  1.37432813337228
191   1.11418053772598  1.41993367570566
192  0.901823764995331  1.45839131808823
193  0.685149532848451  1.48919830116079
194  0.464960840657797  1.51189120294122
195  0.242268334979537  1.52609504074683
196  0.0182183926106439   1.5315626864088
197  -0.205979064484775  1.52819810488739
198  -0.42911131895992  1.51606394855508
199  -0.650020247313209  1.49537565938332
200  -0.867667822519593  1.46648133576975
201  -1.08120498386497  1.42982628693206
202  -1.29002238204327  1.38590665798612
203  -1.49376352830689  1.33522258558827
204  -1.69229897257668  1.27824149964378
205  -1.88567652413604  1.21537656806185
206  -2.07406673440139  1.14697885910898
207  -2.25771751763487  1.07333821929029
208  -2.43692375930843 0.994687510889107
209  -2.61201147144064 0.911206396900314
210  -2.78333272824735 0.823022911506019
211  -2.95126674227656 0.730212782305415
212  -3.11622302023802 0.632797590567122
213  -3.27864370446522 0.530743406698331
214  -3.43900341970269 0.423961679955434
215  -3.59780596336354 0.312314047350294
216  -3.75557796162482 0.195622442521289
217  -3.91286023086225 0.0736854350941263
218  -4.07019812487577 -0.053698941865111
219  -4.22813265893756 -0.186704574870033
220    -4.387194630418 -0.325444776163242
221  -4.54790413477681 -0.469939087011346
222  -4.71077755547582 -0.620083409801848
223  -4.87634305813147 -0.775627335875733
224   -5.0451638172864 -0.936160857443777
225  -5.21786606678339 -1.10110961574422
226  -5.39516757698407 -1.26973466761467
227   -5.5779025704802 -1.44113139399371
228  -5.76704235658593 -1.61422409700415
229  -5.96371816531869  -1.7877583036604
230  -6.16926512088571   -1.960299874152
231  -6.38530925681958 -2.13024127652574
232  -6.61384390042087 -2.29574405757593
233  -6.85710918364105 -2.45448456112018
234  -7.11725967556278 -2.60328639974522
235  -7.39608907478402 -2.73789625691603
236  -7.69481966129557 -2.85288260798276
237  -8.01372421900835 -2.94153669438697
238  -8.35144966766038 -2.99584637236322
239  -8.70409890473694 -3.00677155291551
240  -9.06441378530271 -2.96504975595485
241  -9.42176357276253 -2.86239244829954
242  -9.76352409320388 -2.69202305382958
243  -10.0766081127418 -2.44701282759197
244  -10.3446107523835 -2.11828396068354
245  -10.5394128519294 -1.70214829757685
246  -10.5886864181949 -0.763876816496294
247  -10.4746449945554 -0.10046017274671
248  -10.3060956886638 0.566497725012121
249  -10.0265377559424  1.19380567643491
250  -9.64401295801762  1.71585337448215
251  -9.24240374419876  2.09234640767602
252  -8.44287919490933   2.5908278309231
253  -7.58128536074411  2.97168594959514
254  -6.70443996942761  3.32355873846124
255  -5.83009612657431  3.69577560741229
256  -4.95163027390435    4.102493769282
257  -4.01177782118113  4.53278300767027
258  -3.03536786941553  4.91243402316313
259  -2.06221852711888  5.18444860532091
260  -1.10320523555252  5.35555269208932
