// Id               X                Y
  1  -0.00780697467023811 -0.22763808999667
  2  0.874138784538918 -0.174941280743855
  3   1.70989583069443 0.00300114822366938
  4   2.64058183131211 0.512574081100926
  5   3.44314009234195 0.848768809237713
  6    4.2042561145069  1.29715209010513
  7   4.95965626223393   1.7440875438672
  8   5.74577254414222  2.11821191236725
  9   6.57958757041346  2.35239738195354
 10   7.44231954309467  2.36728107378323
 11   8.27819223567405  2.11977047780844
 12   8.66109251724252  1.83214192837874
 13   8.93669691225119  1.39406281198622
 14   8.90183476194296 0.846252440184024
 15   8.43510947697836 0.538624473209689
 16   7.63517195910974  1.00191523537306
 17    6.8941831999167   1.5604671947517
 18   6.45436707622277  1.51832748330718
 19   6.26189292897078  1.43245557956919
 20   6.08074754624116  1.31543816504568
 21   5.91122170758712   1.1817955156067
 22   5.79360968497986  1.08320049524849
 23   5.67365031967196 0.982273304231226
 24   5.56069229361876 0.890472748678912
 25   5.44233503125401 0.800039190653511
 26   5.31956009644425 0.714040880203566
 27   5.19239976128653 0.634087545607382
 28   5.06071269411394 0.561027430600929
 29   4.92495973458927 0.495446883630063
 30    4.7866937005996  0.43780404737788
 31   4.64643244990853 0.387615807498704
 32   4.50539018166802 0.344463104860883
 33   4.36380116154933 0.307587711433009
 34   4.22212352999407 0.276439902928835
 35   4.08050726436967 0.250555245635204
 36   3.93907788917895 0.229607092422089
 37   3.79793226086663 0.213341338412703
 38   3.65714067147697 0.201514777713812
 39   3.51681682159327  0.19385550762327
 40   3.37689881217487 0.190034715177146
 41    3.2373267194639 0.189692112030804
 42   3.09810060672465 0.192449967424986
 43   2.95926029655508 0.197927478307448
 44   2.82086449660917 0.205755405196445
 45   2.68298334742863 0.215585678244821
 46    2.5456920922235 0.227094941793333
 47   2.40906756012257 0.239983437015064
 48   2.27318392699894 0.253971842243255
 49   2.13811045345058 0.268797883796904
 50   2.00391006439861 0.284213883398186
 51   1.87063902282485 0.299985394935085
 52   1.73834754002097 0.315890546400535
 53   1.60708054250596 0.331719618743224
 54   1.47688054373778 0.347274201609999
 55   1.34778981074463 0.362366125370749
 56   1.21986064371156 0.376815334178673
 57   1.09316055834407 0.390448797846832
 58   0.96779172645581 0.403099091311449
 59  0.843855303577145 0.414610372702801
 60  0.721393759551915 0.424846330560172
 61  0.600214120870414  0.43370411723716
 62  0.479898602423512 0.441105205848692
 63  0.359937945274589 0.446978493918791
 64  0.240016560592162 0.451246647510752
 65   0.12002315292765 0.453839446601139
 66  -2.17246013095647e-05 0.454709088731952
 67  -0.120062415193911 0.453839125809292
 68  -0.240043541754111 0.451246307908475
 69  -0.359946344341837 0.446978671526624
 70  -0.47988726278293 0.441106402461657
 71  -0.600189505937058 0.433706381811298
 72  -0.721366800058969 0.424849161567806
 73  -0.843833991706309 0.414613204175501
 74  -0.967778058812734 0.403101717407736
 75  -1.09315274944982 0.390451333332027
 76  -1.21985632120619 0.376817947053245
 77   -1.3477873258043 0.362368887173722
 78  -1.47687904518484 0.347277072251182
 79   -1.6070796668396 0.331722494797504
 80  -1.73834717435555 0.315893313008098
 81  -1.87063916784546 0.299987966287128
 82  -2.00391078120501 0.284216225104785
 83  -2.13811184215398 0.268800017269986
 84  -2.27318613082752 0.253973827147785
 85  -2.40907076706419 0.239985331120241
 86  -2.54569654681959 0.227096733483411
 87  -2.68298931344019 0.215587194821019
 88  -2.82087223516996 0.205756191154819
 89  -2.95926991880127 0.197926663441263
 90  -3.09811216259787  0.19244613202613
 91  -3.23734013209566 0.189683240469787
 92  -3.37691477489853 0.190018332819987
 93  -3.51683659011215 0.193829188229612
 94  -3.65716704848944 0.201477122672835
 95  -3.79796478205946 0.213292940073866
 96  -3.93911151082244 0.229551299687617
 97  -4.08053152512116 0.250497998539099
 98  -4.22213516643267  0.27639027663939
 99  -4.36382146558173 0.307559851066297
100  -4.50540126226758 0.344458606896757
101  -4.64648637573032 0.387651248580009
102  -4.78667450858262 0.437835267314129
103  -4.92497254640599 0.495506459247712
104  -5.06062852613452 0.561047045091521
105  -5.19233071695564 0.634113159823741
106  -5.31951457719438  0.71407191178614
107   -5.4423381092293 0.800086730225259
108  -5.56072949317693    0.890520402921
109  -5.67364177695298 0.982250256605704
110  -5.79355338377318  1.08309865745939
111  -5.91141568937326  1.18187187012544
112  -6.08068430151615  1.31526416271611
113  -6.26180094735547  1.43226502493366
114  -6.45424746390813  1.51814735714112
115   -6.8940587486536   1.5603624426625
116  -7.63507186272829  1.00185863590023
117  -8.43502631108651 0.538593689519074
118  -8.90173825603849  0.84622977064545
119  -8.93659104658512  1.39402160780569
120  -8.66099349508473  1.83208817852347
121   -8.2780982089415  2.11971707968649
122  -7.44223603325304   2.3672511437352
123  -6.57950563527068  2.35243128659516
124  -5.74567545482441  2.11833366678298
125  -4.95954802470043  1.74441620727568
126  -4.20448849453644  1.29889994800992
127  -3.45189238233958 0.855561455010592
128  -2.69394518716022 0.515387076126917
129  -1.87504588437533 -0.0105713601918801
130  -0.923854352377761 -0.175432885725323
131  -0.00234974427732616 0.383655527439618
132  0.870390209303199 0.439029952926142
133   1.71856988468764 0.628213847882301
134   2.53884508295862  1.05276175924467
135   3.32472497189911  1.45305811878981
136   4.10241003358135  1.90816729172861
137   4.90170862625461  2.35911283126067
138   5.76515399280621  2.73264197308151
139   6.77390066924576  2.93709204796511
140   7.83804091460959  2.80295538918088
141   8.74814316688897    2.222919551518
142   9.12539262141382  1.64345772083951
143   9.26109129297635  1.02759484626849
144   9.24973508868394 0.533064128964907
145   9.22706034453679 0.107105048287802
146   9.37182163544776 -0.566733454903906
147   9.73461115282924 -1.78132325419707
148   9.73460811571665  -1.7813284782912
149   9.56917514953942 -1.98116190197409
150    9.2526793120108 -2.21260008612692
151   9.15313493882264 -2.28018321200348
152   8.97962604759641  -2.3972744282692
153   8.83886347155159 -2.49519907735268
154   8.68968475914677 -2.60199762589135
155   8.54013235190939 -2.71018475296595
156   8.38626330541726 -2.81951108281681
157   8.22598373508777 -2.92798647140056
158    8.0596614983906 -3.03235948812379
159    7.8880225952735 -3.13038270729886
160   7.71109084838807 -3.22147996905011
161   7.52988707052851 -3.30548614189653
162     7.344598194429  -3.3831938607913
163   7.15631241060834 -3.45518145790365
164   6.96531600423334 -3.52228747731507
165   6.77169052704623 -3.58517922202034
166   6.57496050989917 -3.64442538334832
167   6.37470526231003 -3.70033142694831
168   6.17074160416767 -3.75298417145481
169   5.96318844978215 -3.80233568679996
170   5.75255305892277 -3.84826615885321
171   5.53943371953105 -3.89070250107062
172   5.32431873436754 -3.92966291375658
173   5.10759096885139 -3.96523524682473
174   4.88955503823364 -3.99755139797417
175   4.67046122687977 -4.02676939892909
176   4.45051986294671  -4.0530639500186
177   4.22991032072345 -4.07662158341232
178   4.00878666452434 -4.09763713664261
179   3.78728097980823 -4.11630987437093
180   3.56550521472962 -4.13283917421155
181   3.34355202671132 -4.14742052023215
182   3.12149476011814 -4.16024249993272
183      2.89938702571 -4.17148492163348
184   2.67726120712318 -4.18131766440037
185   2.45512788721804 -4.18989943568653
186   2.23297333169395 -4.19737591824742
187   2.01076192183417 -4.20387673248854
188   1.78843157991764 -4.20951192916912
189   1.56590447712344 -4.21436827713171
190   1.34308792630532 -4.21850783072291
191   1.11992660890483 -4.22196924062412
192  0.896413608003897 -4.22477445034967
193  0.672601606839457 -4.22693710279621
194  0.448547864624522 -4.22846928641939
195  0.224320524210412 -4.22938258156792
196  -2.64116835942784e-07  -4.2296858204787
197  -0.224321377034987 -4.22938226120885
198  -0.448549722412011 -4.22846845258173
199  -0.672605065211674 -4.22693546771161
200  -0.896418737517444 -4.22477178989841
201  -1.11993250910863 -4.22196553476198
202  -1.34309332723428 -4.21850329079478
203  -1.56590893829646 -4.21436323806885
204  -1.78843544946276 -4.20950671080907
205  -2.01076564816673 -4.20387155986025
206  -2.23297708959803 -4.19737091219634
207  -2.45513168258117 -4.18989463936821
208  -2.67726500042217 -4.18131307965148
209  -2.89939079200539 -4.17148053828206
210  -3.12149849075226 -4.16023831750619
211  -3.34355572547714 -4.14741657070811
212  -3.56550889167849 -4.13283555740209
213  -3.78728465096342 -4.11630680696464
214  -4.00879034997344 -4.09763499687644
215   -4.2299140438197 -4.07662091020754
216  -4.45052364492102 -4.05306534409804
217  -4.67046509098494 -4.02677328488898
218  -4.88955904203924 -3.99755765345679
219  -5.10759537766919 -3.96524276633393
220  -5.32432460159997 -3.92966921789962
221  -5.53944456810771 -3.89070342692655
222  -5.75257867155207 -3.84825546651147
223  -5.96325160227444 -3.80230414572358
224  -6.17088512148361 -3.75291815961051
225   -6.3749880209426 -3.70021344952457
226  -6.57542206873552 -3.64424300299044
227  -6.77227618702606 -3.58494842904246
228  -6.96584599450473 -3.52206862960246
229  -7.15654829418696 -3.45506586009395
230  -7.34449799597043 -3.38321236779941
231  -7.52952865509677 -3.30562184441027
232  -7.71082202398054 -3.22157892180848
233  -7.88788050092458 -3.13041103499325
234  -8.05975209777326 -3.03224088301592
235  -8.22608592925913 -2.92784960867521
236  -8.38622680494198  -2.8194758381481
237   -8.5400066319012 -2.71023843392431
238  -8.68960871755469 -2.60204936119821
239  -8.83897498162462 -2.49515501829338
240  -8.97979271368493 -2.39722991330966
241  -9.15240841800867 -2.28077054045681
242  -9.25264038625362 -2.21274319265946
243  -9.56877911341285 -1.98156266536014
244  -9.73453000697258 -1.78143626540037
245  -9.73453302410254 -1.78143107535345
246  -9.37177918225179 -0.566779811100714
247  -9.22700208931941 0.107109902773174
248  -9.24966776799149 0.533066892180168
249  -9.26100467559284  1.02758211552988
250  -9.12529718973399  1.64340437197021
251  -8.74805347780819  2.22285822257805
252  -7.83797926681833  2.80291125598899
253  -6.77387164805602  2.93710246018257
254  -5.76527023353243  2.73274251391364
255  -4.90175374698795  2.35950590772691
256  -4.10188445212358   1.9097325768651
257  -3.32471350653419   1.4549569900093
258  -2.54443715519479   1.0442736489002
259  -1.74326125093269 0.602116765018509
260  -0.878760017794796 0.426345372010875
