// Id               X                Y
  1  -0.0911121774920511  2.12092889063506
  2  0.852479753098462  2.10224289918991
  3   1.80433076833126  2.04092048759226
  4   2.73020805298391  1.95074949302909
  5   3.63453837211803  1.82306357373272
  6   4.54624430794774  1.75663414801608
  7   5.46258773718606  1.75875134228737
  8   6.37795330921652  1.80810503553301
  9   7.29302392287178  1.85067492938465
 10   8.20857296264969  1.80699858873986
 11   9.10737337891248   1.5894666828358
 12   9.55919763732627  1.30434415981257
 13   9.88327852436874 0.877991147030636
 14   9.95433087658266 0.377775234147739
 15   9.72442624641721 -0.0499460915274153
 16   8.97657608365536 -0.226753159658241
 17   8.27261059353448 -0.0486528711532046
 18   8.06977003727952 0.0211891176569951
 19   8.00394203153264 0.0452930666019611
 20   7.95180333492921 0.0648388351425462
 21   7.90040860803254 0.0844877413218935
 22   7.83877317493561 0.108493065974233
 23   7.76253930672013  0.13880516703609
 24   7.67124641750672 0.175882239814403
 25   7.56609210245346 0.219454208767599
 26   7.44877325623085 0.268895798729802
 27   7.32097685057211 0.323413481606187
 28   7.18415222138063 0.382156472313616
 29   7.03942390591063 0.444290861377177
 30   6.88759671705038 0.509038908100686
 31   6.72922003503395 0.575688124741124
 32   6.56467696667823 0.643582837235573
 33   6.39427213886454 0.712111291709973
 34   6.21830356078699 0.780696700417769
 35   6.03711227800506 0.848795654470804
 36   5.85110855542272 0.915903579493754
 37   5.66077688622965 0.981564513182955
 38   5.46666481948026  1.04538151328237
 39   5.26936197343339   1.1070244285311
 40   5.06947538477589  1.16623312672446
 41   4.86760594359686  1.22281584329534
 42   4.66432881937104  1.27664349966739
 43   4.46017910871869  1.32764141294133
 44   4.25564272807155  1.37577985690164
 45   4.05115185334757  1.42106465676627
 46    3.8470838442664  1.46352861775869
 47   3.64376241665053  1.50322423759362
 48   3.44145972017615  1.54021789047813
 49   3.24039793034045   1.5745854869563
 50   3.04074911479282  1.60640946610518
 51   2.84263273672279  1.63577682237711
 52   2.64611135977873   1.6627777128284
 53   2.45118665125636  1.68750410496261
 54   2.25779884575615  1.71004801492989
 55   2.06583251887722  1.73049918470867
 56   1.87512958522089  1.74894244327968
 57   1.68550770904299  1.76545528002264
 58   1.49678021374961  1.78010617122619
 59   1.30877310620861  1.79295395304208
 60   1.12133601956648  1.80404817984846
 61  0.934345973645747  1.81343012373681
 62  0.747704923379268  1.82113396112975
 63  0.561333448131142  1.82718775913499
 64  0.375163358080573  1.83161405204803
 65   0.18913152917043  1.83442999976562
 66  0.00317623278482557  1.83564727050376
 67  -0.182763992531524  1.83527185011274
 68  -0.368749899107626   1.8333039475167
 69  -0.554841058702808  1.82973806729152
 70  -0.741096913193703  1.82456319775131
 71  -0.927580360941594  1.81776296091972
 72   -1.1143639243248  1.80931552910265
 73  -1.30153738666722   1.7991931566052
 74  -1.48921477826452  1.78736130415663
 75  -1.67753808696142  1.77377751534991
 76   -1.8666753369487  1.75839037732435
 77  -2.05681180517846  1.74113898642724
 78  -2.24813495491105  1.72195327996278
 79  -2.44081565972053  1.70075537176458
 80  -2.63498967894834  1.67746170852881
 81  -2.83074335836166  1.65198559067358
 82  -3.02810594934202  1.62423953050045
 83  -3.22704843907727  1.59413710752193
 84  -3.42748662615835  1.56159432713361
 85  -3.62928536646234  1.52653080656069
 86  -3.83226154136799  1.48887126260476
 87  -4.03618465691419  1.44854775080539
 88  -4.24077523980339  1.40550298994959
 89  -4.44570193660091  1.35969498437372
 90  -4.65057848365807  1.31110305641656
 91  -4.85496173226789  1.25973529482021
 92  -5.05835187831893   1.2056372619322
 93  -5.26019601659013  1.14890154331294
 94  -5.45989605755683  1.08967736195326
 95  -5.65682177627708   1.0281790672035
 96  -5.85032914154171 0.964691977411869
 97  -6.03978294984769 0.899574020651623
 98  -6.22458112467722 0.833252126739968
 99  -6.40417603093642 0.766213521091815
100  -6.57808628028409 0.698993823891887
101  -6.74589141034963 0.632165661705513
102  -6.90720216188633 0.566332534296244
103  -7.06160203454592 0.502131800101849
104  -7.20856348232004 0.440246547857076
105  -7.34735435875699 0.381419192423384
106  -7.47696195189313 0.326453544964315
107  -7.59606756832719 0.276191373157234
108  -7.70310610456001 0.231454142877619
109  -7.79646637094625 0.192938943658694
110  -7.87497193810737 0.161028845408011
111  -7.93896594502847 0.135405190954284
112  -7.99253985848715  0.11425897342902
113  -8.04676096659735 0.0931693036438357
114  -8.11608062517616 0.0667072046980325
115  -8.33230124990136 -0.0118386896049312
116  -9.03538724881922 -0.212048889150306
117  -9.79218847406964 -0.0699788525845202
118  -10.0456829454146 0.343972661477405
119  -10.0044039449547 0.846518544924228
120  -9.70599427434881  1.28825970730478
121  -9.27047436679282  1.59285490945574
122   -8.3811435095091  1.83851267774609
123  -7.46805422524315  1.89474565670696
124  -6.55454696887555  1.85231190158725
125  -5.64093439225724   1.7938574138949
126  -4.72549895731198  1.77712470014815
127  -3.81300212762544  1.82745242598558
128  -2.90737482326645  1.94203320501741
129  -1.98774211163505  2.03307969519158
130   -1.0349889772229  2.07229916513787
131  -0.0925900188610354  2.70943092978475
132  0.833701404336965   2.6929967972111
133   1.75835111077933  2.63155828247436
134   2.68182325619502  2.53800068950104
135   3.60576536252539  2.43802636357174
136   4.52785609420566  2.37583445228855
137   5.44935123236034   2.3775173566205
138   6.37097201853397  2.42690962665487
139   7.29634082841214  2.47001393717526
140    8.2241997521061  2.41609356115677
141   9.11451857090546  2.14185835938072
142   9.57130684385417  1.84316231787789
143   10.0019798061339  1.37485151605302
144    10.314113261266 0.766877807366466
145   10.4951310737174 0.108411794289055
146   10.6136865427845  -0.5439061094871
147   10.5676768033699 -1.36759420620429
148   10.4050337706944  -1.7389761550252
149   10.1654475564981 -2.06230717468268
150   9.87232108436781 -2.32258913615824
151   9.54259338513418 -2.52052558123189
152   9.19560351704266 -2.65816026390078
153   8.84735047463605  -2.7425617066029
154   8.50821320743109 -2.78349355608582
155    8.1836342604535 -2.79078942624191
156   7.87567363671974 -2.77298932001661
157    7.5843910389965 -2.73696217846998
158   7.30883303337704 -2.68802132454076
159   7.04765222819882 -2.63021343778247
160   6.79944042000951 -2.56661530603975
161   6.56286901752129 -2.49957212090194
162   6.33672150549761 -2.43086859602652
163   6.11987803109843 -2.36184826942598
164   5.91128667328186 -2.29349992166158
165   5.70993855558493 -2.22652558237028
166   5.51485382464944 -2.16139875609903
167   5.32507949983337 -2.09841662914398
168   5.13969658327535  -2.0377467946182
169   4.95783221870168  -1.9794675512219
170   4.77867280505632 -1.92360074312027
171   4.60147511668172  -1.8701367691833
172   4.42557387844061  -1.8190521908882
173   4.25038538243661 -1.77032095590491
174   4.07540745010955 -1.72392053619793
175   3.90021640869959 -1.67983431438164
176   3.72446191858805 -1.63805144134895
177   3.54786059975071 -1.59856521407315
178   3.37018953739096 -1.56137082796935
179   3.19128086426409 -1.52646314840419
180   3.01101854294373 -1.49383490326575
181   2.82933793370752 -1.46347541515356
182   2.64622757606692 -1.43536971170649
183   2.46173110215511 -1.40949768534433
184   2.27594613854902 -1.38583303443151
185   2.08901735545606 -1.36434201138269
186   1.90112273886204 -1.34498236322946
187   1.71245486696706 -1.32770303331859
188   1.52320105828765 -1.31244506566487
189   1.33352671919352 -1.29914379096571
190   1.14356502639294 -1.28773198196232
191  0.953413983847766 -1.27814342802784
192  0.763139825239033  -1.2703163583857
193  0.572784357671152 -1.26419629429928
194  0.382373429367383  -1.2597381378144
195  0.191924181056193 -1.25690751738803
196  0.00144979832904289 -1.25568154974555
197  -0.189038288276173 -1.25604922145611
198  -0.379529781648763  -1.2580115533863
199  -0.570014927464444 -1.26158161562292
200  -0.760482395111005 -1.26678434573702
201  -0.95091461133844 -1.27365602550279
202  -1.14128050183746 -1.28224322348258
203  -1.33152676223906 -1.29260103858657
204  -1.52156979985903 -1.30479059209747
205  -1.71129100398974 -1.31887589729914
206  -1.90053774569811 -1.33492044173244
207   -2.0891313912223 -1.35298397523957
208  -2.27688180851423 -1.37312002423086
209  -2.46360585502392 -1.39537449289931
210  -2.64914594617117 -1.41978539032471
211  -2.83338478544943 -1.44638337182241
212  -3.01625390533482  -1.4751925919015
213  -3.19773615092614 -1.50623144981369
214  -3.37786437646774 -1.53951310638332
215  -3.55671941879195 -1.57504596278693
216  -3.73442977845324 -1.61283443276091
217  -3.91117409051291 -1.65288026094019
218   -4.0871862352982 -1.69518441930083
219  -4.26276224566566 -1.73974935714196
220  -4.43826797307836 -1.78658114627552
221  -4.61414653663668 -1.83569085437393
222     -4.79092468483 -1.88709427329221
223  -4.96921725601344 -1.94080891020567
224  -5.14972894187293 -1.99684692671559
225  -5.33325262040146 -2.05520252716208
226  -5.52066376528709 -2.11583223279485
227  -5.71291101924512  -2.1786266412083
228  -5.91100405569038 -2.24337274482845
229  -6.11600127788493 -2.30970662132853
230  -6.32900133157203 -2.37705700412938
231  -6.55114312887281 -2.44458026146174
232  -6.78361807055532 -2.51108575951359
233  -7.02769339742555  -2.5749464092487
234  -7.28473362365489 -2.63398200058187
235  -7.55618630041457 -2.68529559266288
236  -7.84347295207443 -2.72504376067077
237   -8.1477028238687 -2.74814115968497
238  -8.46911198792972  -2.7479505626122
239  -8.80612651743024  -2.7161049898599
240   -9.1539933420979 -2.64276733167209
241   -9.5031640228772 -2.51782437757834
242  -9.83832864606501 -2.33341294045084
243  -10.1401866282289 -2.08663651665009
244  -10.3915869077596 -1.77657602158845
245  -10.5676934623405 -1.42134100499196
246  -10.6553702627509  -0.6105002716891
247  -10.5716752247655 0.0465712896101495
248   -10.427033290552 0.713654825535676
249  -10.1476278945207  1.33754614397845
250  -9.73802548730647  1.82803366997518
251  -9.29123590553445  2.14632472107381
252  -8.40783248462802  2.44668469591982
253  -7.47926317267824  2.51380262967759
254  -6.55245286677468  2.47108970427587
255  -5.63042988615648  2.41262275775873
256  -4.70882412750943  2.39635407469692
257  -3.78648520625322  2.44296700094023
258  -2.86233829200006  2.53118422453554
259  -1.93808158918755  2.61931165761739
260  -1.01488141949121  2.68115669557931
