// Id               X                Y
  1  -0.00771618633550706 -0.227604862165754
  2  0.874246779675987 -0.174848191352424
  3   1.70968945673008 0.00262446427784884
  4   2.64076447074389 0.512025111735777
  5   3.44316599933105 0.848605587537222
  6   4.20425599413392  1.29715132600087
  7    4.9596727983048  1.74407763934736
  8   5.74578948565211  2.11818788893579
  9   6.57959379309255  2.35236317808792
 10   7.44229959826796  2.36721990737419
 11    8.2781342778705  2.11968726867188
 12   8.66100765415585  1.83205714507956
 13   8.93669605195664  1.39400495080668
 14   8.90209265518427 0.846144042455175
 15   8.43545619700166 0.538379122272685
 16   7.63535192650484  1.00158343623958
 17   6.89404719948583  1.56026389376963
 18    6.4548061705018  1.51812853107368
 19   6.26224074628433  1.43220319082305
 20   6.08090833041684  1.31500301970159
 21   5.91158027265804  1.18144806458519
 22   5.79394232028736  1.08277655833148
 23    5.6740409671131 0.981839702457589
 24   5.56111022662878 0.890009268260005
 25    5.4427712745843 0.799546447730287
 26   5.32000360472254 0.713526987516254
 27   5.19283654827725 0.633563689236699
 28   5.06113300474313 0.560507103545066
 29   4.92535939826731 0.494940904898255
 30   4.78707414746025 0.437317041413188
 31   4.64679800025118  0.38714545245857
 32   4.50574583883327 0.344002133342174
 33   4.36415089649278 0.307127283321287
 34   4.22246932792016 0.275972481664171
 35   4.08084942416065 0.250076405292728
 36   3.93941520237272 0.229115765416049
 37   3.79826322251529 0.212839098380914
 38   3.65746399820818 0.201004464351461
 39   3.51713189044547 0.193339919252763
 40   3.37720526780249 0.189515716796769
 41    3.2376242831073 0.189170388672591
 42   3.09838892855989 0.191925251497712
 43   2.95953897113885 0.197399005702763
 44   2.82113311021607 0.205222364475708
 45   2.68324153892855 0.215047505377257
 46   2.54593958011775 0.226551421400467
 47   2.40930414031415 0.239434652716188
 48   2.27340944577977 0.253418055262782
 49   2.13832477712228 0.268239411182217
 50   2.00411305593646 0.283651017599578
 51   1.87083053141278 0.299418374233299
 52   1.73852739969033 0.315319565083664
 53   1.60724857644603 0.331144858245749
 54   1.47703656247933 0.346695867007626
 55   1.34793360336058 0.361784475866165
 56   1.21999193052582 0.376230704922591
 57   1.09327892831399 0.389861605934129
 58  0.967896527573961 0.402509826988454
 59  0.843945728607155 0.414019550784863
 60  0.721469151766318 0.424254415823806
 61  0.600274642786356 0.433111439743845
 62  0.479945273845931  0.44051196879233
 63  0.359972068279019 0.446384838635569
 64   0.24003898871568   0.4506527071445
 65  0.120034262713568 0.453245344734791
 66  -2.1814926784602e-05 0.454114934338779
 67  -0.120073680414355 0.453245021325991
 68  -0.240066055523835 0.450652363888144
 69  -0.359980461120907 0.446385013858295
 70  -0.479933854114188 0.440513165422253
 71  -0.600249925490975 0.433113705402793
 72  -0.721442113951215 0.424257246838967
 73  -0.843924375198196 0.414022380855715
 74  -0.967882844280152 0.402512451727105
 75  -1.09327111621447 0.389864141584015
 76  -1.21998760911422 0.376233320045133
 77  -1.34793112043744 0.361787241615964
 78  -1.47703506577019 0.346698742304758
 79  -1.60724770223167 0.331147738385542
 80  -1.73852703509468 0.315322333922869
 81  -1.87083067714589 0.299420944943661
 82   -2.0041137730186 0.283653355285721
 83  -2.13832616537297 0.268241537435989
 84  -2.27341164785675 0.253420030638175
 85  -2.40930734337284 0.239436536445988
 86  -2.54594402794695 0.226553203681593
 87  -2.68324749516579 0.215049015534692
 88  -2.82114083750275 0.205223149302919
 89  -2.95954858398619 0.197398197856038
 90  -3.09840048218369 0.191921434826054
 91   -3.2376377040946 0.189161551294941
 92  -3.37722124881121 0.189499386185438
 93  -3.51715167528129 0.193313666637786
 94  -3.65749037930046 0.200966881882602
 95   -3.7982957373053 0.212790763835675
 96    -3.939448855406  0.22906001695752
 97  -4.08087378517174 0.250019176923128
 98  -4.22248111253305 0.275922843298656
 99  -4.36417128256951 0.307099358044198
100  -4.50575688185091 0.343997499529986
101  -4.64685183837538 0.387180704055253
102  -4.78705488599824  0.43734808323728
103  -4.92537228605652  0.49500040777574
104  -5.06104894019817 0.560526793808366
105  -5.19276760975962 0.633589524432559
106  -5.31995789544248 0.713558160150379
107  -5.44277406626471 0.799594070654019
108  -5.56114726574755  0.89005698866571
109  -5.67403260724006 0.981816757322288
110  -5.79388672169845   1.0826749732331
111  -5.91177343301932  1.18152327646644
112  -6.08084591336803  1.31482908455399
113  -6.26214853920266  1.43201218657746
114    -6.454686719225  1.51794851397436
115  -6.89392245249491  1.56015967688105
116  -7.63525166727991  1.00152703182015
117  -8.43537296375726 0.538348383492237
118  -8.90199616822969 0.846121398633935
119  -8.93659019559479  1.39396374404803
120  -8.66090862807292  1.83200338828109
121  -8.27804024400175  2.11963386037908
122  -7.44221607588436  2.36718995919172
123  -6.57951181478154  2.35239718819663
124  -5.74569196916091  2.11831001424889
125  -4.95956247086982  1.74440273640435
126  -4.20446529606367  1.29887395392737
127  -3.45173094625267 0.855327306142765
128  -2.69363110229173 0.514869262854739
129  -1.87523844938574 -0.0110373824541979
130  -0.923806342817673 -0.175300174808722
131  -0.00233118811442866 0.383789731965641
132   0.87040497560596  0.43912557506425
133   1.71859354841365 0.627873559829702
134   2.53892757195336   1.0521503809336
135   3.32476222435195  1.45289382644736
136   4.10239522276701  1.90817005168138
137   4.90169467915885  2.35911275890632
138   5.76514278544411  2.73263605268921
139   6.77388564890842  2.93707887068447
140   7.83800669175635  2.80288242402524
141     8.748005931804  2.22279210907118
142   9.12542765306946  1.64344952705675
143   9.26144882467083  1.02759265238346
144   9.25010778857613 0.532847879476689
145   9.22720550199534 0.106606305673351
146   9.37072278891993 -0.565307397319264
147   9.73468865038369 -1.78115712142857
148   9.73468805993058 -1.78115813395165
149   9.56881549594704 -1.98086465107584
150   9.25205509683691 -2.21194425567592
151   9.15257033825217  -2.2794329863918
152   8.97902058046335 -2.39657163108048
153    8.8383187855185 -2.49454485853311
154   8.68920401965818 -2.60143310383534
155   8.53971817813277 -2.70970866773238
156   8.38590313733837 -2.81910519159262
157   8.22565270905237 -2.92762308029146
158   8.05933563802537 -3.03200585720082
159   7.88768672809447 -3.13001051030694
160   7.71074020930233  -3.2210720838682
161   7.52952452810317 -3.30503887276106
162   7.34422967551871 -3.38271432199681
163   7.15594488736135  -3.4546819321332
164   6.96495493494891 -3.52178014721903
165    6.7713395396729 -3.58467242213399
166   6.57462069868582 -3.64392265547802
167   6.37437620438067 -3.69983209825171
168   6.17042216677112 -3.75248514607514
169   5.96287764724711 -3.80183339193695
170   5.75225053734079  -3.8477579740429
171   5.53913978111011 -3.89018731175762
172   5.32403395270403 -3.92914088599363
173    5.1073159274295  -3.9647071751963
174   4.88929018744163 -3.99701809697975
175   4.67020686474808  -4.0262313822448
176   4.45027617454748 -4.05252141159801
177   4.22967743539926 -4.07607454785116
178    4.0085646973897 -4.09708562746189
179   3.78707005238053 -4.11575400802695
180   3.56530545897561    -4.13227916537
181   3.34336358202195 -4.14685663340821
182   3.12131777053382 -4.15967499304089
183   2.89922163661515 -4.17091401145859
184   2.67710756568634 -4.18074352153798
185   2.45498613154694 -4.18932220233934
186   2.23284359336305 -4.19679573569155
187   2.01064430829994 -4.20329376878679
188   1.78832625188939 -4.20892639619884
189    1.5658116928426  -4.2137804363114
190   1.34300817859732 -4.21791798231947
191   1.11986032238916 -4.22137770942707
192  0.896360952005555 -4.22418156372043
193  0.672562363002472 -4.22634317639669
194  0.448521809152964 -4.22787462048914
195   0.22430751526178 -4.22878747086347
196  -2.6663566098655e-07 -4.22909056168637
197  -0.224308373383199 -4.22878715255014
198  -0.448523672449242 -4.22787378948704
199  -0.67256582502423  -4.2263415432038
200  -0.896366079623329 -4.22417890310338
201  -1.11986621445339 -4.22137400149567
202  -1.34301357053056 -4.21791343954828
203  -1.56581614895936 -4.21377539490862
204  -1.78833012025715 -4.20892117671824
205  -2.01064803473332 -4.20328859620149
206  -2.23284735122655 -4.19679073030625
207  -2.45498992648268 -4.18931740684392
208   -2.6771113583927 -4.18073893779429
209  -2.89922540231744 -4.17090962982665
210  -3.12132150063718 -4.15967081362459
211  -3.34336728030322 -4.14685268801637
212  -3.56530913544628 -4.13227555218743
213  -3.78707372302811 -4.11575094054144
214  -4.00856838235063 -4.09708348013706
215  -4.22968115827458  -4.0760738574422
216  -4.45027995719418 -4.05252278096716
217  -4.67021073137003 -4.02623524421793
218   -4.8892941965364  -3.9970243426544
219  -5.10732034374254 -3.96471471330532
220  -5.32403982580407 -3.92914724487287
221  -5.53915062374127 -3.89018832298457
222  -5.75227611697026 -3.84774737647632
223  -5.96294072399954 -3.80180192333949
224  -6.17056557458013 -3.75241915041188
225   -6.3746588741923 -3.69971405459514
226  -6.57508229725195 -3.64374011869204
227  -6.77192540763352 -3.58444143586985
228  -6.96548520525236 -3.52156118930066
229  -7.15618088174665  -3.4545664358142
230  -7.34412939514284 -3.38273310559747
231   -7.5291658963437 -3.30517490002591
232  -7.71047129854891 -3.22117124644754
233  -7.88754466156473  -3.1300388314923
234  -8.05942626461407 -3.03188701192497
235  -8.22575481466846 -2.92748577782373
236  -8.38586628019005 -2.81906962746111
237  -8.53959214020321 -2.70976218234571
238  -8.68912786282511 -2.60148477467065
239  -8.83843051732414 -2.49450072807544
240  -8.97918809331786 -2.39652701930313
241  -9.15184334266742 -2.28002143032766
242  -9.25201698889822 -2.21208781601129
243  -9.56841920883148 -1.98126478519525
244  -9.73460939305716 -1.78126590010767
245  -9.73460995775148 -1.78126493168726
246  -9.37068083789011 -0.565353878186674
247  -9.22714747024656 0.106611454561967
248  -9.25004051499027 0.532850670214618
249  -9.26136214854297  1.02757992277456
250  -9.12533219946341  1.64339617560448
251  -8.74791623315667  2.22273077612315
252  -7.83794502804063  2.80283826642424
253  -6.77385658114372   2.9370895463046
254  -5.76525875804006   2.7327372290403
255  -4.90174181793281  2.35950232811014
256  -4.10187552311065   1.9097219061123
257  -3.32474572749191  1.45479626271011
258  -2.54455213791457  1.04376873583773
259   -1.7433760313496 0.601698982832223
260  -0.878733640357549 0.426493230848897
