// Id               X                Y
  1  -1.59602485992512  16.4118698367797
  2  -0.821165597252739  17.0214509701929
  3  0.279731963657294  17.0705650430329
  4   1.33779569758617  16.8396667145165
  5   2.33036677397348  16.4017032142845
  6    3.2138070965419  15.7967452506626
  7    4.0491308086003  15.1284595755631
  8   4.86375721053316  14.4287810343307
  9   5.68396723943441  13.7342967777054
 10   6.52559953167959  13.0624560528994
 11   7.39620613494753  12.4254717079696
 12    7.9520892313089  12.0373054069499
 13   8.50538200646758  11.6447859616424
 14   9.03769195388745  11.2250636382287
 15   9.51742279669978  10.7474625592118
 16   9.92994699196887  10.1233956203723
 17   10.1325038094298  9.80123042742503
 18   10.3252371058178  9.46775546411483
 19   10.4973942203824  9.11994647781869
 20    10.635827389635  8.75581987628305
 21   10.7257106280013  8.37822084384583
 22   10.7536820639909  7.99465547347769
 23   10.7098648322547  7.61716200679651
 24   10.5894028683346  7.26167303051439
 25   10.3936767570066  6.94627820757385
 26    10.130633376501  6.68864193200985
 27   9.81388115559744  6.50340012159991
 28   9.46085315467753  6.40028998558829
 29   9.09059401294958  6.38322167763146
 30   8.72147545074197  6.45020020257334
 31   8.36905278791539  6.59411811591887
 32   8.04450072481367  6.80437543932241
 33   7.75404982336188  7.06890062169156
 34   7.49942708242066  7.37594804214268
 35   7.27891029702762  7.71525980683617
 36   7.08852774491511  8.07854127397047
 37   6.92309008247462  8.45943340494433
 38   6.77693670757385  8.85321630604316
 39   6.64440860533349   9.2564246818354
 40   6.52011354724214  9.66647888282125
 41   6.39905537786318  10.0813754264356
 42   6.27668466467765   10.499446307666
 43   6.14890954289918  10.9191809936789
 44   6.01209002791124  11.3391004064695
 45   5.86302806786211  11.7576724027859
 46    5.6989586852632  12.1732599597425
 47   5.51754362681647  12.5840950461721
 48   5.31686696925372  12.9882725703172
 49   5.09543132823244  13.3837598203685
 50   4.85215316111418  13.7684175515747
 51   4.58635582353896  14.1400294228273
 52   4.29775935539028  14.4963369218732
 53   3.98646633958416  14.8350772919758
 54   3.65294354744589    15.15402231671
 55   3.29799942859477  15.4510161541057
 56   2.92275780173399  15.7240107472147
 57   2.52862834092472  15.9710976775023
 58   2.11727461969342  16.1905356652049
 59   1.69058056793656  16.3807732467252
 60   1.25061621532656  16.5404664603752
 61   0.79960354689778  16.6684916353694
 62   0.33988319359927  16.7639535940686
 63  -0.126117462079069    16.82618973683
 64  -0.595914351328906  16.8547705794691
 65  -1.06699471427906  16.8494973566163
 66  -1.53684295053161  16.8103972951874
 67  -2.00296439724969  16.7377171087131
 68  -2.46290722627982  16.6319151751467
 69  -2.91428273758428  16.4936527487188
 70  -3.35478437601242  16.3237844312611
 71  -3.78220581219094  16.1233480005352
 72  -4.19445840834919  15.8935535719344
 73  -4.58958834037589  15.6357719637761
 74  -4.96579357402137  15.3515220522391
 75  -5.32144080287882  15.0424568454045
 76  -5.65508235661307  14.7103479808809
 77   -5.9654729887106  14.3570683605992
 78  -6.25158636323498  13.9845726802848
 79  -6.51263098934618  13.5948756888135
 80  -6.74806531005749  13.1900281213094
 81  -6.95761164629866  12.7720903851437
 82  -7.14126873558047  12.3431042347162
 83  -7.29932269078608  11.9050628439921
 84   -7.4323563404857  11.4598798718992
 85  -7.54125709693561   11.009358315169
 86  -7.62722372988883  10.5551601619332
 87  -7.69177270355294   10.098778110256
 88  -7.73674506572488   9.6415109192432
 89  -7.76431527538206  9.18444434439867
 90  -7.77700383701369  8.72844011084168
 91  -7.77769618983821  8.27413605363239
 92  -7.76967095208605  7.82196150367153
 93  -7.75664121199774  7.37217341765712
 94  -7.74281272286288  6.92492102084312
 95  -7.73296179056853  6.48035050520849
 96   -7.7325317587485     6.03876752463
 97  -7.74773748658758  5.60088465812467
 98  -7.78564751777871  5.16819299959802
 99  -7.85417737871906  4.74350614160533
100  -7.96186866547717  4.33171498806629
101  -8.11725102493607  3.94072998838673
102  -8.32752440299133  3.58242659513426
103  -8.59636082291643   3.2731259475002
104  -8.92097916737592   3.0328341421933
105  -9.28937682166645  2.88247151419303
106  -9.67934059812518  2.83911336857154
107  -10.0606710034982  2.91073258197298
108   -10.400471110927  3.09281578152188
109  -10.6696575030627  3.36839157559825
110   -10.848566688867  3.71141098471461
111  -10.9301072489479  4.09239148698642
112  -10.9196446120865  4.48448767416956
113  -10.8319916927919  4.86798842186392
114  -10.6865099539558  5.23253312865156
115  -10.5013865253088  5.57703589342887
116  -10.2917545862782  5.90421915863984
117  -9.84570681256641  6.50731993297451
118  -9.32405758925113   6.9542287914745
119  -8.75203289046259  7.33544176021031
120  -8.16416346512916  7.69109002116763
121  -7.57699039145946  8.05190541325954
122  -6.70655244474004  8.67914192461921
123  -5.90341803641674  9.39315426333589
124    -5.183426085611  10.1896845031795
125  -4.55311288892798  11.0579048168121
126  -4.00875824865797  11.9804052761978
127  -3.53187572042786  12.9350251414286
128  -3.08926488868319  13.8961326723228
129  -2.64245686942982   14.828390198085
130  -2.17031732252693  15.6725536098192
131  -1.53300443834278  17.0194697394809
132  -0.540290305619178  17.4952574837542
133  0.535858363380579  17.5992161465469
134   1.58256474375026  17.3809193111042
135   2.55337596223332   16.938771127122
136   3.44566854275299   16.352763300285
137    4.2806266570157  15.6891431466503
138   5.08857953017825  14.9964719096418
139   5.89423986714172  14.3084218258424
140   6.71062809246092  13.6438263624218
141   7.54068780471156  13.0044748012013
142   8.05773666602627  12.6186652767973
143     8.578509830122  12.2368981034418
144   9.09921271023713  11.8595188413963
145   9.59628783728021  11.5019344430673
146   9.98135669750949  11.2253909344488
147   10.6074944241917  10.6869582403653
148   11.0719178344155  10.1502560006103
149   11.4100033605056  9.60776781743974
150   11.6422208079644  9.05296329243993
151   11.7751566147815  8.48039590839977
152   11.8034690735509  7.89416681618798
153   11.7175743831277  7.30997740851374
154   11.5110860778359  6.75283854296546
155    11.185949852216  6.25291504618208
156   10.7549015810891  5.84050256724153
157   10.2411886311135  5.54087195691852
158    9.6756778015065  5.36992687432148
159   9.09204461411439  5.33184046282964
160   8.52154064222127  5.41938796215859
161   7.98896133326348  5.61658243802695
162   7.51063931846608   5.9024206389629
163   7.09436757818248  6.25456957994729
164   6.74069288556066  6.65226099329363
165   6.44491693216037  7.07808066259602
166   6.19920408684327  7.51866732504863
167   5.99436658413925  7.96456936798851
168   5.82112836913966  8.40960732987786
169   5.67086930293466  8.85005857354113
170   5.53596490770769  9.28387747049515
171   5.40986532447449  9.71005572915536
172   5.28703489915794  10.1281488353218
173   5.16283493759066  10.5379518961365
174    5.0333968246452  10.9392924704535
175   4.89550789527617  11.3319075077601
176   4.74651778544542   11.715377441861
177   4.58426554568941  12.0890977155588
178   4.40702465041974   12.452274292436
179   4.21346211319944  12.8039343968885
180   4.00260800290835  13.1429469061092
181   3.77383212202946  13.4680488361645
182   3.52682517362494  13.7778755754186
183   3.26158229728199  14.0709932141954
184   2.97838736070415  14.3459317106053
185   2.67779684456809  14.6012178592204
186    2.3606225532482  14.8354071788085
187   2.02791272330237  15.0471139577748
188    1.6809313847583  15.2350388171804
189   1.32113605642249  15.3979932816321
190  0.950154025306347  15.5349209888028
191  0.569757572833864  15.6449153138801
192  0.181838569825336  15.7272333278141
193  -0.211617126139452  15.7813061387124
194  -0.60855506553455  15.8067457755911
195  -1.00687704642069   15.803348856276
196  -1.40446512794413  15.7710973326617
197  -1.79920463121018   15.710156626043
198  -2.18900602221286  15.6208714551932
199  -2.57182564135383  15.5037596252615
200  -2.94568529645015  15.3595039932814
201  -3.30869076774397  15.1889427639883
202  -3.65904928384874  14.9930582057432
203  -3.99508601895159  14.7729638179473
204  -4.31525963828095  14.5298899344254
205  -4.61817688684156  14.2651677160722
206  -4.90260618280373  13.9802114728489
207  -5.16749014934537  13.6764992601465
208  -5.41195700490441  13.3555517158754
209  -5.63533073920139  13.0189091389989
210  -5.83714003820484  12.6681068529554
211  -6.01712599240024  12.3046489429792
212  -6.17524873642585  11.9299804987222
213  -6.31169333224304   11.545458526725
214  -6.42687543196877  11.1523217158129
215  -6.52144755249943  10.7516592394081
216  -6.59630717905401  10.3443787654085
217  -6.65260841429581  9.93117383462183
218  -6.69177954479182  9.51249081094092
219  -6.71554977451374  9.08849580658142
220  -6.72598958144811  8.65904255301303
221  -6.72557083354504  8.22364350510093
222  -6.71725509775199  7.78144918767468
223  -6.70462147600841   7.3312459712266
224   -6.6920482278145   6.8714916390502
225  -6.68496340257788   6.4004232118616
226  -6.69017384513668  5.91629410183022
227  -6.71625967157456  5.41782674482635
228  -6.77396763275604  4.90499386627797
229  -6.87643585048925  4.38024258372008
230  -7.03893428682848  3.85020431108886
231  -7.27765911931022  3.32772747124924
232   -7.6071086582887  2.83369501922114
233  -8.03589344147913  2.39763814720661
234  -8.56160058872803  2.05594426818478
235  -9.16629196041364  1.84689117066403
236  -9.81475389484509  1.80289615412034
237  -10.4572809062095  1.94178643846514
238  -11.0375359029624  2.26005885012013
239  -11.5038243872674  2.73143577137087
240  -11.8196369439895  3.31245310692117
241  -11.9687272646725  3.95354621032502
242  -11.9520767668599  4.61148846019147
243   -11.777366530707  5.25804063394645
244  -11.4462686325478  5.87918761955284
245  -10.9504099551237  6.46468363588347
246  -10.2709298440077  7.00905723507052
247  -9.87070265293241  7.26419150930219
248  -9.37052202422425  7.57662107544265
249  -8.83518362364074  7.91179173106707
250  -8.30497859318147  8.25385226270116
251  -7.79082908821403  8.60495234328561
252  -6.97308262380105  9.22561336731818
253  -6.21207434307782  9.91921788105854
254  -5.52238431533442  10.6969271274942
255  -4.91444418347123  11.5507925012023
256  -4.38367543605773  12.4649285636466
257  -3.90889641274738  13.4199955386089
258  -3.45089912786644  14.3945648021765
259  -2.95012668969906  15.3602658766204
260  -2.32929045755397  16.2639946707049
