// Id               X                Y
  1  -0.0250924643311211 -0.24577173405191
  2  0.872806249313414 -0.181019293540278
  3   1.73619497705993 0.0698464072641904
  4   2.62022344363627 0.591364852995414
  5   3.43206852393551 0.895425344002037
  6   4.20433693289113  1.30077228382728
  7   4.95760835832462  1.74482968689462
  8   5.74238113025726  2.12421381345724
  9   6.57957992812455  2.36218593897048
 10    7.4505696885897  2.38888923134656
 11   8.30423521505018  2.15691856971712
 12   8.69689277023895  1.85787019721486
 13   8.94028364218456  1.39860378847994
 14   8.83239815992808 0.872447133381978
 15   8.31951941290425 0.604054900528985
 16   7.57521807883388  1.04419339246973
 17   6.93716620997861  1.49618653953319
 18   6.46356795774302  1.50402114588095
 19   6.24460342776005   1.4398556020304
 20   6.04068029612981  1.34189602347034
 21   5.87611603652718  1.24003043433188
 22   5.73329067098027  1.13972537953412
 23   5.61816627853474  1.05470529393349
 24   5.50003780301815 0.966668784159264
 25   5.37475459129157 0.875571125738784
 26   5.24899842866601 0.789174126587575
 27   5.12422852149166 0.710181514039265
 28   4.99841949848022 0.638179515299396
 29   4.86765986445706 0.571709588483766
 30   4.73227523241814 0.511628536495588
 31   4.59412552396565 0.458915347719253
 32   4.45450342081506 0.413718860166913
 33   4.31409975245034 0.375668384217795
 34    4.1733216171601 0.344205022722059
 35   4.03231843720734 0.318715035292589
 36   3.89123388745311 0.298641261555898
 37   3.75019135003431 0.283487628054644
 38   3.60949271345423 0.272827090157652
 39   3.46946266801036 0.266257468690745
 40   3.33025152627473 0.263385554195778
 41   3.19175329471553 0.263839532549464
 42   3.05386599837515 0.267277845872826
 43   2.91656341692212   0.2733754237704
 44   2.77984313384629 0.281815300634721
 45   2.64371703503976 0.292286182470474
 46   2.50821719792539 0.304481739948226
 47   2.37339354988621 0.318101723356694
 48   2.23930744180321 0.332854339420962
 49   2.10602445080934 0.348458963816053
 50   1.97360898940399 0.364648284176428
 51   1.84212118729502 0.381169427397496
 52    1.7116167462631 0.397783924620941
 53   1.58214630051668 0.414267169450815
 54   1.45375935485693 0.430407091275156
 55   1.32651210462974 0.446002579506368
 56   1.20048452583665 0.460861586377749
 57   1.07577806268128 0.474802886152352
 58  0.952535678300838 0.487656758102413
 59  0.830865244181531 0.499276775107394
 60  0.710726000951748 0.509551026042525
 61  0.591747748438126 0.518409721683811
 62  0.473397825376797 0.525797400081656
 63  0.355178132824285 0.531652828235792
 64  0.236875747587638 0.535902278584682
 65  0.118460213655385  0.53848048519804
 66  -2.50890201796815e-05 0.539344614596797
 67  -0.118509418170164  0.53847988754431
 68  -0.236921207808627 0.535901161052556
 69  -0.355214888559221 0.531651455573338
 70  -0.473418427149275 0.525796364337666
 71  -0.591746059104135  0.51840980512946
 72  -0.710703806419155 0.509552592302311
 73  -0.830832205406792 0.499279418794151
 74  -0.952503111159946 0.487659647580211
 75  -1.07575265653124 0.474805454169708
 76  -1.20046798025794 0.460863778355352
 77   -1.3265038068882 0.446004688458352
 78  -1.45375869729173  0.43040951889995
 79  -1.58215314945365 0.414270362234416
 80   -1.7116317490273 0.397788328201437
 81  -1.84214595060502 0.381175461810655
 82  -1.97364590737383 0.364656369981239
 83  -2.10607643715821 0.348469561452482
 84  -2.23937764033955 0.332867983881548
 85  -2.37348479596508 0.318119069990642
 86  -2.50833116088264 0.304503607467174
 87  -2.64385321463795   0.2923135447932
 88   -2.7799980734171  0.28184917079216
 89   -2.9167307306235 0.273416595019603
 90   -3.0540374591574  0.26732655172372
 91  -3.19192062787131 0.263895164796884
 92  -3.33040945963133 0.263446575467313
 93  -3.46961609431199 0.266321858334506
 94  -3.60965315555809 0.272893205338669
 95  -3.75036045213966 0.283553656216841
 96  -3.89138929541986 0.298702541225117
 97  -4.03243464965462 0.318764230983756
 98  -4.17337533253772 0.344232540113174
 99  -4.31407832206605 0.375664502206258
100  -4.45438099251192 0.413668369973992
101   -4.5938690985279 0.458796579986404
102  -4.73182407079993 0.511402607130151
103  -4.86697194729534 0.571335044101895
104  -4.99764599964531 0.637712039406202
105  -5.12382650925597  0.70989248046457
106  -5.24907356975454 0.789182745560808
107  -5.37493964623199 0.875665195702256
108  -5.50019216054515  0.96674698483052
109  -5.61847975365171  1.05490317643647
110  -5.73353501718863  1.13986179246505
111  -5.87610270358714  1.23996697791098
112  -6.04062019190081  1.34179394116286
113  -6.24450990033317  1.43973215511919
114  -6.46345037847508  1.50389226893967
115  -6.93704668547811   1.4960730097624
116  -7.57511989172371   1.0441105538388
117  -8.31944375725937 0.604009951333354
118   -8.8322984206325 0.872415806318152
119  -8.94017325425696  1.39856187915851
120  -8.69679669432059  1.85781498681009
121  -8.30416753783693  2.15685988149244
122  -7.45062879258508  2.38884623844319
123  -6.58014059936238  2.36231319592795
124  -5.74475831935402  2.12554297582107
125  -4.96590604325315  1.75045396722723
126  -4.23021763870553  1.31466953034813
127   -3.4957481945952 0.908250251650397
128  -2.73444169886027 0.578370024590401
129  -1.83985915287985 0.0556544963650875
130  -0.93590212283749 -0.18541442475251
131  -0.00474857776633639 0.365459347920352
132  0.875463118839876 0.431277406070635
133   1.72725628183141 0.678643948659733
134   2.51025337497592  1.14614084032426
135   3.32276080209389  1.49041777950569
136   4.11120800010003  1.91037481985073
137   4.90793769729433    2.359612195978
138   5.76926517316313  2.73665700630771
139   6.78053302685814  2.94205960877616
140   7.84983316820455  2.82150263533718
141   8.78484926794705  2.25794735778361
142   9.18331192609872  1.68354954410718
143   9.28881099923901  1.05445724645437
144   9.18438332571818 0.581939071742502
145   9.03728259601982 0.148362292460627
146   9.17608214851108 -0.552592395333492
147   9.79520676271015 -2.01410330275126
148   9.79520049769465 -2.01410982185101
149   9.59304396980651 -2.16180150905652
150   9.43185711489399 -2.25119272999717
151   9.26746327835325 -2.33689046811312
152   9.10825927770491 -2.42438193909584
153   8.93324382137386 -2.53061676019056
154   8.76464239046996 -2.64310473577427
155   8.60317275985463 -2.75677106090463
156   8.44201832004773 -2.87106206132583
157   8.27837308005421 -2.98315323401802
158   8.11104542258041 -3.09021525986435
159   7.94086912699431 -3.18971796428987
160    7.7664695304685 -3.28187438391663
161   7.58690887167519  -3.3673472719522
162   7.40247606642822  -3.4466211612905
163   7.21380111379239 -3.52027275520134
164   7.02132475258538 -3.58896829463424
165    6.8253698518372 -3.65327862849181
166   6.62605428725448 -3.71365589334672
167   6.42345339944976 -3.77039338394912
168   6.21753533618915 -3.82368878943129
169    6.0083737197815 -3.87363201053249
170   5.79627972114581 -3.92022116375074
171   5.58177017091292  -3.9634128082963
172    5.3652892987921 -4.00320519007171
173   5.14717134107441 -4.03964855975827
174   4.92770390139497 -4.07283242087658
175   4.70713827877929 -4.10288191250323
176   4.48568902578416 -4.12995348507082
177   4.26354016316157 -4.15422761112826
178    4.0408500780118  -4.1759006648778
179   3.81775437915325 -4.19517701275666
180   3.59436732348347 -4.21226228554543
181   3.37078290502584 -4.22735848088455
182   3.14707466261113 -4.24066109089047
183   2.92329676415306 -4.25235753687975
184    2.6994834700765 -4.26262611182017
185   2.47564982042056 -4.27163408825807
186   2.25178404087465  -4.2795344533991
187   2.02785266578725 -4.28646025572667
188   1.80376677192809 -4.29251935461742
189   1.57939975646857 -4.29778870777345
190   1.35461115495718  -4.3023135654431
191    1.1294041030059 -4.30611178832262
192  0.903863089750303 -4.30918940160918
193  0.678117046407536 -4.31155401950908
194  0.452199211642579 -4.31322156261844
195  0.226140681610334 -4.31421154475649
196  1.57537815604552e-06 -4.31453979881962
197  -0.226137608564788 -4.31421226741818
198  -0.452196507641282 -4.31322260711086
199  -0.678115535755441 -4.31155467578702
200  -0.903864761541273 -4.30918883077049
201  -1.12941089812459  -4.3061092951204
202  -1.35462178339339 -4.30230891306467
203  -1.57941049999709 -4.29778224115397
204  -1.80377479626607 -4.29251182528325
205  -2.02785806986083 -4.28645248999919
206  -2.25178820793435 -4.27952712974084
207  -2.47565383865906 -4.27162767224101
208  -2.69948767275346 -4.26262091657487
209  -2.92330126823988 -4.25235383502213
210  -3.14707953263887 -4.24065925597239
211  -3.37078817563401  -4.2273590933686
212  -3.59437306790985 -4.21226614713327
213  -3.81776072141046  -4.1951850534174
214  -4.04085712689952 -4.17591375628409
215  -4.26354794519909 -4.15424632439677
216  -4.48569743287584 -4.12997786452373
217   -4.7071470410791 -4.10291135599462
218  -4.92771262450685 -4.07286574083055
219  -5.14717949304852 -4.03968426491344
220  -5.36529626763917 -4.00324190671011
221  -5.58177609776822 -3.96344953649421
222  -5.79628659329928 -3.92025716975648
223   -6.0083809640776 -3.87366741295917
224  -6.21753798078741 -3.82372438837641
225  -6.42344655103655 -3.77042886184644
226  -6.62604222680364 -3.71368680425359
227  -6.82535326904561 -3.65330011848576
228  -7.02130438977102 -3.58897524627828
229  -7.21376873426684 -3.52026433763729
230  -7.40242993386242 -3.44659698245444
231  -7.58684402191522 -3.36731228146223
232  -7.76641941997587 -3.28182009100794
233  -7.94092221983466 -3.18960558964511
234  -8.11122018383253 -3.09003768720859
235  -8.27841410524914 -2.98308362049146
236  -8.44187376238058 -2.87115634520599
237  -8.60310433086732 -2.75684269577127
238  -8.76469301049767 -2.64311359791979
239  -8.93316753225702 -2.53072192310213
240   -9.1082172606961 -2.42446155629937
241  -9.26758516052958 -2.33687321678738
242   -9.4319259590177 -2.25119034614463
243  -9.59310040038349 -2.16179205622248
244  -9.79525430020453 -2.01408248076724
245  -9.79526056456637 -2.01407596152137
246  -9.17606502028307 -0.552593555581842
247  -9.03723038127506 0.148353488740094
248  -9.18431157194366 0.581934884123596
249  -9.28872070197266  1.05444705415189
250  -9.18321793795946  1.68349725262292
251  -8.78476561747553  2.25788927815436
252  -7.84978689969893  2.82146834188762
253  -6.78054850273133  2.94210310685354
254  -5.76943014960112  2.73719710395187
255  -4.90723183590867  2.36273734640987
256  -4.10759273215007  1.91630402533671
257  -3.31942188493107  1.48240403575498
258  -2.51273665863764  1.10021732899334
259   -1.7383663391296 0.649686450982271
260  -0.884018560413548 0.420731034142073
