// Id               X                Y
  1  -0.107268719463814  5.10083574437715
  2  0.929301254791541  5.04947314158119
  3   1.96167213266473  4.88652000067051
  4    2.8772826068418  4.63899978384629
  5   3.78826508058508  4.25387634984171
  6    4.5980278202151  3.81098067941666
  7   5.40979545892841  3.36352555238861
  8   6.23863875658795  2.94837701615885
  9   7.07725903541461  2.56085230852122
 10   7.91285910693817  2.18171050256969
 11   8.73162543202344   1.7721832645439
 12   9.16270343007676  1.48243032326821
 13   9.54885675199973  1.10868071920018
 14   9.82835093764353 0.534551542764313
 15   9.70157672042082 -0.0910862470515589
 16   9.00888490576811 -0.353460262252748
 17   8.52789078301111 -0.253707275263876
 18    8.3935309120579 -0.199880491876706
 19   8.32775717719746 -0.169199421096226
 20   8.26425533270439 -0.136832445175491
 21   8.20226193455025 -0.102570737084672
 22   8.13880790340711 -0.0647905556031955
 23   8.06958974070851 -0.0203784785438368
 24   7.99168327997418 0.0336166523467506
 25   7.90408502287613 0.0994459409446063
 26   7.80722257425859 0.178548442859444
 27   7.70232871596628 0.271622002461209
 28   7.59090609139767 0.378721826144697
 29   7.47437437529326 0.499359872560524
 30   7.35396986918621 0.632487811024137
 31   7.23091931002433 0.776252086711435
 32   7.10630825574514 0.928178137103544
 33   6.98049021967289  1.08611581844098
 34   6.85315527181116  1.24847931834428
 35   6.72368575115684  1.41400794963884
 36   6.59132543719294  1.58165768900725
 37   6.45525299783974   1.7505630052134
 38    6.3146245996079   1.9200066465567
 39   6.16860440712486   2.0893853761921
 40   6.01639251397634  2.25817021139645
 41   5.85725567935711  2.42586416804435
 42   5.69056176389186  2.59196376460057
 43   5.51581445752787   2.7559315378838
 44   5.33268240973886  2.91718461429943
 45   5.14101710149689  3.07509990558249
 46   4.94085624318009   3.2290320128784
 47   4.73241282441882  3.37833733247855
 48   4.51605288844669  3.52239774409032
 49   4.29226686243025  3.66063904275509
 50   4.06163964314572  3.79254186287206
 51   3.82482386293298  3.91764525801903
 52   3.58251929719943  4.03554478405466
 53    3.3354596360659  4.14588776342815
 54   3.08440606713828  4.24836853468994
 55   2.83014537165083  4.34272612477659
 56   2.57348854231023   4.4287460516416
 57   2.31526444921972  4.50626687624076
 58   2.05630230946055  4.57519062493249
 59   1.79739759358475  4.63549435295686
 60   1.53925969777403  4.68723829548527
 61   1.28244682244513  4.73056509211687
 62   1.02730259643444  4.76568559036783
 63  0.773915377238247  4.79285040475339
 64  0.522118162729032   4.8123118534267
 65  0.271531830552277  4.82428522082603
 66  0.0216350915900206  4.82891823677109
 67  -0.228162630205121  4.82627306966394
 68  -0.478457228286246  4.81632022676978
 69  -0.729789232542958   4.7989427770467
 70  -0.982577349038497  4.77395140162396
 71  -1.23705087625498  4.74111128214894
 72  -1.49320056419064  4.70017829934525
 73  -1.75076685294358  4.65093720044206
 74  -2.00926885844565   4.5932328171369
 75  -2.26806095167641  4.52698836189866
 76  -2.52639707737685   4.4522099343935
 77  -2.78348646914452  4.36898058357196
 78  -3.03853259422986  4.27744910178218
 79  -3.29075475480164  4.17781838994126
 80   -3.5393964153853  4.07033672149585
 81  -3.78372602993109  3.95529347346876
 82  -4.02303591215634  3.83301939587381
 83  -4.25664354244731  3.70389038921273
 84  -4.48389827157099  3.56833299367002
 85  -4.70419492454318   3.4268292864886
 86  -4.91699435258089  3.27991865260528
 87   -5.1218494909877  3.12819407779039
 88  -5.31843400435087  2.97229142109363
 89  -5.50656935575197  2.81287169253769
 90  -5.68624549905597  2.65059857673979
 91  -5.85763076321512  2.48611579134157
 92  -6.02106808368536  2.32003046670509
 93  -6.17705734443617  2.15290860921927
 94  -6.32622652172412  1.98528634368988
 95  -6.46929644078167  1.81769653899362
 96  -6.60704409957033  1.65070632665133
 97  -6.74026713503875  1.48495906917196
 98  -6.86974758398056  1.32121574204151
 99  -6.99620689583299  1.16039600918781
100  -7.12023064474415  1.00363450178278
101  -7.24210805003965  0.85240322512543
102  -7.36157733253701 0.708672895392172
103  -7.47781653535466 0.574675308738306
104   -7.5898360013011  0.45220941269401
105  -7.69662767558538 0.342394666156678
106  -7.79706216374845 0.245817247600795
107  -7.88993534668436 0.162574276576026
108  -7.97424645462662 0.0921806394007122
109  -8.04967102840775 0.0334253570228037
110  -8.11714192840006 -0.0157545833061711
111  -8.17928555230494 -0.0582383320729846
112  -8.23995847586245 -0.0971336184963606
113  -8.30168643671378 -0.134106250493055
114  -8.36528920505992 -0.169480380847454
115  -8.49980235320853 -0.235432656559781
116  -8.97672984772649 -0.377634823077436
117  -9.69663974603296 -0.19229901340322
118  -9.91128970760858 0.250677420007991
119  -9.83023917740969 0.765442774998747
120  -9.49378645924916  1.24949504272894
121  -9.03716712335885  1.62686491691847
122  -8.20378877166344  2.08670778368716
123  -7.35420132799085  2.48673882258351
124  -6.50110852785193   2.8680661498405
125  -5.66004154188637  3.26633232784872
126  -4.83943987383912  3.69461428175521
127  -4.02561805997212  4.13300828318909
128  -3.18127599450129   4.5413133124644
129  -2.20554075432967  4.82040142385011
130  -1.15872230244662  4.98736851991917
131  -0.103621171723095  5.68338887819907
132  0.896159583490682   5.6430193760383
133   1.88255196866151  5.48997029645864
134   2.86843165150785  5.22412131426243
135   3.83870820310298  4.84356640228031
136   4.77470013322391  4.39031420006559
137   5.66913997253188  3.92384776452892
138   6.53301907078771  3.49315648032263
139   7.41471772714117  3.07961493226272
140   8.34869501630232  2.61655522434292
141   9.23209513984646   2.0263315431554
142   9.70027015927947  1.54971208460795
143   10.0697710666139 0.995937442451411
144   10.3206799253652 0.419575234817305
145   10.4654968726836 -0.0754958359703166
146   10.5970872476426 -0.704578953698841
147    10.574807287705 -1.76726547788668
148   10.3827790426072 -2.17848879679216
149   10.1181381400675 -2.50578277720964
150   9.80913146797302 -2.75052054820526
151   9.47129897400044 -2.92185749052119
152   9.11735626959634 -3.02629886710074
153   8.75996169963084 -3.07013241395088
154    8.4098243243492 -3.06127923878831
155   8.07415954696322 -3.00868587289243
156   7.75673887819458 -2.92104715478599
157   7.45880813090032 -2.80600330160163
158   7.18009401005691 -2.66993422890524
159   6.91953048773079 -2.51808113196597
160   6.67557972636266  -2.3546790715893
161   6.44616946031215 -2.18287388582382
162   6.22893312148046 -2.00484329115279
163   6.02196182364473 -1.82249405579356
164    5.8238444765836  -1.6377150687119
165   5.63338114573425 -1.45224386202799
166   5.44948436878638  -1.2676071100517
167   5.27116860013972  -1.0851200219094
168   5.09755644605544 -0.905900982357522
169   4.92788305357808 -0.730887678845805
170    4.7614916637808 -0.560848059102403
171   4.59781818639155 -0.396384197656412
172   4.43636657611719 -0.237931922802064
173   4.27667978042969 -0.0857621058659035
174   4.11831213858072 0.0600106254634292
175   3.96080811063515 0.199408877944511
176   3.80368990079241 0.332564044355963
177   3.64645405159799 0.459682019710589
178   3.48857522563228 0.581007700487622
179   3.32951443621736 0.696792397331337
180   3.16872883901925 0.807266961566229
181   3.00568059810536 0.912621880654643
182   2.83984306683491   1.0129942214215
183   2.67070347537862  1.10846023251872
184   2.49776251678977  1.19903166613255
185   2.32053273390545  1.28465345052918
186   2.13853938007279  1.36520034279576
187   1.95132911276764   1.4404708374499
188   1.75849267884915  1.51017816177887
189   1.55970641350818  1.57394072625086
190    1.3547926455441  1.63127744260423
191   1.14379081478624  1.68161553007717
192  0.927021672337325  1.72431777394063
193  0.705121908328213  1.75873116834521
194  0.479032271836883   1.7842504721763
195  0.249939778179713  1.80038296699808
196  0.0191941282277705  1.80680013525411
197  -0.211776163466127  1.80336878558134
198  -0.441536578112204   1.7901619194465
199  -0.66871572611898  1.76745156450941
200  -0.892081767923374  1.73568300242292
201  -1.11062241934391  1.69542941635346
202   -1.3236080368658    1.647331655874
203  -1.53061595245358  1.59203507426934
204  -1.73150930929921  1.53013725060662
205  -1.92638180775463  1.46215522939871
206  -2.11548909468522  1.38851281855418
207   -2.2991858098852  1.30954239565625
208  -2.47787927076287  1.22549368161294
209  -2.65200220417958  1.13654328429722
210  -2.82200117111826  1.04280160336279
211  -2.98833498017549 0.944316368897948
212  -3.15147752123668 0.841073933034779
213   -3.3119208230364 0.733000365676189
214  -3.47017581228578 0.619964642770404
215  -3.62676974081926 0.501786013942632
216  -3.78224040992842 0.378247160280592
217  -3.93712820356949 0.249114049572664
218  -4.09196763529522 0.114162436068722
219   -4.2472806478785 -0.0267902797201174
220  -4.40357419150788 -0.173850500960275
221   -4.5613444481584 -0.32701505847036
222  -4.72108924553676 -0.486143311578788
223   -4.8833286243086 -0.650938116127731
224  -5.04863141364756 -0.820936570655491
225  -5.21764370534484 -0.995508056555639
226  -5.39111430090442 -1.17385439346701
227  -5.56991337138409 -1.35500671386895
228  -5.75504388693307 -1.53781653359492
229  -5.94765132713848 -1.72094402135072
230  -6.14905233603605 -1.90285758491849
231  -6.36084098656035 -2.08187812063233
232  -6.58508144448676 -2.25622337761021
233  -6.82421134055881 -2.42372652465189
234  -7.08048780394758 -2.58127034304454
235  -7.35568861373386 -2.72458796258659
236  -7.65105598889563 -2.84828922600234
237  -7.96699586565185 -2.94577765543793
238  -8.30240652111945 -3.00916885654632
239  -8.65372878519291   -3.029494467893
240  -9.01407433187875 -2.99745316035233
241  -9.37316281236134  -2.9045944877914
242  -9.71871129460312 -2.74387956935244
243  -10.0380729403075 -2.50798428557967
244  -10.3153697504556 -2.18715278876928
245   -10.522631176555 -1.77682883851143
246  -10.5677665018097 -0.679319108735359
247  -10.4480055323263 -0.0304651337862997
248  -10.2700895197667 0.631403470399323
249  -9.98463397416199  1.25319327020592
250  -9.60313641184202   1.7717047632327
251  -9.20561505636786  2.14992581660074
252  -8.41757795548487  2.66183132944334
253  -7.57076532781749  3.06779159645309
254  -6.70969959589733   3.4509866793617
255  -5.85062914711377  3.85475335768945
256  -4.98150867740054  4.28892275784216
257   -4.0500929338569  4.73544737237939
258  -3.08046289020252  5.12389824955491
259  -2.08991036276037  5.41484961287875
260  -1.12473915362172  5.59740958137408
