// Id               X                Y
  1  -0.107133476987439  4.97318526158431
  2   0.91892447863208  4.92353954930235
  3   1.95281268836349  4.75681051568405
  4   2.89483433813042  4.51453941440249
  5   3.77009631125529  4.13325064926202
  6   4.59285260662608   3.7143869217847
  7   5.41185541350965  3.28442950295896
  8   6.24589851664441  2.88488060396376
  9   7.08873568521867  2.51131710559246
 10   7.92778486189265  2.14377712561809
 11   8.74945841167954  1.74281863802826
 12   9.18116960047685  1.45612441100295
 13   9.56747770586415  1.08377407514141
 14   9.84507462961534  0.50921498378669
 15   9.71277380559184 -0.113696018486709
 16   9.01175152426112 -0.365167020711885
 17   8.52309342107694 -0.25815389681935
 18   8.38319343854099 -0.200553916707184
 19   8.31778062836078 -0.169322137242702
 20   8.25476460834325 -0.136601807617402
 21   8.19332127483768 -0.102157895001979
 22   8.13041286550807 -0.064314051322772
 23   8.06170663129796 -0.0199425574052429
 24   7.98427528792336 0.0338662784502736
 25   7.89710577981405 0.099284064450066
 26   7.80059448343592 0.177660469351314
 27   7.69592155216099 0.269613739817241
 28   7.58452946808075 0.375137578349852
 29   7.46779418825196 0.493692393919499
 30   7.34693740880376 0.624185421113259
 31   7.22314219761298 0.764810131971689
 32   7.09741815115108  0.91325371497348
 33   6.97013315726045  1.06746237510153
 34   6.84103915527833  1.22589197443883
 35    6.7095757268921  1.38732493912355
 36   6.57503903841139  1.55075927690106
 37   6.43665691549386   1.7153650915316
 38   6.29363198942591  1.88045219643216
 39   6.14517366275529  2.04543484635824
 40   5.99052836517715  2.20979207521798
 41   5.82901264401127  2.37302700594083
 42   5.66004889960354  2.53463154373321
 43   5.48319955799487  2.69406325194584
 44   5.29819369708965  2.85073840791757
 45   5.10494110227489  3.00404063363807
 46   4.90353155651364   3.1533404289652
 47   4.69422044658738  3.29801901876644
 48    4.4774043321344  3.43749037807767
 49   4.25359140589548  3.57121733044406
 50   4.02337175665347  3.69872013597982
 51    3.7873913777867  3.81957814111753
 52   3.54633240603608   3.9334264397151
 53   3.30090049604141  4.03995007902024
 54   3.05181871637712  4.13887833115832
 55   2.79982590919558  4.22998116301741
 56   2.54567605496688  4.31306940183111
 57   2.29013389956061  4.38799921425967
 58   2.03396127777274  4.45468032774611
 59   1.77788893888276  4.51308591317622
 60    1.5225713118437  4.56326043155815
 61   1.26852746947153  4.60532061721483
 62   1.01608018776207      4.6394450869
 63  0.765313009185103  4.66585075161348
 64  0.516065461701554  4.68475915805992
 65  0.267972863387391  4.69636080815017
 66  0.0205350643230618  4.70078653545195
 67  -0.226812244380001  4.69809074576221
 68  -0.474637269393631  4.68824594438706
 69  -0.723455495296183   4.6711468034389
 70  -0.973665285319043  4.64662441765396
 71  -1.22548137257489  4.61447184006641
 72   -1.4788888468573  4.57447787568534
 73  -1.73363681536748  4.52646129233909
 74  -1.98927159936148  4.47029705164165
 75  -2.24519302049956  4.40593006068142
 76  -2.50071384664614  4.33337692646744
 77  -2.75510844229842  4.25271948705365
 78  -3.00764506564977  4.16409483682878
 79  -3.25760271767769   4.0676858336638
 80  -3.50427685587263  3.96371463152593
 81  -3.74697923656797  3.85244031612481
 82  -3.98503667586707  3.73416054488931
 83  -4.21779244831259  3.60921624081426
 84  -4.44461283620699   3.4779977779345
 85  -4.66490015385915  3.34095065182475
 86  -4.87811237518709  3.19857837077548
 87   -5.0837882244802   3.0514403661942
 88   -5.2815752606939  2.90014331248727
 89  -5.47125726294652  2.74532553847839
 90  -5.65277643710188  2.58763617538007
 91  -5.82624600492075  2.42771294105956
 92  -5.99194988910182  2.26616424607644
 93  -6.15032843541061  2.10356167268663
 94  -6.30195192089174  1.94044713625233
 95  -6.44748600514992  1.77735537639147
 96  -6.58765406222589  1.61484827303493
 97  -6.72319961512831  1.45355502645903
 98  -6.85484791368043   1.2942131632949
 99  -6.98325879160698  1.13771101252991
100  -7.10894812421472 0.985148238032849
101  -7.23213310702619 0.837951528761078
102  -7.35252983338607 0.697979632100629
103  -7.46937500394003 0.567285834674971
104  -7.58172412029564 0.447576968754489
105  -7.68857887815717 0.339986957418347
106   -7.7888368671663 0.245144009772739
107  -7.88134833509114 0.163193367313103
108   -7.9651765509153 0.0937115897606493
109  -8.04005116208024 0.0355630750568215
110  -8.10694170317831 -0.013238557125384
111  -8.16850141619406 -0.0555243286291387
112  -8.22863692249232 -0.0944071570445762
113  -8.28995489312381 -0.131596764443771
114  -8.35330203263809 -0.167422215301559
115  -8.49414334297014 -0.23785023322146
116  -8.97807061582539 -0.387535313703742
117  -9.70547485126257 -0.215485183392381
118  -9.92640498011764 0.222728565557264
119  -9.85121797092543 0.736807744613349
120  -9.51707405155839  1.22126773794179
121  -9.05149511210466  1.60136214196058
122  -8.21104719097102  2.05073472319914
123  -7.35389970796454  2.43760124048185
124  -6.49185712245648  2.80434336795117
125  -5.64068216326745  3.18830910342045
126  -4.80955863477848  3.60376983662318
127  -3.98590828450581  4.03415927871728
128  -3.13589157708154  4.43530109100737
129  -2.18321670950577  4.69945848669089
130  -1.14634672262635   4.8632463313348
131  -0.0969964992831062  5.55594849286882
132   0.89342126043603   5.5142595603073
133   1.87383766894513  5.36093969801708
134   2.85580780819657  5.09936784435345
135   3.83048039697695    4.728498463208
136   4.76838313460262  4.29305180424359
137   5.65957033165207  3.84977840656309
138   6.53076406368849  3.43463497073733
139   7.41935567902031  3.03448313407308
140   8.35973042643276  2.58232579366493
141   9.24775860294078  1.99816493174135
142    9.7176994298062  1.52238932241144
143   10.0871350520109 0.968208317084204
144   10.3363998316685  0.39223041961737
145   10.4799495404386 -0.102618815831068
146   10.6125103458291 -0.741696158582401
147   10.5899047110739 -1.73048882592923
148   10.4041445392901 -2.14622495719617
149   10.1437605424435 -2.47839480572446
150   9.83724282981418 -2.72813726197282
151   9.50054967036126 -2.90434404168273
152   9.14670079325399 -3.01338763496879
153    8.7885906529665 -3.06148196424151
154   8.43714919410055 -3.05653133458049
155   8.09979600669727  -3.0075288214063
156   7.78047461187739 -2.92326589040205
157   7.48055918073828 -2.81150490833322
158   7.19985435007899 -2.67874519483065
159   6.93731468144663   -2.530314381134
160   6.69137460971284 -2.37048367375336
161   6.45997089978197 -2.20244117542808
162   6.24080229901597 -2.02844758537442
163   6.03195175498839 -1.85041863471382
164    5.8319703396531 -1.67019186413037
165   5.63964369725336 -1.48944760981007
166   5.45388836981002 -1.30965851038987
167   5.27373394334027 -1.13209080568225
168   5.09832408033069 -0.957819591078723
169    4.9269160732922 -0.787743828714408
170   4.75887197664733 -0.622595420249811
171   4.59363970126745 -0.462941659227182
172    4.4307264881279 -0.309184832273675
173   4.26966990836705 -0.161565046435956
174   4.11001211877362 -0.0201714354696478
175   3.95128162118526 0.115036375184628
176   3.79298427782513 0.244198246427556
177   3.63460297777131  0.36751893515939
178   3.47560379135171 0.485233471123082
179   3.31544580718473  0.59757626186522
180   3.15359191958938 0.704756285999918
181   2.98951833309004 0.806939277944691
182   2.82272125686431 0.904236597970058
183   2.65272009394038 0.996699596929076
184   2.47905742565426  1.08431769312557
185   2.30129732744644  1.16701805554813
186    2.1190250234942  1.24466479314693
187   1.93185237190866   1.3170560441898
188   1.73943459536808  1.38391854721565
189   1.54150306444603  1.44490125320899
190   1.33791564283191  1.49957204573911
191   1.12871943454132  1.54742377409608
192  0.914211763167997  1.58789598770032
193   0.69497800343999  1.62041532115209
194  0.471886605889827  1.64445029062341
195  0.246037344017417   1.6595686773523
196  0.0186813679963788   1.6654837200678
197  -0.208858959314542  1.66208150830295
198  -0.435257187378137  1.64943012781807
199  -0.659245915457257  1.62777309719871
200  -0.879689147285307  1.59750625927951
201  -1.09565898984083  1.55913680952209
202  -1.30649310229022  1.51322938516469
203  -1.51181118065629  1.46035117678075
204  -1.71148802016588  1.40102845926313
205  -1.90559856622052  1.33572079772723
206  -2.09435583016961   1.2648117991238
207  -2.27805767794638  1.18861082171853
208  -2.45705000622198  1.10735928113116
209  -2.63170658929008  1.02123681079193
210  -2.80242172115304 0.930364933659216
211  -2.96961045750667 0.834808006867487
212  -3.13371175678292 0.734572589378197
213  -3.29519111460994 0.629607065407398
214  -3.45454070181715 0.519803521887912
215  -3.61227622726108 0.405003719503843
216  -3.76893068230703 0.285010628613718
217  -3.92504584652059  0.15960644241917
218  -4.08116303591859 0.0285771825154925
219  -4.23781509406123 -0.108257066183029
220  -4.39552199232318 -0.251008548842888
221    -4.554792434316 -0.399688361755049
222  -4.71613331077129 -0.554177285158542
223   -4.8800675573441 -0.71420462636466
224  -5.04715901644268 -0.879336737016088
225  -5.21804082766414 -1.04897364815669
226  -5.39344265944143 -1.22234925226499
227  -5.57421278461659 -1.39852952043132
228  -5.76133412443877 -1.57640544220589
229  -5.95593996023407 -1.75468295963464
230  -6.15935122732032  -1.9318834698255
231  -6.37318240938732 -2.10637610279325
232  -6.59948289513149 -2.27637181301272
233  -6.84061234870437 -2.43963928032628
234  -7.09879207418304 -2.59303659697704
235  -7.37582129524471 -2.73230165826822
236  -7.67294486240571 -2.85201370553761
237  -7.99051881625841 -2.94550352867715
238  -8.32733752850879  -3.0047970313335
239  -8.67969341311781 -3.02084967617227
240  -9.04052136344184 -2.98432220891391
241   -9.3993524877838 -2.88677401425034
242  -9.74370174652891 -2.72121340120487
243  -10.0606591092491 -2.48039297161571
244  -10.3339784373216 -2.15469683628651
245  -10.5354275916221  -1.7394345721269
246  -10.5808024663096 -0.719326206978242
247  -10.4621034565946 -0.0633255800814019
248  -10.2868155744051 0.600774817239296
249  -10.0022855583782  1.22468392714325
250  -9.61812851931886  1.74490097060452
251  -9.21740794867519  2.12169775073411
252    -8.422515699257  2.62618502340766
253  -7.56793466365479   3.0195459708303
254   -6.6989936019302  3.38767302761931
255  -5.83243318414516  3.77636730717008
256  -4.95864282675033  4.19700026219669
257  -4.02357923415192  4.63446115361023
258   -3.0517875204001  5.01701645389691
259  -2.07201824662462  5.29741398515698
260  -1.11272536275212  5.47376872193499
