// Id               X                Y
  1  -0.0722643775612716 0.048101863930741
  2  0.882918262809346 0.0412242126666172
  3   1.83131863119531 -0.00140553360558058
  4   2.86542324631245 0.000728194188320943
  5   3.80879315247854 0.163852027279948
  6   4.69016734165983 0.571872120184019
  7   5.45622547675926  1.16217851551068
  8   6.15112795786897  1.80428665843167
  9   6.89663142900172  2.36051209421585
 10   7.78320047184851  2.61824432897203
 11   8.63128526498823  2.25960372236882
 12   8.84473726255147  1.78455910952387
 13   8.78172972569218  1.26737424787036
 14   8.47926842041724 0.836901155291826
 15   8.02979494326508  0.55460719731333
 16   7.39283177956229 0.397224406783933
 17   6.95299972347342 0.341294755022685
 18   6.94896024034638 0.340819754055587
 19   6.90207023605978 0.335355890454166
 20   6.78560633459152 0.322059628528159
 21   6.62811077070541 0.304100126400215
 22   6.45925664613438 0.284024610952782
 23   6.30965826253575 0.264932722763655
 24   6.16812455903963 0.245423582134204
 25   6.02376382522875 0.223890945296634
 26   5.87560638061516 0.199988366538279
 27   5.72591098617179 0.173996102818086
 28   5.57640172710283 0.146301792260248
 29   5.42784581882716 0.117266080540545
 30   5.28047931695956 0.0872343960017163
 31   5.13430083540115 0.0565525263198688
 32   4.98918649322645 0.0255644307760651
 33   4.84493420912534 -0.00539556240668899
 34   4.70129599593662 -0.0360073733145099
 35   4.55801058393542 -0.0659657973683776
 36   4.41483514672559 -0.094979291314067
 37   4.27156888070329 -0.122770145180426
 38   4.12805291711753 -0.149079779584431
 39   3.98412650359203 -0.173681224286201
 40   3.83958396219668 -0.196387497233769
 41   3.69422963273511 -0.217041740414344
 42   3.54794217038425 -0.235510374186992
 43   3.40068511745082 -0.251687993928814
 44    3.2524914224186 -0.265505650547081
 45   3.10344541334511 -0.276937282930488
 46   2.95366834230237 -0.286003165951396
 47   2.80330657437981 -0.29277056060974
 48   2.65252153776527 -0.297351846268363
 49   2.50148100055752 -0.299900465962153
 50   2.35035110173338 -0.300605092486517
 51   2.19928980116456 -0.299682476588681
 52    2.0484427130832 -0.297369554699217
 53   1.89794028775414 -0.293915384191255
 54   1.74789619323354 -0.289573361172286
 55   1.59840817068834 -0.284594134741281
 56   1.44955938832597 -0.279219427678479
 57   1.30141806967465 -0.273676789765003
 58   1.15403782497551 -0.268175418750162
 59   1.00745464831459 -0.262902922650761
 60  0.861678868457323 -0.258022989705534
 61  0.716687192800564 -0.253674218681918
 62  0.572416736034008 -0.249970135438309
 63  0.428759639581576 -0.247000186161776
 64  0.285576376600399 -0.244831701525661
 65  0.142710070911832 -0.243511675052221
 66  -1.55953403970618e-08 -0.243067978799647
 67  -0.142710036287891 -0.243509879945552
 68  -0.285576228046323 -0.24482810819973
 69  -0.428759382896434 -0.246994793012526
 70  -0.572416411347868 -0.249962949461895
 71  -0.71668693383811 -0.253665267380656
 72  -0.861678767646389 -0.258012330979853
 73   -1.0074547475253 -0.262890659334163
 74  -1.15403817292252 -0.268161718450994
 75  -1.30141865499766 -0.273661902825793
 76  -1.44956017211963 -0.279203710205765
 77  -1.59840913569404 -0.284578072958297
 78  -1.74789730263657 -0.289557591370182
 79  -1.89794149973786 -0.293900712148876
 80  -2.04844402342378 -0.297356970766218
 81  -2.19929123857992 -0.29967316158192
 82  -2.35035273976505 -0.300600413930678
 83  -2.50148299637823 -0.299901961270664
 84  -2.65252414954116 -0.297361189596975
 85  -2.80331016676428 -0.292789512491956
 86  -2.95367339882825 -0.286033504671057
 87    -3.103452535504 -0.276980718173657
 88  -3.25250130368228 -0.265563722147271
 89  -3.40069850727665 -0.251761958117097
 90  -3.54795983494739 -0.235601079614826
 91  -3.69425230606026 -0.217149497276328
 92   -3.8396122965046 -0.196511940600121
 93  -3.98416104104073 -0.173821166877931
 94  -4.12809407431974 -0.149233047346481
 95  -4.27161690664931 -0.122933394825071
 96  -4.41489004579519 -0.0951478222275353
 97  -4.55807208748066 -0.0661333605365316
 98   -4.7013635788343 -0.0361659753595129
 99  -4.84500713331153 -0.00553526521203065
100  -4.98926387237701 0.0254557044184477
101  -5.13438176206023 0.0564891676829953
102  -5.28056294746375 0.0872332090184148
103  -5.42793146434803 0.117346270269241
104  -5.57648886269488 0.146484765066109
105  -5.72599938807438 0.174304989146038
106  -5.87569645746676 0.200446940494109
107  -6.02385685039475 0.224521419244567
108  -6.16821815395601 0.246243452734779
109  -6.30972790595228 0.265955452025657
110  -6.45923985018204 0.285274921446076
111  -6.62801957053569 0.305632976343065
112  -6.78549608786063 0.323877464445063
113  -6.90167097798717 0.337358071564094
114  -6.94806564387673 0.342850695180197
115  -6.95145697278427 0.343255663290075
116  -7.39028141185602 0.399806807774319
117  -8.02672757475227 0.557234802719413
118  -8.47663233598508 0.837834953551282
119  -8.78208232734144  1.26557673283245
120  -8.85161384806682  1.78161752215412
121  -8.64618510307104  2.25982331980469
122  -7.80588141053452  2.63368991945034
123  -6.91769565726476  2.38687777548248
124  -6.17230806534618  1.83481546197654
125  -5.48346268767393  1.19379689218973
126  -4.73251775990262 0.603809583699209
127  -3.87091587209886  0.18974583765916
128   -2.9354077233928 0.0134099208718771
129  -1.97986894385301 -0.00529968449884527
130  -1.02233140200717 -0.00380089472016113
131  -0.0153163010552359 0.654128372627457
132  0.913171205981954 0.650495417081984
133    1.8411442767914 0.605279637861114
134   2.76953274631119 0.587614218778686
135   3.68536217566103 0.760752580995073
136   4.52866639575962  1.16443196893646
137   5.27398488115703  1.75122949522502
138   6.07116429237603   2.4168012311156
139   6.98924428179656  2.96854548753863
140   8.05564955799777  3.14410316879635
141   8.99470457057633  2.61266129189936
142   9.35033254043627  2.03303056694831
143    9.3721004781809  1.35617911248071
144   9.10720146594677 0.735566967719054
145   8.64768874444637 0.247113292163598
146   9.17092695528883 -0.189792620706387
147   9.56741979480791 -0.644479203902374
148   9.50445004259403 -1.05878737156522
149   9.29616599604005 -1.35161408390584
150   9.05594645577485 -1.54356408690309
151   8.83476695934579 -1.68837905213117
152    8.6364972285158  -1.8174549161837
153   8.43471889003574 -1.94104100845089
154   8.22787991867989 -2.04946853589043
155   8.02268147048827  -2.1400991236037
156   7.82239296339613 -2.21796797875839
157   7.62709181293205 -2.28851287126285
158   7.43586861014263 -2.35509176221982
159   7.24773066000889 -2.41936801258684
160   7.06177936700024 -2.48211052674004
161   6.87723430562092 -2.54366608848804
162   6.69343498353004 -2.60414893189465
163   6.50983466609497 -2.66351438126292
164   6.32598738556951 -2.72160712096124
165   6.14153089114466 -2.77820616282687
166   5.95616679215615 -2.83306400440394
167   5.76964233902131 -2.88593204370056
168   5.58174683938689 -2.93656397047048
169    5.3923447503172 -2.98469801262524
170   5.20141351257005 -3.03005250519987
171   5.00899877509566 -3.07236995394818
172   4.81516031132364 -3.11145968586258
173   4.61996113946603 -3.14720825364871
174   4.42347546357391 -3.17957243610633
175    4.2257963234122 -3.20856983821237
176   4.02703831125277 -3.23427158405806
177   3.82733628216677 -3.25679631255231
178   3.62684103355497 -3.27630418476857
179   3.42571291752453 -3.29299020890471
180   3.22411480284567  -3.3070767730414
181   3.02220474479504 -3.31880591345521
182   2.82012827410921 -3.32843181703229
183     2.618011840771 -3.33621361186371
184   2.41595783691449 -3.34240871368628
185   2.21403992503655 -3.34726691471063
186   2.01230024703283 -3.35102471658445
187   1.81075027770996 -3.35389969628049
188   1.60937251822353 -3.35608518228274
189   1.40812657674164 -3.35774512436937
190   1.20696113502759 -3.35901017526805
191   1.00582661538022 -3.35997673201507
192  0.804686437694256 -3.36070977329398
193  0.603527944674426 -3.36124947587542
194  0.402354469921515 -3.36161995588295
195  0.201175715901624  -3.3618360808196
196  -1.72210449975294e-06 -3.36190673138794
197  -0.20117924091175  -3.3618350165688
198  -0.402358151056741 -3.36161780148544
199  -0.60353179549981 -3.36124619448166
200  -0.804690424640961   -3.360705333077
201  -1.00583059402489  -3.3599711239873
202  -1.20696498027646  -3.3590034170667
203  -1.40813018845157   -3.357737260464
204  -1.60937576374086 -3.35607629399149
205  -1.81075306106185 -3.35388990794183
206  -2.01230248436508  -3.3510142097646
207  -2.21404151005151 -3.34725595037653
208  -2.41595870040999 -3.34239764417142
209  -2.61801196163735 -3.33620289390229
210  -2.82012767010788 -3.32842202952356
211  -3.02220351385103 -3.31879776549316
212  -3.22411315071934 -3.30707110642913
213  -3.42571115978251 -3.29298799980976
214  -3.62683961327102 -3.27630653325117
215  -3.82733578865871 -3.25680441581756
216  -4.02703947805507 -3.23428669663175
217  -4.22580002094789 -3.20859321389794
218  -4.42348269498036 -3.17960524609773
219  -4.61997302599138 -3.14725148514063
220  -4.81517806408914  -3.1115140270303
221  -5.00902366325045 -3.07243566745806
222  -5.20144682435229 -3.03012929734404
223   -5.3923877293277 -2.98478491003397
224  -5.58180060048374 -2.93665920286112
225  -5.76970779204847 -2.88603291764988
226  -5.95624458104644 -2.83316676806676
227  -6.14162128049224 -2.77830590795587
228   -6.3260900987728 -2.72169775190036
229  -6.50994868282997  -2.6635886706213
230  -6.69355829540946 -2.60419869037533
231  -6.87736359335432 -2.54368250313893
232  -7.06190969502015 -2.48208466544805
233  -7.24785515212924 -2.41929155500647
234  -7.43597821878399 -2.35495798947792
235  -7.62717519116612 -2.28831818270863
236  -7.82243709188484 -2.21771449453655
237  -8.02267487209719 -2.13979935015704
238  -8.22782269589169 -2.04915063785684
239  -8.43463472700435 -1.94074337074887
240  -8.63639923516457 -1.81719513142286
241  -8.83451984948291 -1.68816048114169
242  -9.05538067129535 -1.54337165872183
243  -9.29538774389512 -1.35130520237835
244  -9.50337955088403 -1.05806297268928
245  -9.56556957004953 -0.643005460039111
246  -9.16800451763809 -0.188105456785092
247  -8.64449015285993 0.248818241301919
248  -9.10557980092286 0.735825431261848
249  -9.37461850622529  1.35478349773405
250  -9.35733516488243   2.0318003126003
251  -9.00746063870819  2.61481000106734
252  -8.07672863717665  3.15983214817135
253  -7.00937382195439  2.99475312559347
254  -6.08956989977806  2.44686007715855
255  -5.29428706206225  1.78066967027908
256   -4.5521203848493  1.19092621853498
257  -3.71343109574511 0.778334627321536
258  -2.79897099994447 0.602261190805055
259  -1.86889046598404  0.59462711546878
260  -0.938894564818074 0.587782811763551
