// Id               X                Y
  1  -0.0884543006308929  2.04656011016535
  2  0.899151479363109  2.04416227837774
  3   1.94802647572229  1.98822822792215
  4   2.91501875423107  1.89398813944793
  5    3.8295489457396  1.76501920203708
  6   4.75201497940767  1.71077420964815
  7   5.67813936585839  1.75456563115744
  8   6.60001581544156  1.86516161219371
  9   7.52437467134827  1.95663223463397
 10   8.45198459847735  1.88842525177966
 11   9.29839478396641  1.48161120430698
 12   9.61531298047739  1.03301277500537
 13   9.69027039487589 0.474357270098149
 14    9.4666807240265 0.0183672137788448
 15   9.04789221230948 -0.199487751403004
 16   8.27193551818638 0.0720998717079785
 17   7.86619858529163 0.265354124089355
 18    7.7697778143107 0.304203604413845
 19   7.69614564232786 0.332409618973959
 20   7.62473271769816 0.358801116556305
 21   7.55168711570142 0.384965371405829
 22   7.47137391850727 0.413035096572397
 23   7.38055037582892 0.444125780306085
 24   7.27833619907087 0.478596184353401
 25   7.16516037680928 0.516393935730346
 26   7.04202373391573 0.557311812233866
 27   6.91009671613323 0.601071618917495
 28   6.77053434015379 0.647352574076036
 29   6.62440083693959 0.695796667853299
 30   6.47264632450044 0.746012917623728
 31   6.31610568837515 0.797585234049244
 32   6.15550606109916 0.850083681433607
 33   5.99147722553128 0.903077096123737
 34   5.82456273307887 0.956145118731101
 35   5.65523071987435  1.00888840099888
 36   5.48388374369109  1.06093648536012
 37    5.3108671658805  1.11195336126043
 38    5.1364758679227  1.16164095097404
 39    4.9609593705956  1.20974085382661
 40   4.78452561309948  1.25603467987311
 41   4.60734368139715  1.30034329758459
 42   4.42954561511173  1.34252533284353
 43   4.25122701841778  1.38247529576128
 44   4.07244534832677  1.42012179444719
 45   3.89321262856039   1.4554265192833
 46   3.71347215382313   1.4883855483028
 47   3.53301134126483  1.51903948676187
 48   3.35067999898822  1.54758138268449
 49   3.16454793614084  1.57427687484054
 50   2.97784551199429  1.59868244643624
 51   2.79091385926925  1.62086184073886
 52   2.60390016909623  1.64092376434296
 53   2.41690728116606  1.65898936768149
 54   2.23001780322942    1.675182629011
 55   2.04329802387112  1.68962563221797
 56   1.85679794088283  1.70243572551692
 57   1.67055119169027  1.71372366427113
 58   1.48457569907812  1.72359234811011
 59   1.29887500009746  1.73213593235151
 60   1.11344001243685  1.73943917323052
 61  0.928250988342075  1.74557691608216
 62  0.743279465802662  1.75061367144677
 63  0.558490096238813  1.75460325045978
 64  0.373842288483529  1.75758844939223
 65   0.18929165565811  1.75960078490477
 66  0.00479128510507859  1.76066028757283
 67  -0.179707125941267  1.76077536271917
 68  -0.364252212458263  1.75994272576915
 69  -0.548891898056735  1.75814741545109
 70  -0.733672301038091  1.75536288343007
 71  -0.918636529707424  1.75155115461662
 72  -1.10382331709749  1.74666304966412
 73  -1.28926546351973  1.74063846128785
 74  -1.47498808339354  1.73340668023237
 75  -1.66100669270244  1.72488677619351
 76  -1.84732522618409  1.71498805494418
 77  -2.03393413619624  1.70361063647162
 78  -2.22080878510458  1.69064623152998
 79  -2.40790836126598  1.67597923879922
 80  -2.59517542054821  1.65948835231164
 81  -2.78253558754834   1.6410489972838
 82   -2.9698949836075  1.62053725083403
 83  -3.15712541276664  1.59783714107039
 84  -3.34398519557544  1.57286013025469
 85  -3.52907096542282  1.54572160885689
 86  -3.71046156815852  1.51672200411862
 87  -3.89110389742897  1.48541929891416
 88  -4.07128362410395  1.45175291356585
 89  -4.25108230115071  1.41571165062791
 90  -4.43050452613509   1.3773187069162
 91    -4.609507523746  1.33662965602424
 92  -4.78800971571492  1.29373340884109
 93  -4.96589239775419  1.24875421556143
 94  -5.14299858723579  1.20185395754775
 95  -5.31913041823279  1.15323424693833
 96  -5.49404545634027  1.10313793382482
 97  -5.66745184322971   1.0518496498746
 98  -5.83900199495993  0.99969501553119
 99  -6.00828461840763 0.947038108105611
100  -6.17481506451467 0.894276750628075
101  -6.33802445243001 0.841835201374715
102  -6.49724844215276 0.790154022990336
103  -6.65171684054939 0.739677430961884
104  -6.80054543195273 0.690839307803447
105   -6.9427321788407 0.644050070833384
106  -7.07716285302926 0.599686969525573
107  -7.20263884851475 0.558088818487459
108  -7.31795602872872 0.519550280765668
109  -7.42209284578483 0.484296607118747
110  -7.51461074993522 0.452392308084659
111  -7.59640056829297 0.423504898862834
112  -7.67072733936616 0.396484986032209
113  -7.74334202652789 0.369171332035063
114   -7.8182412808076 0.339824708727672
115  -7.91622452181065  0.29925031274696
116    -8.319253002802 0.0994416965028586
117  -9.08941356738155 -0.189006941779117
118  -9.51568970237079 0.0156327657847649
119  -9.75810891166035 0.462078071217558
120  -9.71239979334682  1.01807730395818
121  -9.42396354546319   1.4777542605041
122  -8.60272530455925  1.92121481048321
123  -7.68169810760259  2.01188344882962
124  -6.76177408227466  1.92522450030499
125  -5.84608576321793  1.80571528322788
126  -4.92596251181038  1.74424148492383
127  -4.00734461730443  1.77813351432593
128  -3.09729670831306  1.89214137551194
129  -2.14807152256547  1.98169483681493
130  -1.10843455278083   2.0038946182603
131  -0.0793267122529285   2.6393528127391
132  0.875677946006227  2.63187357832181
133   1.82831597896441  2.57243342308554
134   2.78636306024448  2.47621621591008
135   3.74719406862626  2.37305059877438
136   4.69699188651401  2.32490225205817
137     5.641952752598  2.36958137936896
138   6.58650408523058  2.48049923632141
139   7.54529676356499  2.57102351293826
140   8.52698523868009  2.49371111325048
141    9.4435871790262  2.04132986562212
142   9.83752660324017  1.52146308958539
143   10.0078662750739 0.866231299213435
144   9.94594149225821 0.159716450545063
145   9.80843583012374 -0.546072649748262
146   9.93865763939096 -1.33015664121586
147   9.89765311017719 -1.57480791893437
148   9.79202548727507  -1.7839635904009
149   9.63681610025323  -1.9576231861469
150   9.44785405175421 -2.09264128022311
151   9.23802033118536 -2.19124698974053
152   9.01689314843781  -2.2585678426096
153    8.7906828302037 -2.30049883270865
154   8.56296626773442 -2.32236262118403
155   8.33564259033506  -2.3284630669648
156   8.10965116791639 -2.32213420880659
157   7.88540842985726 -2.30594264589885
158   7.66305114229416 -2.28189050081715
159   7.44256752363711  -2.2515751871676
160    7.2238677559858 -2.21630389928621
161   7.00682269436995 -2.17717210249813
162   6.79128602205964 -2.13511610069736
163   6.57710768963556 -2.09094776387631
164   6.36414258371005 -2.04537727917438
165   6.15225638752445 -1.99902801494946
166   5.94132961501287 -1.95244631381239
167   5.73126033213696 -1.90610815193423
168   5.52196586901572 -1.86042399988258
169   5.31338374678007 -1.81574280354367
170   5.10547203603346 -1.77235571154905
171   4.89820941215618 -1.73049997104623
172   4.69159529775543 -1.69036327657434
173   4.48565077421816 -1.65208878150097
174   4.28042168045131 -1.61578098593948
175    4.0759874494587 -1.58151289619676
176   3.87248689399083 -1.54933568875275
177   3.67021243228209 -1.51929694056701
178   3.47044713546362 -1.49155287616864
179   3.27527761470459 -1.46630425928074
180   3.08117730239111 -1.44302247066959
181    2.8877004096642 -1.42162897499041
182   2.69463918731885 -1.40207183911389
183   2.50186020676151 -1.38429842347692
184   2.30926894233231 -1.36824914359815
185   2.11679662418298 -1.35385620538124
186   1.92439338770009 -1.34104446084352
187   1.73202379481411 -1.32973336665584
188   1.53966350648785 -1.31983950234515
189   1.34729666287738 -1.31127930021809
190   1.15491378287593 -1.30397175286735
191  0.962510084643198 -1.29784094357566
192   0.77008416143702 -1.29281830366541
193   0.57763695899992 -1.28884454397074
194  0.385171004903561 -1.28587123790111
195  0.192689841473715 -1.28386205310355
196  0.000197614120328056 -1.28279363938745
197  -0.192301233151187 -1.28265618418121
198  -0.384802203311708 -1.28345364519453
199  -0.577300981235357 -1.28520366505907
200  -0.769793706266301 -1.28793716644775
201  -0.962277330724958 -1.29169762048223
202  -1.15475011261615 -1.29653997806918
203   -1.3472122906953 -1.30252925506027
204  -1.53966699006374 -1.30973876965729
205   -1.7321214072651 -1.31824804608757
206  -1.92458832708686 -1.32814042407378
207  -2.11708803288491 -1.33950045097083
208  -2.30965069826093 -1.35241118508947
209  -2.50231941733666  -1.3669516087384
210    -2.695154221088 -1.38319444759288
211  -2.88823798113978 -1.40120484992093
212  -3.08168690567716 -1.42104071445466
213  -3.27567551029633 -1.44275655047777
214  -3.47052819041657 -1.46641883427118
215  -3.66781713908545 -1.49226524484187
216   -3.8696215967498 -1.52066205928525
217  -4.07277047319383 -1.55123811220296
218  -4.27689610184356 -1.58395225286416
219  -4.48183677409241 -1.61876830669553
220  -4.68749983521547 -1.65563219511183
221  -4.89382880169873 -1.69446138203591
222  -5.10079264238587 -1.73513724175797
223  -5.30838214289241  -1.7774987314287
224  -5.51660897098938 -1.82133690090727
225  -5.72550579080728 -1.86639001254276
226  -5.93512666440618 -1.91233906655482
227   -6.1455473152005 -1.95880346271054
228  -6.35686496273717 -2.00533639935551
229  -6.56919748477763  -2.0514194111788
230  -6.78268165138404 -2.09645515661956
231  -6.99747009687462 -2.13975714630603
232  -7.21372649999224  -2.1805344919565
233  -7.43161801505003 -2.21786885340524
234  -7.65130309056011  -2.2506794381981
235  -7.87291093182568 -2.27767003393372
236  -8.09650507855616 -2.29724964814763
237  -8.32201621946689 -2.30741601727633
238  -8.54911573631128 -2.30559153088289
239  -8.77697824494976 -2.28841170912997
240  -9.00384999320463 -2.25150719301696
241  -9.22632969850168 -2.18942954202859
242  -9.43839299892166 -2.09606650854572
243  -9.63061030952981 -1.96596451364563
244  -9.79015691613423  -1.7964735162963
245  -9.90109452770489 -1.59027767782982
246   -9.9483452059909 -1.34681985653698
247  -9.83917787880087 -0.559549704357241
248  -10.0010342766058 0.139520925391426
249  -10.0925130989577 0.841607420620673
250  -9.95220768085501  1.50306228031985
251  -9.58099563299687  2.04079320910209
252  -8.68285689501245  2.52632954988262
253  -7.70437267179057  2.62595868613832
254  -6.74468632994801  2.54038364417109
255  -5.80112607024641   2.4201763133261
256  -4.85762503516767  2.35723650369467
257  -3.90797342387876  2.38448854636602
258  -2.94395423333106  2.46981074914765
259  -1.98067186225036  2.55142862302149
260  -1.02937139417562  2.60745481688915
