// Id               X                Y
  1  -0.0749722160951743 0.101471727966028
  2  0.845686935699937 0.116822885334609
  3   1.76259404354785 0.203072851277705
  4   2.66440360880659 0.376723623959035
  5   3.54260482286517 0.632059796601525
  6   4.39629897393661  0.94538715079332
  7   5.23622430310701  1.27759068937873
  8   6.08622378575725   1.5767627474955
  9   6.96878389175769  1.73575144841784
 10   7.85141863700641  1.61965487992249
 11   8.59671808617603  1.11856222724524
 12   8.82605273620486 0.668161299081473
 13   8.83096700521775 0.074042142635147
 14   8.39846300767723 -0.477093690031672
 15   7.71327929737028 -0.387905128624128
 16   7.73586514721218 0.501253935825479
 17   7.62011050163541  0.76453586985359
 18   7.43172949102575 0.904219928632996
 19   7.20932008482577  0.96851325961872
 20    6.9842930958452 0.980985709821249
 21   6.77993714385396 0.964340445089628
 22    6.6007053842807 0.933739431623035
 23   6.43196606562842 0.894072799084839
 24   6.27095725827956 0.848439942288027
 25   6.11538201085676 0.799026934143607
 26   5.96325568604907 0.747469102718491
 27   5.81353691714032 0.695143131271131
 28   5.66540446451775 0.643004870057638
 29     5.518224141967  0.59167138511178
 30   5.37154465286866 0.541530861233423
 31   5.22506538536873 0.492827223940033
 32   5.07859492451172 0.445715923513829
 33   4.93201489670933 0.400298601755322
 34   4.78525361814711 0.356644064130928
 35   4.63826869880149 0.314800662446908
 36   4.49103621137485 0.274803317421776
 37   4.34354417266909 0.236677211462465
 38   4.19578867986424 0.200439453796813
 39   4.04777160875017 0.166099571554669
 40   3.89949919398904   0.1336593927975
 41   3.75098108403357 0.103112694526973
 42   3.60222963553393 0.0744448541778287
 43   3.45325931909617 0.0476326471866546
 44   3.30408617403431 0.0226442646522607
 45   3.15472728913009 -0.000560423077113901
 46   3.00520030848789 -0.0220293636201901
 47   2.85552297220103 -0.0418176078961172
 48   2.70571270476322 -0.0599864224013129
 49   2.55578626288189 -0.0766022720695141
 50   2.40575945069733 -0.0917357173944923
 51   2.25564690587625 -0.10546026631388
 52   2.10546195561395 -0.117851216197371
 53   1.95521653782925 -0.128984515142516
 54   1.80492118005462 -0.138935665422326
 55   1.65458502678272 -0.147778685913554
 56   1.50421590526211 -0.15558514503767
 57   1.35382041978998 -0.162423271373796
 58   1.20340406524167 -0.16835714571619
 59   1.05297135171252 -0.173445975900468
 60  0.902525933551361 -0.177743454092092
 61  0.752070737586381 -0.181297195260789
 62  0.601608086868578 -0.184148255092139
 63  0.451139817698623 -0.186330725464119
 64  0.300667389001246 -0.187871405720499
 65  0.150191984228857 -0.188789548213623
 66  -0.000285393111370227 -0.189096676904291
 67  -0.150763828519514 -0.18879647815741
 68  -0.301242407901083 -0.187884763237516
 69  -0.451720128815306 -0.186349502377978
 70  -0.602195809088976 -0.18417093066779
 71  -0.752667990547686 -0.181321726368595
 72  -0.903134836086186 -0.177767262638084
 73   -1.0535940189989 -0.17346593398462
 74  -1.20404260441261 -0.168369559090634
 75  -1.35447692379231 -0.162423861881034
 76  -1.50489244480422 -0.15556903281538
 77  -1.65528364027871 -0.147740372258124
 78  -1.80564386156185 -0.138869017307492
 79   -1.9559652230901 -0.128882752491212
 80   -2.1062385064524 -0.117706903101315
 81  -2.25645309336567 -0.10526530748209
 82  -2.40659693770546 -0.0914813611829897
 83  -2.55665658680768 -0.0762791214932868
 84  -2.70661726150027 -0.0595844555497908
 85   -2.8564630025826 -0.0413262091593896
 86  -3.00617688867483 -0.0214373670802935
 87  -3.15574132657653 0.000143830678490277
 88  -3.30513841078393 0.0234728571896962
 89  -3.45435034419388 0.0485979954792292
 90  -3.60335990824979 0.0755596079196186
 91  -3.75215096934631 0.104389617497908
 92  -3.90070901132503 0.135111229079684
 93  -4.04902169428575 0.167738898621041
 94  -4.19707946174899 0.202278526282829
 95  -4.34487625730173 0.238727801958188
 96  -4.49241047733959 0.277076564065833
 97  -4.63968639320137 0.317306937685499
 98  -4.78671644779341 0.359392885071577
 99  -4.93352510410168 0.403298610729276
100   -5.0801553369691 0.448974978877557
101  -5.22667942960826 0.496352657435688
102  -5.37321634989666  0.54532998075767
103  -5.51995816857836 0.595752327591347
104  -5.66720653924466 0.647377916305956
105  -5.81541507036511 0.699822496599869
106  -5.96522318760764 0.752474752544641
107  -6.11746158364612 0.804384555643283
108  -6.27317808278406 0.854173841509472
109  -6.43432841587793 0.900186269763766
110  -6.60338986106246 0.940252830718265
111  -6.78322295757561 0.971241218755314
112  -6.98890643138293 0.988216905269438
113  -7.21443592980196 0.975873752589392
114  -7.43729334598341 0.911644807078823
115  -7.62609316904244 0.771916534499501
116  -7.74216813871053 0.508791399315342
117  -7.72111155433763 -0.380129710708083
118  -8.40650910661701 -0.473972322778879
119  -8.84984705510336 0.0679222207371969
120  -8.86228788533279 0.658845585971876
121  -8.64793926969904  1.11501199839486
122  -7.91764778689003  1.63470751691724
123  -7.03855453326547  1.76016952625638
124  -6.16024055326342  1.59839098913997
125  -5.31912571765417  1.28769795746394
126  -4.49103142331606 0.940072301192271
127  -3.64967608047627 0.611664001833841
128  -2.78243569833324 0.345814449407643
129  -1.89015554520425 0.170395320786862
130  -0.983102248353959 0.0940548026290641
131  -0.0453267186866225 0.690772489466114
132  0.859812982574953 0.726797916019116
133   1.76082516191636  0.81972519146403
134   2.65293018091754 0.993896582672891
135   3.53197705297808  1.24967229294187
136   4.40467255330125  1.56326391465607
137   5.29979070155134  1.88847506456608
138   6.30999384780002  2.15096875349672
139   7.38559592652226  2.19104897311945
140   8.42132304284481  1.82833978298633
141   9.08461846169532 0.944697575368634
142   9.08431193276315 0.199564805294775
143   8.69219092376024 -0.439161512751887
144   8.06896513282819 -0.861899293799264
145   7.42182086711292 -1.22258086275889
146   6.81983629091078 -1.86771826237974
147   6.65682712836914 -1.99196678077137
148   6.63959897108288 -2.00333623832887
149   6.62207498651894 -2.01461161011643
150   6.59404934603576 -2.03209641706628
151   6.55206026220187 -2.05718751761545
152   6.49596460531124 -2.08892906148939
153   6.42612210951046 -2.12605713291875
154   6.33681835849608  -2.1703463939792
155   6.22952382437394 -2.21980437283734
156   6.11224916916391 -2.27026639162167
157   5.98821541587638 -2.32052146151356
158   5.85932017278429 -2.37010604565211
159   5.72680086584243 -2.41880326940411
160   5.59146276318624 -2.46648130982644
161   5.45382320613557 -2.51303309048382
162   5.31421452213037 -2.55835653050176
163   5.17285467996812 -2.60235107753509
164   5.02989320889536 -2.64491992873034
165   4.88543977018943 -2.68597349532106
166    4.7395813942689 -2.72543242879259
167   4.59239263932212 -2.76322972197023
168   4.44394143721432 -2.79931188277886
169   4.29429234211724 -2.83363934621061
170   4.14350822570012  -2.8661863219957
171   3.99165105327367  -2.8969402541048
172   3.83878212905637 -2.92590103046443
173   3.68496204928013 -2.95308004298565
174    3.5302505093326  -2.9784991653741
175    3.3747060529076 -3.00218969100623
176   3.21838581437503 -3.02419125525088
177   3.06134528267034 -3.04455075496545
178   2.90363810109535 -3.06332127118104
179   2.74531590926579 -3.08056099788067
180   2.58642822882761 -3.09633217908218
181   2.42702239202929 -3.11070005718096
182   2.26714351085742 -3.12373183692643
183   2.10683448367432 -3.13549567094404
184   1.94613603584089 -3.14605967399411
185   1.78508679052592  -3.1554909739587
186   1.62372336573908 -3.16385480777645
187   1.46208049356823  -3.1712136702162
188   1.30019115766089 -3.17762652258574
189   1.13808674516872 -3.18314806735218
190  0.975797209673123 -3.18782809336321
191  0.813351242013313 -3.19171089505634
192  0.650776446421467  -3.1948347678498
193  0.488099519897605 -3.19723158091322
194  0.325346433293604 -3.19892642776649
195  0.162542613083675 -3.19993735466289
196  -0.000286876755197674 -3.20027516646136
197  -0.163117152971724 -3.19994330964419
198  -0.325923331348065 -3.19893783223952
199  -0.488680344931086 -3.19724742060436
200  -0.651362762034238 -3.19485351325138
201  -0.813944603989386 -3.19173049209803
202  -0.976399162883035 -3.18784595161798
203  -1.13869881987647 -3.18316104632228
204  -1.30081486516413 -3.17763091674031
205  -1.46271732114199 -3.17120519356834
206  -1.62437477090501 -3.16382857888938
207  -1.78575419473177 -3.15544150235273
208  -1.94682081770844 -3.14598084898323
209  -2.10753797205826 -3.13538075395707
210  -2.26786697804993 -3.12357345835866
211  -2.42776704754519 -3.11049021877378
212  -2.58719521430756 -3.09606226273869
213  -2.74610629513885 -3.08022178169369
214  -2.90445288574144 -3.06290295327679
215  -3.06218539491399 -3.04404298555391
216  -3.21925212022268 -3.02358317702793
217  -3.37559936750969 -3.00146998778188
218  -3.53117161521811 -2.97765611852505
219  -3.68591172199387 -2.95210159508015
220  -3.83976117146277 -2.92477485523277
221  -3.99266034003402 -2.89565383190236
222  -4.14454875986485 -2.86472702011876
223  -4.29536532651239 -2.83199450398185
224  -4.44504836449388  -2.7974689023168
225  -4.59353540644223 -2.76117616705441
226  -4.74076245012814  -2.7231561362112
227  -4.88666231006893 -2.68346270536488
228   -5.0311614376192 -2.64216344361273
229  -5.17417417998366 -2.59933845744294
230  -5.31559278688844 -2.55507833447367
231  -5.45527043771007 -2.50948115849843
232  -5.59299308795524 -2.46264905279965
233  -5.72843418667072 -2.41468586261127
234  -5.86108493584879 -2.36570026086985
235  -5.99015266595561  -2.3158245223097
236  -6.11441890602744 -2.26527241250702
237  -6.23201930851375 -2.21449417243196
238  -6.33982839885333  -2.1646492675665
239  -6.43009445930891 -2.11975187251252
240  -6.50043528743552 -2.08224233936063
241   -6.5568563153846 -2.05021513225252
242  -6.59905317684288 -2.02491968697021
243  -6.62724929745592 -2.00727272201613
244  -6.64488575759051 -1.99588895757521
245  -6.66222163292058 -1.98441125954361
246  -6.82516073457842 -1.85988391892439
247  -7.42737846382374 -1.21456197591535
248  -8.07565640573499 -0.857697660415862
249  -8.70330713828283 -0.442792714070752
250  -9.10841706227836 0.187196522484161
251  -9.12795193993006 0.932002747490344
252  -8.48823733932172  1.83224245719392
253    -7.458821312225  2.21151271335163
254   -6.3825350961687  2.17296047966682
255  -5.37382767445555  1.89920191900951
256  -4.48427115588068  1.55796559352647
257   -3.6178982322611  1.22861556721282
258  -2.74275388949057 0.961919054833278
259  -1.85130393785801 0.786022440498201
260  -0.948783249810613 0.703528169755153
