// Id               X                Y
  1  -0.0786282025739209  10.1078744605362
  2   1.03450434488999  10.0469842517701
  3   2.09527931752718  9.74531384666142
  4   3.12861623280459  9.38212932712829
  5   4.10062553357416  8.85537627404311
  6   4.95650794955585  8.16083902046996
  7   5.63170858945187  7.30514758991135
  8    6.0742822270177  6.40871823994328
  9   6.51695106739732  5.49758575685239
 10   7.04959277936056  4.61307401308683
 11   7.63111639018518  3.75388693473056
 12   7.91148431093629   3.2135524115246
 13   8.07844663912105  2.61765395929973
 14   8.02676364215334   2.0319492724183
 15   7.72578126806631  1.58800990380032
 16   7.19174632937465  1.39448138180662
 17   7.05880342436434  1.39897854601646
 18   6.96540244911697  1.41348389093789
 19   6.87604626651937  1.43640422924236
 20   6.78689396355559  1.46857668795264
 21   6.69814182403762  1.51059552077869
 22   6.61077863628909  1.56278675511568
 23   6.52570797225025  1.62544679968228
 24   6.44362409247674  1.69903430590404
 25   6.36515195871421   1.7842276917314
 26   6.29100856870533  1.88188418261324
 27   6.22207971250599   1.9929932722772
 28   6.15937734118121  2.11878203507229
 29   6.10381406313209  2.26152051231782
 30   6.05362411859694  2.43708930042189
 31   6.01000233919355  2.68169441875967
 32   5.98863542922227  2.94054037054081
 33   5.98579111021545  3.20873917856866
 34   5.99635905970972  3.48374716119493
 35   6.01478449394505   3.7642505752348
 36   6.03553153455389  4.04959805408522
 37   6.05335712642948   4.3393873401826
 38   6.06348186162388  4.63316084468176
 39   6.06170238370922  4.93021231123195
 40   6.04446730010201  5.22950029152688
 41   6.00892260648006  5.52965060437748
 42   5.95292562449575  5.82902064855325
 43   5.87502748100084  6.12579606217945
 44   5.77442879780662  6.41809485928904
 45    5.6509166311907  6.70406322384385
 46   5.50479055946074  6.98195610318166
 47   5.33678338120875  7.25020105641965
 48   5.14797986265218  7.50744505467844
 49   4.93973695926976  7.75258324335671
 50   4.71361053248653  7.98476845285273
 51   4.47129529119649  8.20340146477866
 52   4.21458505402881   8.4081043423593
 53   3.94535802067602  8.59868190433776
 54   3.66558362660962  8.77507985350616
 55   3.37732712269123  8.93735331859359
 56   3.08268825337662  9.08566580373011
 57   2.78357696797272  9.22033070000842
 58   2.48134099560921  9.34184283835197
 59   2.17663129273207  9.45074651026682
 60   1.86990069670939  9.54731264141693
 61   1.56207106221475  9.63132740018886
 62   1.25471639785679  9.70218874803079
 63  0.949832204845421  9.75918114424649
 64  0.649426303836365  9.80177334557388
 65  0.354857513543641  9.82984869368867
 66  0.0657287235139112  9.84373505276689
 67  -0.221095131484105  9.84386087344849
 68  -0.510292874288242  9.83022507951446
 69  -0.804965403674449  9.80239918863193
 70  -1.10547624611319  9.76005732212996
 71  -1.41044643407433  9.70331645919444
 72  -1.71785917744795   9.6327037552583
 73  -2.02571998634766  9.54892476807096
 74  -2.33246566672702  9.45256534609447
 75  -2.63718762974841  9.34381979884601
 76  -2.93943108132479  9.22240255859746
 77  -3.23852151474626  9.08776636228599
 78  -3.53308510475914  8.93942136018011
 79  -3.82119853997263  8.77706079643934
 80  -4.10075955093444  8.60052851927726
 81  -4.36970536822311   8.4097789428282
 82  -4.62607143492139  8.20487890512288
 83  -4.86798680906203  7.98603887431656
 84  -5.09366815805391  7.75365389355763
 85  -5.30143523396077  7.50834084940307
 86  -5.48975087534706  7.25096380902282
 87  -5.65728077155666  6.98264256788587
 88  -5.80296597995355  6.70474227567521
 89  -5.92610162493994  6.41884422181732
 90  -6.02641688701365  6.12669899079062
 91  -6.10415286674404  5.83016297568567
 92  -6.16013477776558  5.53111871702474
 93   -6.1958329039241  5.23138103019293
 94  -6.21340445745339  4.93259632185646
 95  -6.21570840795491  4.63615125477064
 96  -6.20628844395285  4.34311546954883
 97   -6.1893231095448  4.05424711819884
 98  -6.16954212763418  3.77008704014417
 99  -6.15210004198477  3.49115771477316
100  -6.14238228097225  3.21827067564483
101  -6.14569581840712  2.95294950224258
102   -6.1667416686475   2.6980804877185
103  -6.20840557875984  2.45974272246311
104  -6.25188457491653  2.30093561355364
105  -6.30230557998873   2.1629840578946
106   -6.3592893839803  2.04032012006027
107  -6.42195695111088  1.93111910885063
108  -6.48946930291981  1.83416951403561
109  -6.56114420825238  1.74847607619448
110  -6.63639172943415  1.67322253244529
111  -6.71465167583771   1.6078873192064
112  -6.79512743548132  1.55208479817743
113  -6.87702513186599  1.50565082909646
114  -6.96017517216926  1.46781937837747
115  -7.04956437138373  1.43680765542165
116  -7.25701828355192  1.39939870254743
117  -7.85211885771937  1.56442921928106
118  -8.17161648894328  2.00098169382712
119  -8.23231554112325   2.6127464061853
120  -8.06517745914659  3.21063011630905
121  -7.78494312611145  3.75020123005068
122  -7.20242634695525  4.60861413188698
123  -6.66866993083757  5.49218991888553
124  -6.22567010619434  6.40275928977105
125   -5.7864285178641  7.29548769509007
126  -5.11634810101799  8.15431444787958
127  -4.26362473093362  8.85247084034269
128  -3.29373606475755  9.38264151123389
129   -2.2561663722605  9.74270051746104
130  -1.17231330197701  9.94640270905804
131  -0.0762751143533217  10.6875852847447
132   1.02509269362361  10.6254037316812
133    2.0921662146994  10.3315902150651
134   3.13789553164482  9.96399984675597
135   4.11877136882682  9.43921644417166
136   4.99699162741424  8.75053762491514
137   5.73264426655419  7.91120055980966
138   6.32304872321173  6.97441831398007
139   6.84420838403908    6.018428989415
140   7.40808958798957  5.10603018267954
141   7.98990519329137  4.21364904323738
142   8.31337175337813  3.60365444471581
143   8.51831724747568  2.94440915175306
144   8.52982494472443  2.25102970949931
145   8.41905845140025  1.56517644180312
146   8.60408481452485 0.915544049002885
147    8.8742409488145 -0.00776296501246626
148   8.74706649478755 -0.488785723371816
149   8.52692737857443 -0.825213980265953
150   8.26429009212616 -1.06843161378503
151   7.97870491006028 -1.24028137096546
152   7.67975629071955 -1.35253541383885
153   7.37325496315922 -1.41215431468369
154     7.063549716586 -1.42351144523561
155   6.75438097983154 -1.38947940953931
156    6.4491885016879 -1.31192741843813
157   6.15129150070087 -1.19194089007938
158   5.86413374051696 -1.03004118838633
159   5.59178052126074 -0.826829421748261
160   5.34351954237184 -0.588934579112658
161   5.13162675105992 -0.334164909727401
162   4.93839521031328 -0.0456662898288752
163   4.76816872673946 0.270813888174056
164   4.62380638705477  0.60682102095886
165   4.50579520332306 0.953098536723413
166   4.41236218564323  1.30101068618972
167   4.34004055779648  1.64340235119106
168   4.28439464378321  1.97495433577662
169   4.24071333912819  2.29217504497119
170   4.20455310173456   2.5931668429479
171   4.17207844875264  2.87728270389562
172   4.14020894761407  3.14476439823668
173   4.10662023821454  3.39642573045031
174    4.0696564347485  3.63341425175026
175   4.02820080246433  3.85705749437516
176    3.9815345273407  4.06878072029137
177   3.92919894474217  4.27007554851857
178   3.87086695005141  4.46250149106524
179    3.8062224720902  4.64771086246611
180   3.73484043757336  4.82749659528046
181   3.65605257621774  5.00386835339773
182   3.56877748273004   5.1791611982231
183   3.47129089184733  5.35616372697993
184   3.36092901677185  5.53819360134028
185   3.23379484773388   5.7288948829194
186   3.08474695945384  5.93124969367015
187   2.90826466328534    6.145201215165
188   2.70056731668436  6.36465475908454
189   2.46157253857125  6.57769016074429
190   2.19415947451388  6.77203620327484
191   1.90156033158946  6.94004971779512
192   1.58586125640267  7.07887807472377
193   1.24813356017578  7.18837247766076
194  0.889296482215542  7.26940315504168
195  0.511382665580017  7.32294385319742
196  0.119239815380497  7.34962398674894
197  -0.278291462103143  7.34965052830077
198  -0.670240086768724  7.32299538460114
199    -1.047809706852  7.26940488856969
200  -1.40619829560542  7.18822691566114
201  -1.74340135279388   7.0784940776953
202  -2.05851015407147  6.93937407981061
203  -2.35044593028077  6.77109632426374
204  -2.61710254206211  6.57665167794162
205  -2.85524957817216  6.36384492263926
206    -3.062084342425   6.1449908094424
207  -3.23782079756378  5.93184129606294
208  -3.38632718595278  5.73025845145842
209  -3.51313010205538  5.54016540446321
210  -3.62333363855424   5.3585475741893
211  -3.72079177911462  5.18177344274389
212  -3.80813349715869  5.00654718295694
213  -3.88705743989982  4.83009896427964
214  -3.95862611493505  4.65010773825335
215  -4.02349330450782  4.46457459828661
216  -4.08207259346736  4.27171598459725
217  -4.13467087823284  4.06988911433937
218  -4.18160810895399  3.85754549668228
219  -4.22333767490802  3.63320757951195
220  -4.26057492256291  3.39546949712478
221  -4.29443495860553  3.14303172956756
222   -4.3265740288278  2.87478739102932
223  -4.35931899483497   2.5899799010127
224    -4.395755010293  2.28844384449158
225  -4.43972501079747  1.97092213691661
226   -4.4956854091982  1.63942625425837
227  -4.56837322635654  1.29757704071376
228  -4.66227749231175 0.950834439931972
229  -4.78096514997471 0.606493718299266
230  -4.92637702247942 0.273293658337331
231  -5.09829166011507 -0.0395182636438966
232   -5.2942984732474 -0.32371297101166
233  -5.51108633049081 -0.574224441545186
234  -5.77034666281465 -0.809132921499247
235  -6.05074035904518 -1.00250309214069
236  -6.34675852054208 -1.15171522437366
237  -6.65436276138407 -1.25566750652833
238  -6.96978895777691 -1.31293572209027
239  -7.28918751349628 -1.32133663486881
240  -7.60837657992903 -1.27765801591632
241   -7.9224765716891 -1.17717830564451
242  -8.22501236581797 -1.01263354065153
243  -8.50556943618748 -0.772058685166231
244  -8.74351355247121 -0.433753320615684
245  -8.88748729190404 0.0511013809996276
246  -8.68998230443176  0.91186039123666
247  -8.54489978226015  1.56465109021092
248  -8.66949934301432  2.24797545402715
249  -8.66873742705163  2.94127391286306
250  -8.46712575307032  3.60109047726941
251  -8.14396082236037  4.21065441464959
252  -7.56143875685319  5.10111271162113
253  -6.99754006834946  6.01190264366147
254  -6.47773576053527   6.9669565637398
255  -5.88792648601775  7.90239333986017
256  -5.15715343740273  8.74538957714367
257  -4.28161318517303  9.43678647486378
258  -3.30284161629847  9.96478328848053
259  -2.25481206028954  10.3239972534125
260  -1.17057836172174  10.5340077657486
