// Id               X                Y
  1  -0.0721635633340455 0.0697255302969943
  2   0.92769468959209 0.0576516186214161
  3   1.86013137889404 0.0334642199844634
  4   2.79767191479867 0.0858078663905672
  5   3.71021740901857 0.304708771914994
  6    4.5604189109324  0.69139476431487
  7   5.33826752536901  1.19099517066013
  8   6.08128592443817  1.72121602029418
  9    6.8622839099088   2.1814585339423
 10   7.73479641903907   2.3951275526167
 11   8.60291854073458  2.16280506240132
 12   8.95222718626436  1.80173981877294
 13   9.12381378905633  1.32284805000833
 14   9.06280135855402 0.823103561122524
 15    8.7659625555721 0.423591764081381
 16   8.05566166398069 0.218689944764329
 17   7.00264685653174 0.314297550537657
 18   6.68897885098419 0.318335546332541
 19   6.67892951320837 0.318168765426774
 20   6.64232574235287 0.317404504654526
 21   6.51699757025919 0.312885365515481
 22   6.35414349024969  0.30245296393888
 23    6.2161305201678 0.289561701943026
 24   6.09036139292105 0.274674932307902
 25   5.96599347218134 0.257173245324514
 26   5.83930324071756 0.236735109700502
 27   5.70856153742265 0.213194125771992
 28   5.57346391120561 0.186650326998688
 29   5.43445480287626  0.15745556665221
 30   5.29228393967908 0.126151698741883
 31   5.14776129127544 0.0933948668069115
 32   5.00162891760437 0.0598810828306615
 33   4.85450217909152 0.0262843157532548
 34    4.7068512063461 -0.00678712099907247
 35   4.55900644219294 -0.0388148200435023
 36   4.41117959209507 -0.0693777095796804
 37   4.26349504369781 -0.0981473316723087
 38   4.11602271888452 -0.12487726749195
 39   3.96876881748533 -0.14939737138496
 40   3.82162248557465 -0.171611028852794
 41   3.67443136121041 -0.191469759443112
 42   3.52707471652758 -0.208955472633931
 43   3.37947018421838 -0.224077160506159
 44   3.23156963204957 -0.236870084967002
 45   3.08335537748365 -0.247395202278975
 46   2.93483640118881 -0.255738576788585
 47   2.78604422740394 -0.26201054645712
 48   2.63702904594542 -0.266344409206638
 49   2.48785589667001 -0.268894535247512
 50   2.33860020809849 -0.269833856366509
 51   2.18934397330784 -0.269350711945751
 52   2.04017355989027 -0.267645190379333
 53   1.89117665073511 -0.264925108069196
 54    1.7424392418268 -0.261401740395769
 55   1.59404683422715 -0.257285598903838
 56   1.44608447500203 -0.252782324652375
 57   1.29863241140009 -0.248088650262077
 58   1.15176847880349 -0.243388891045275
 59   1.00556388056284 -0.238851666972362
 60  0.860068614245457 -0.234626868327609
 61  0.715302586133205 -0.23084361859021
 62  0.571248984031964 -0.227609224403849
 63  0.427828212538923 -0.22500871913595
 64  0.284920346607977 -0.223106345167302
 65  0.142370818144714 -0.221946770347465
 66  -9.38156279093642e-08 -0.221556302429421
 67  -0.142370909000809 -0.221943680649975
 68  -0.284920354641319 -0.223100152615136
 69  -0.427828162744354 -0.224999404202715
 70  -0.571248837446841 -0.227596771400688
 71  -0.715302507348307 -0.230828038560268
 72  -0.860068643812545 -0.234608215984252
 73  -1.00556395374811 -0.238830068241634
 74  -1.15176861215035 -0.243364581177259
 75   -1.2986325058331 -0.248062004276624
 76  -1.44608437847581 -0.25275389735346
 77  -1.59404646726809 -0.257256166981785
 78  -1.74243849943374 -0.261372334537381
 79  -1.89117543400969 -0.264897043804373
 80  -2.04017187475351 -0.267620090998146
 81   -2.1893419265059 -0.26933051551751
 82  -2.33859802943245 -0.269820807160624
 83  -2.48785401004359 -0.268891155256393
 84   -2.6370281037137 -0.266353445865082
 85  -2.78604512424366 -0.262034895862428
 86  -2.93484029395069 -0.255781181407839
 87  -3.08336368666312 -0.247458923670487
 88   -3.2315840107886 -0.236957553936094
 89  -3.37949246190202 -0.224190607119915
 90  -3.52710681263227 -0.209096539163342
 91   -3.6744751637896 -0.191639299436482
 92  -3.82167969087023 -0.171808895058989
 93  -3.96884073454024 -0.149622193188735
 94  -4.11611003616531 -0.125126215475454
 95  -4.26359755371431 -0.0984158603022366
 96  -4.41129586238658 -0.0696593017842268
 97  -4.55913351436326 -0.0391007692962566
 98  -4.70698435084112 -0.00706636154590447
 99  -4.85463472336003 0.0260252973737659
100  -5.00175218116309 0.0596581993506737
101  -5.14786462454553 0.0932261732692871
102  -5.29235484348404   0.1260568656409
103  -5.43447909734575 0.157455070338811
104  -5.57342598998143 0.186764452608465
105  -5.70844499506944 0.213442058448979
106  -5.83909250821691 0.237134589411327
107  -5.96567764642919 0.257741482357771
108  -6.08994111481136  0.27543141196299
109  -6.21562468460288 0.290532269742291
110  -6.35358315981856 0.303682982975079
111  -6.51633169990711 0.314440196634589
112  -6.64134874055781 0.319214461441358
113   -6.6773894534098 0.320046679296796
114  -6.68699717615413 0.320228449132796
115  -6.99922521144897 0.316972165634271
116  -8.05160442212664 0.222937845101214
117  -8.76253732946795  0.42509738585102
118  -9.06305400420273 0.820510831078963
119   -9.1320016403721  1.31810963635685
120  -8.96919988868223  1.80013411244687
121  -8.62643937913164   2.1678872398975
122  -7.76268437355743   2.4135964642934
123  -6.89052533927839  2.20554542701978
124  -6.11433887583646  1.74388026682021
125  -5.38143419907008  1.20857559225165
126   -4.6176193521393 0.703246128432945
127  -3.78416076348913 0.310807150121831
128  -2.89009653219842 0.0855635489622165
129  -1.97103403278346 0.0243044862606459
130   -1.0171531510125 0.0127308048368564
131  -0.0112051760608016 0.647815679779439
132  0.897399674850029 0.644592886393729
133   1.80725940193269 0.635795022492299
134   2.71434669892666 0.697289494492574
135   3.59757845758499 0.912665501402436
136   4.42807621654828   1.2959779581394
137   5.20869340075103  1.79665681608347
138    5.9988630078176  2.33239778501235
139   6.93020325906675  2.79564987713466
140   7.98484356223173  2.95191884306792
141   8.97966838213612  2.57302249760173
142   9.39318584283871  2.08723716963974
143   9.59500848015404  1.50043766194854
144   9.60554567683555 0.862604468759729
145   9.52939927799256 0.310704952022209
146   9.45667101876626 -0.205711371723346
147   9.37226083366302 -0.54764939828135
148   9.26167039955749 -0.835980920773249
149   9.07819165607055 -1.17277651132386
150   8.86712459079944 -1.45679927427284
151   8.67805296174288 -1.65805070319225
152    8.5088987197631 -1.80936015204851
153   8.32817600280987 -1.94844920400266
154   8.14012069478346 -2.07375905157907
155     7.950928501266 -2.18386892416149
156   7.76326142909817 -2.28029902199263
157   7.57859494891803 -2.36503674528114
158   7.39724058868708 -2.44021544804439
159   7.21874523142513 -2.50781027370931
160    7.0422629804025 -2.56950016309088
161   6.86681319273616 -2.62664124811804
162   6.69144346506976 -2.68028902859246
163   6.51532207084192 -2.73123658083421
164   6.33778199266956 -2.78005395078408
165   6.15833175889637 -2.82712404397696
166   5.97664294051291 -2.87267488140413
167   5.79252132156082 -2.91680942279087
168   5.60587296195271 -2.95953269752665
169   5.41670965384153  -3.0007684394191
170   5.22519653084868 -3.04036854937685
171   5.03157380520294 -3.07815085930724
172   4.83608200299397 -3.11393139773017
173   4.63895268701031 -3.14753960137827
174   4.44040974756673  -3.1788292495487
175   4.24066993520211 -3.20768707209852
176   4.03994269817916 -3.23403874632826
177   3.83842951585347 -3.25785222943052
178   3.63632218060018 -3.27913864059707
179   3.43380035088443  -3.2979508945897
180   3.23102933338486 -3.31438035189264
181   3.02815719004383 -3.32855200022979
182   2.82531056684912 -3.34061859455361
183   2.62259205684918 -3.35075398506169
184   2.42007850404659 -3.35914617627197
185   2.21781637737006 -3.36599064003842
186   2.01581956259776 -3.37148391098256
187   1.81407279778568 -3.37581777103435
188   1.61252966863438 -3.37917451437104
189    1.4111181997225 -3.38172300818252
190   1.20975764893017 -3.38361570198186
191   1.00837038937779 -3.38498671217945
192  0.806892037397435 -3.38595061586953
193  0.605301300360788 -3.38660167846308
194  0.403601574993514 -3.38701358640511
195  0.201819227707631 -3.38723914922398
196  -1.96084795743093e-06 -3.38731012006194
197  -0.201823262536714 -3.38723708885392
198  -0.403605735705862 -3.38700942544255
199  -0.605305570766295 -3.38659534190263
200  -0.806896436276702 -3.38594200387447
201  -1.00837469420423 -3.38497571631233
202  -1.20976171618255 -3.38360222433612
203  -1.41112194278497 -3.38170698525707
204  -1.61253287423792 -3.37915594806382
205  -1.81407533080318  -3.3757967604764
206  -2.01582132078828 -3.37146069031171
207  -2.21781719416129 -3.36596562216617
208   -2.4200782835285 -3.35911999348925
209  -2.62259079059078 -3.35072753064616
210  -2.82530829412135 -3.34059306408125
211  -3.02815406588176 -3.32852892189681
212  -3.23102567260124 -3.31436160548196
213  -3.43379662015505 -3.29793871791291
214  -3.63631901522591  -3.2791356143355
215  -3.83842773693922 -3.25786123635034
216  -4.03994329619406 -3.23406290411599
217  -4.24067403626425 -3.20772963586651
218  -4.44041857001152  -3.1788934811713
219  -4.63896747718155 -3.14762860680832
220  -4.83610395263693 -3.11404793431403
221  -5.03160395643401 -3.07829711718092
222  -5.22523567481272 -3.04054591391529
223   -5.4167582236533  -3.0009772461346
224  -5.60593092796187 -2.95977199470746
225  -5.79258809875438 -2.91707676649952
226  -5.97671732849378 -2.87296616320541
227  -6.15841183882919 -2.82743334139962
228  -6.33786494878579  -2.7803734079548
229  -6.51540390798844  -2.7315563127812
230  -6.69151856905654  -2.6805970293878
231  -6.86687370586801 -2.62692327005667
232  -7.04229797776222 -2.56973953600359
233  -7.21873969697194 -2.50798765322819
234  -7.39717415644639 -2.44030855088573
235  -7.57844022010656 -2.36502032437993
236  -7.76298154564134 -2.28014570355146
237  -7.95047355590489 -2.18355222046349
238  -8.13942347357382 -2.07326034085606
239  -8.32715092307475 -1.94776836016831
240  -8.50745007184008 -1.80853311749501
241  -8.67612510714856 -1.65711988713873
242  -8.86474183021392 -1.45561274890073
243  -9.07538569816897 -1.17101772313009
244  -9.25837195903417 -0.833651875970807
245  -9.36856259334714 -0.545197463852284
246  -9.45253427530747 -0.204751674544225
247  -9.52603097468179 0.311800047204852
248  -9.60506349634136 0.867194369043508
249  -9.59804476951482  1.51255279751738
250  -9.39991462384353  2.10050044313386
251  -8.99235709299823  2.58708928307654
252  -8.00225410329375  2.97373498309488
253   -6.9482285709227  2.82034996071864
254  -6.01828050108197  2.35272248906263
255  -5.23169570468962  1.80934956678529
256   -4.4551854570734  1.30042397049463
257  -3.62700855816646 0.908901755357356
258  -2.74347617191393 0.683588522930305
259  -1.83309924607149 0.607464301476177
260  -0.920641776505531 0.614360535535918
