// Id               X                Y
  1  -0.188245640486597  14.2750039924762
  2  0.879526126438229  14.1823409632413
  3   1.92682303961758  13.9631611960472
  4   2.92748752796748  13.5531966315449
  5   3.81858598268725  12.9508087461853
  6   4.53725442369037  12.1841976987358
  7   5.03887539780194  11.3140582018939
  8   5.50967336228227  10.4476756720244
  9   6.02260798172743  9.63484614740044
 10   6.56899018184741  8.84563203397806
 11   7.07259842577491   7.9313766821953
 12   7.15797442881758  7.37026021777324
 13   7.03287991234296  6.83260161799466
 14   6.66802010506471  6.43413901801929
 15     6.155189823689  6.31825458092169
 16   5.63213593740032  6.55122998254406
 17   5.47024875493001  6.70946017110858
 18   5.36798533544031  6.84620863736508
 19   5.28470185152892  6.99100080881287
 20   5.21720839965246  7.14327462871012
 21   5.16438716316969  7.30173936029743
 22   5.12438708451832  7.46468446628696
 23   5.09622305172154  7.63087343356272
 24   5.07783188212983  7.79921248536037
 25   5.06799750957808  7.96912226309227
 26   5.06475940566647  8.14028919397176
 27   5.06682446877501  8.31267993934186
 28   5.07250612209438  8.48642593958106
 29   5.08050788803992  8.66176527584203
 30   5.08936910815287  8.83902367860211
 31    5.0978077619825  9.01860112760943
 32   5.10448747221463  9.20104425339111
 33    5.1081151004847  9.38732408997623
 34   5.10723335099719  9.58220924846028
 35   5.09951125975111  9.79478645238945
 36   5.08308513697983  10.0109042116851
 37    5.0565131765938  10.2289953519879
 38   5.01860373090867  10.4479214997463
 39   4.96842335636653  10.6666043104269
 40   4.90530434448665  10.8839552659037
 41   4.82884485647219  11.0988754944739
 42   4.73889920220812  11.3102790383542
 43   4.63555828284031  11.5171232107623
 44   4.51912153820143  11.7184380285016
 45   4.39006278029487  11.9133502646894
 46   4.24899282359083  12.1010998653822
 47   4.09662185980826  12.2810481116968
 48    3.9337241317425  12.4526781162707
 49   3.76110678987144  12.6155890210228
 50   3.57958404096978  12.7694856316762
 51   3.38995697137793  12.9141652533633
 52   3.19299884829529  13.0495032847593
 53   2.98944531196908  13.1754387952132
 54    2.7799886642804  13.2919609425377
 55   2.56527540055279  13.3990967519065
 56   2.34590617602478  13.4969005026032
 57   2.12243750285561  13.5854447695575
 58   1.89538460311091  13.6648130358216
 59   1.66522497408548   13.735093717863
 60   1.43240234059901  13.7963754130642
 61   1.19733076812644  13.8487431745031
 62  0.960398789404527  13.8922756309318
 63  0.721973457005668  13.9270427917737
 64  0.482404278164414  13.9531044025188
 65  0.242027019118914  13.9705087417998
 66  0.00116738742024419  13.9792917759472
 67  -0.239855385377421  13.9794766092572
 68  -0.480725029518497  13.9710731885593
 69  -0.721124755327102   13.954078239363
 70  -0.960733766014885  13.9284754285056
 71  -1.19922372767708  13.8942357655907
 72  -1.43625516238907  13.8513182733414
 73  -1.67147373676046   13.799670976015
 74  -1.90450642900166  13.7392322757922
 75   -2.1349575741054  13.6699328098306
 76  -2.36240481130632  13.5916979052355
 77  -2.58639499325428  13.5044507745246
 78  -2.80644016541594  13.4081166180222
 79  -3.02201379023055  13.3026278180512
 80  -3.23254747595368  13.1879304165677
 81  -3.43742857556184  13.0639920540157
 82  -3.63599914363083  12.9308115008386
 83  -3.82755686998229  12.7884298202977
 84  -4.01135873101433  12.6369430478971
 85  -4.18662818557374  12.4765160485907
 86  -4.35256675409249   12.307396917895
 87  -4.50837071263089  12.1299309450313
 88   -4.6532533644451  11.9445727992274
 89  -4.78647289434192  11.7518953086228
 90   -4.9073651742119  11.5525930758859
 91  -5.01538013252966  11.3474793288708
 92  -5.11011954530372  11.1374749401342
 93  -5.19137351521034  10.9235895353069
 94  -5.25915265352901  10.7068960956491
 95  -5.31371320105995  10.4885025848984
 96  -5.35557308002045  10.2695275519969
 97  -5.38551818159599  10.0510942119115
 98  -5.40460036070717  9.83438269811361
 99  -5.41413436035249  9.62091779312412
100  -5.41577022188933  9.41654181333694
101   -5.4118982859954  9.22947838543033
102  -5.40416260091962  9.04646048015691
103  -5.39383234000496  8.86638830113631
104   -5.3821679004204  8.68866219163391
105  -5.37045538617115  8.51282511211108
106  -5.36002573580495  8.33848733807319
107  -5.35227103716831  8.16532494369226
108  -5.34865891609089  7.99311676170807
109  -5.35074002869142  7.82180945097886
110  -5.36013944218033  7.65159420922271
111  -5.37852577580614  7.48295858683322
112  -5.40757139081385  7.31666331267768
113  -5.44895579431828  7.15360407744979
114   -5.5045470822066  6.99448160248712
115  -5.57740375068803  6.83858134250182
116  -5.69927407025858  6.64869971374306
117  -6.20912907308821  6.25334882825211
118  -6.73661291212491  6.25999181972944
119   -7.1692718284729  6.57786032514386
120  -7.37880413204144  7.08450577348631
121  -7.36141181837778  7.65494148191907
122  -6.91464797381487  8.60439518058829
123  -6.38686088275633  9.41111685878788
124  -5.88156596699897  10.2328863210518
125  -5.41424468389263  11.1244089620818
126  -4.94865432295291  12.0042783195679
127  -4.24255295015782  12.8281215849629
128  -3.34984039683196  13.4640506271859
129   -2.3449191216669  13.8911878894718
130  -1.27590927982468   14.119771554522
131  -0.275027638563287  14.8450321165364
132  0.825790564144491  14.7637803469206
133   1.90958554364443  14.5428836261819
134   2.94088236782684  14.1352345304545
135   3.87766904122284   13.536026260845
136   4.68347142732142  12.7682312027941
137   5.32110729036808  11.8581729460223
138   5.89897988942196  10.9167198087224
139   6.49726275913094  9.99206232766196
140   7.10995639516202  9.07807313772544
141   7.54114747125435  8.06625190104102
142    7.6962070402696  7.38447797311798
143   7.55540230178289  6.70140353703076
144   7.13487518461285  6.14375143292553
145   6.55553882000318  5.75549182972777
146   6.50968298825509  5.05936089305529
147   6.25769353853496  4.54709566901257
148   5.92278994285034  4.37215228615177
149   5.58683102155446  4.31966734770799
150   5.26264192286602  4.33569610040741
151   4.95480330948532  4.40066707436233
152   4.66576260007643  4.50600065026229
153   4.39733830011528  4.64691896435252
154   4.15096401630954  4.81939564887958
155   3.92755821166972   5.0190040498055
156   3.72736994946225  5.24080297955058
157   3.54995706543612  5.47968428304543
158   3.39427990484563  5.73079308074494
159   3.25885891986447  5.98981611840318
160   3.14193027196085  6.25310406040715
161   3.04158184312877  6.51766181057283
162    2.9558692777792  6.78103402633288
163   2.88294668256821  7.04097748522045
164   2.82176536415584  7.29259694209294
165   2.77170647875196  7.52640611053313
166   2.72697252333876  7.75085302628993
167   2.68491191159456  7.96553219653807
168   2.64340244835882  8.17000173272917
169     2.600770876502  8.36400737707998
170   2.55574269573333  8.54749833305363
171   2.50738610213886  8.72060077297705
172   2.45505161517626  8.88358172968858
173   2.39831239270182  9.03681238675317
174   2.33690947743224  9.18073338374918
175   2.27070492516025  9.31582304020338
176   2.19964446328752  9.44256919939649
177   2.12373007570998  9.56144550619361
178   2.04300179394042  9.67289287439813
179   1.95752713727031  9.77730656340215
180   1.86739619743243  9.87502877418299
181   1.77272031961939  9.96634616301555
182   1.67363260720145  10.0514912991573
183   1.57028893264499  10.1306469255175
184   1.46286863187446  10.2039519095213
185   1.35157449071087  10.2715079386639
186   1.23663194739244  10.3333862509325
187    1.1182876257344  10.3896339332133
188  0.996807398592798  10.4402795306876
189  0.872474192314222  10.4853378683904
190  0.745585711182046  10.5248140904855
191  0.616452211513829  10.5587069812505
192  0.485394404633884  10.5870116560882
193  0.352741525429298  10.6097217130015
194  0.218829571915882  10.6268309247091
195  0.0839997009502587  10.6383345360673
196  -0.0514032461466085  10.6442302151815
197  -0.187032119431856  10.6445186919247
198  -0.322538770515868  10.6392041053841
199  -0.457575329840124  10.6282940718518
200  -0.591795483529952  10.6117994765731
201  -0.724855782435131  10.5897339844739
202  -0.856417016429944  10.5621132563203
203  -0.986145686943145  10.5289538462097
204  -1.11371560842136  10.4902717433261
205  -1.23880966275307  10.4460805056417
206  -1.36112171694723  10.3963889169818
207  -1.48035869100585  10.3411980845975
208  -1.59624272834931  10.2804978873485
209   -1.7085133760818  10.2142626927382
210  -1.81692963178766  10.1424462948933
211  -1.92127166877084  10.0649760972123
212  -2.02134203214337  9.98174668379337
213  -2.11696613160606  9.89261309819291
214  -2.20799197582392  9.79738436995748
215  -2.29428932753174  9.69581807368133
216   -2.3757488207786   9.5876169250552
217  -2.45228205141593  9.47242854810147
218  -2.52382416100158  9.34984951886847
219  -2.59034086576724  9.21943455833377
220  -2.65184209062671   9.0807113218629
221  -2.70840422294963  8.93320070079366
222  -2.76020243925473  8.77644206084359
223  -2.80755361533887  8.61002253043065
224  -2.85096911608806  8.43360931946279
225  -2.89121538503311  8.24698376494766
226  -2.92937879330071  8.05007435581087
227  -2.96693001212754    7.842980563712
228  -3.00578475347805  7.62595917561765
229   -3.0483816378068  7.39923907921363
230   -3.0984518282245  7.16003757866789
231  -3.16063276176529  6.90485366205862
232  -3.23455616162617  6.64551946155321
233  -3.32222101557224   6.3841872432133
234  -3.42586956890945  6.12318704762361
235  -3.54785870177507  5.86543366112662
236  -3.69053354717269  5.61454562762323
237  -3.85606310724881  5.37481690234783
238  -4.04624350617039  5.15103051878074
239  -4.26231482954143  4.94813577798428
240  -4.50486865057738  4.77094190939258
241  -4.77390575236467  4.62416922924035
242  -5.06901289129507  4.51341032764523
243  -5.38943870297035  4.44790207868161
244   -5.7334527719278  4.44727873655355
245   -6.0949136290786   4.5624886344254
246  -6.42670664111902  4.98731634676907
247  -6.56951923164128  5.66465240270145
248  -7.20608831311007  5.95189984447949
249  -7.69703003588772  6.45002476293201
250  -7.91740546106484  7.11170408659063
251  -7.81832115127854  7.80247951566266
252  -7.45389423057066  8.83865659113099
253  -6.86282172562228  9.76490942284537
254  -6.27724235577563  10.6958867360928
255  -5.72697701816585  11.6515690214562
256  -5.12222446874116  12.5814014674563
257  -4.36819947654777  13.3965417328213
258   -3.4616212099767   14.032120359923
259  -2.44445112525919  14.4602033281772
260  -1.36880800880748  14.6994144338632
