// Id               X                Y
  1  -0.0756902656986165 -0.0546306434778022
  2  0.891345776005561 -0.0752841063381904
  3   1.80599142340133 0.0526962609916038
  4   2.66603118313515 0.364991609707273
  5   3.46138758590076 0.793161840161164
  6   4.21790166884433  1.26346825989834
  7   4.97273799160754  1.71610200896538
  8   5.75953229456493  2.09308146827907
  9   6.59501595184152  2.33320259282395
 10   7.46265802730346  2.36219741885467
 11   8.30691564496098  2.12376461362169
 12   8.69417081243079  1.83054004052602
 13   8.96614806812332   1.3985255079573
 14   8.98470424792048 0.863600841049997
 15    8.6570128094308 0.463120446313547
 16   7.94037865089738 0.560087573956122
 17   7.11850454087092  0.81288953379782
 18   6.99103978115714 0.801502815111535
 19   6.80458446772836  0.76107841283905
 20   6.62537307879477  0.69611831873404
 21   6.46252905819221 0.615990443652668
 22   6.31647310675883 0.529011199890906
 23    6.1868382940809 0.442478162986723
 24   6.06073201258607 0.352891061154731
 25   5.93422013320954 0.261038104161408
 26   5.80739663196695 0.170265940112971
 27   5.67899609802438 0.0824343085695224
 28   5.54798516917436 -0.00100579442792925
 29   5.41374680358832 -0.0788781211374674
 30   5.27607183358115 -0.150278577594085
 31   5.13508801611526 -0.214597221268794
 32   4.99115654172684 -0.271530804360515
 33    4.8447634573327 -0.321067565423907
 34   4.69642472810534 -0.363443830284094
 35   4.54662206332419 -0.399080598705832
 36   4.39577745662128 -0.428513777206512
 37   4.24426912310463 -0.452330519760022
 38    4.0924706207181 -0.471122194693634
 39   3.94066907918758 -0.485466255412825
 40   3.78884794038468 -0.495913013273715
 41   3.63691689210633 -0.502940735250087
 42    3.4848876368962 -0.506954034773477
 43   3.33283586948528 -0.50830384809315
 44   3.18086282559467 -0.507301802846936
 45   3.02907718292893 -0.504230803805225
 46   2.87758656697451 -0.499353668149156
 47   2.72649268362538 -0.492919982123072
 48   2.57588961886808 -0.485171072635858
 49    2.4258633493753 -0.476343036755775
 50   2.27648955936951 -0.466667796530284
 51   2.12783297763838 -0.456372669376399
 52   1.97995025082788 -0.445679104930079
 53   1.83288939020418 -0.434800552574458
 54   1.68668801456763 -0.423939957617029
 55   1.54137914546921 -0.413287879666475
 56   1.39699263132858 -0.403020522613395
 57   1.25354784810201 -0.393297504089066
 58   1.11105924738209 -0.38426101967235
 59   0.96953274997161 -0.376034813444725
 60  0.828946571768105 -0.368722923318038
 61  0.689250899219987 -0.362410422130492
 62  0.550366898155254 -0.357164619555218
 63   0.41216129200349 -0.353036008994266
 64  0.274479976239163 -0.350061728311923
 65   0.13715438763019 -0.348267174950156
 66  -1.6513026306252e-07 -0.347667168462561
 67  -0.137154466646267 -0.348266731181386
 68  -0.274479788471942 -0.350060842457905
 69  -0.41216083428373 -0.353034689185659
 70  -0.550366000512206 -0.357162874931989
 71  -0.689249898739398 -0.362408286074747
 72  -0.828945561824454 -0.368720432004712
 73  -0.969531662227799 -0.376032002912801
 74  -1.11105832658653 -0.384257950674877
 75  -1.25354709549471 -0.393294231625862
 76   -1.3969919592135 -0.403017101322078
 77  -1.54137870927722 -0.413284386745189
 78  -1.68668786034061 -0.423936468624569
 79  -1.83288948102299 -0.434797141976805
 80  -1.97995069409101 -0.445675862813577
 81  -2.12783387637173 -0.456369689845459
 82  -2.27649094597242 -0.466665172411946
 83   -2.4258653041941 -0.476340867499006
 84  -2.57589225831102 -0.485169461712518
 85  -2.72649609769697 -0.492919031220243
 86  -2.87759083974659 -0.49935347614574
 87   -3.0290824092036 -0.504231463816766
 88  -3.18086908285018 -0.507303396355844
 89  -3.33284319749754 -0.508306439528956
 90   -3.4848960317189 -0.506957666586277
 91  -3.63692630194776 -0.502945423435512
 92  -3.78885827160077 -0.495918743760324
 93  -3.94068023703632 -0.485472979306038
 94  -4.09248259370152 -0.471129816621805
 95  -4.24428204027149 -0.452338878459944
 96   -4.3957914440652 -0.428522650478699
 97  -4.54663716450115 -0.399089724224252
 98  -4.69644089175265 -0.363452933656767
 99  -4.84478051160851 -0.321076407108192
100  -4.99117420599363 -0.271539233891225
101  -5.13510592577589 -0.214605238221789
102  -5.27608960997704 -0.150286376138754
103  -5.41376409278548 -0.0788861361413849
104  -5.54800168693409 -0.0010147272530751
105  -5.67901162448244 0.0824234621856804
106  -5.80741100357799 0.170251894726302
107  -5.93423312530781 0.261019265649843
108  -6.06074301482605 0.352865436858295
109  -6.18684370944466 0.442441906551466
110  -6.31646926965918 0.528961267529835
111   -6.4625079384532 0.615922378085288
112  -6.62533029342615 0.696033401753161
113  -6.80451737665428 0.760981990757147
114  -6.99095597625494 0.801404145153578
115  -7.11841368310652 0.812792985521008
116   -7.9403008277867 0.560021223201398
117  -8.65693801755535 0.463090091375348
118  -8.98460864108907 0.863575961446791
119  -8.96604528484888   1.3984832354759
120  -8.69407719780626  1.83048998430331
121   -8.3068404811869  2.12371588051841
122  -7.46262744429176  2.36216938284966
123  -6.59508029446578  2.33319107275938
124  -5.75981175847052  2.09325302893143
125  -4.97337588683822  1.71715554049697
126  -4.21973602251631  1.26650109443469
127  -3.46879481163572 0.797342332940398
128   -2.6897652733734 0.364167838860052
129  -1.85870522482291 0.0380566112004124
130  -0.978673498733713 -0.101485410047525
131  0.0107302496796424 0.510509082835974
132  0.884530660783672  0.52418667368863
133   1.74812102984112 0.667910359052929
134   2.57276993629614 0.978124155705121
135   3.35396619612239  1.40475086748752
136   4.12175265768736  1.87713540672752
137   4.91610814124069  2.33424741514918
138   5.77613954352065  2.71111758106479
139   6.78380834960427  2.92265306418774
140   7.85858372409061  2.82706825209424
141   8.80662136536358  2.28155911242371
142   9.20480788625954   1.7068211049189
143   9.34922000987152  1.04151168137942
144   9.28439015136731 0.448369545370612
145   9.09616855370907 -0.206446559130421
146   8.95949565404058 -0.99763733009875
147   8.95949503461361 -0.997638853084285
148   8.87352596557201 -1.18008460347467
149   8.79820286828694 -1.30823647721909
150   8.70635708899646 -1.44080476414714
151   8.59608433661571 -1.57731600941841
152   8.46863751423426 -1.71403521315758
153   8.32363004652224 -1.85022032514848
154   8.17194311324641 -1.97655079350182
155   8.01763070111277 -2.09210476713688
156   7.86006915263301 -2.19926642967559
157   7.69943901406911 -2.29913337957031
158   7.53574938007646 -2.39254192017058
159   7.36893119295967 -2.48012205967291
160   7.19893589893333 -2.56232793450193
161   7.02576801459235 -2.63948478475725
162   6.84948229174841 -2.71183251614524
163   6.67016526780159 -2.77955956578273
164   6.48791552506086 -2.84282586404549
165   6.30282585297927 -2.90177807173685
166   6.11496825098643 -2.95655950664255
167   5.92437819101973 -3.00731714829749
168   5.73104553177057  -3.0542041700039
169    5.5350278715739 -3.09735492906605
170   5.33667869625597  -3.1368514736537
171   5.13644029470199 -3.17278747929902
172   4.93466940478039 -3.20529896205648
173   4.73165482556938 -3.23455009557418
174   4.52764038620465 -3.26072184567844
175   4.32283626575544 -3.28400530059703
176   4.11742557320551 -3.30459731209399
177   3.91156896986143 -3.32269738816151
178   3.70540688639536  -3.3385054063764
179   3.49906059535564  -3.3522196790371
180    3.2926343189929 -3.36403506776706
181   3.08621593781715 -3.37414127921266
182   2.87987483844747 -3.38272131646402
183   2.67366264288317 -3.38994981739866
184   2.46761470601586 -3.39599154344706
185   2.26174493936093 -3.40100025199192
186   2.05604493242267  -3.4051175929457
187   1.85049122807639 -3.40847216940686
188   1.64504071472923 -3.41117917849487
189   1.43963488192696 -3.41334015347704
190    1.2342191429179 -3.41504291637936
191   1.02874432009585 -3.41636203188122
192  0.823169653598288 -3.41735933416664
193  0.617491863905436  -3.4180844190791
194   0.41171975888786 -3.41857536403738
195  0.205875045608989 -3.41885911106849
196  -1.22395656536031e-06 -3.41895173239936
197  -0.205877678010311 -3.41885858814122
198  -0.411722483983401 -3.41857432602996
199  -0.617494634145913 -3.41808288247765
200  -0.82317265220145 -3.41735732372561
201  -1.02874727950951 -3.41635958365031
202  -1.23422205756922 -3.41504007547716
203  -1.43963790023648 -3.41333697315745
204  -1.64504366204477 -3.41117572385792
205  -1.85049415099676 -3.40846851227119
206  -2.05604795318498 -3.40511381143601
207  -2.26174794636064 -3.40099643555327
208  -2.46761770210059 -3.39598778698817
209  -2.67366571994441 -3.38994621957303
210  -2.87987796426926 -3.38271798500887
211  -3.08621910035439 -3.37413832672324
212  -3.29263758487738 -3.36403260721416
213  -3.49906399684621 -3.35221782695581
214  -3.70541043403974 -3.33850428163233
215  -3.91157270693448 -3.32269710670302
216  -4.11742954950947 -3.30459798605736
217  -4.32284051554267 -3.28400703812585
218  -4.52764494523473 -3.26072474737389
219   -4.7316597386188 -3.23455425111102
220  -4.93467472303325 -3.20530444782277
221  -5.13644607861525 -3.17279435543058
222  -5.33668501607255 -3.13685978131275
223  -5.53503477927499 -3.09736469342074
224  -5.73105299008629 -3.05421541570323
225  -5.92438601786689 -3.00732992057776
226  -6.11497623816544 -2.95657385355569
227  -6.30283381676753 -2.90179403179684
228  -6.48792329072712 -2.84284346830164
229  -6.67017267476709 -2.77957883482514
230  -6.84948918459507  -2.7118534628391
231  -7.02577425308056 -2.63950741169154
232  -7.19894135362937 -2.56235223789485
233   -7.3689357858505 -2.48014801228965
234  -7.53575310700611 -2.39256945485361
235  -7.69944197274144 -2.29916235938593
236  -7.86007148721669 -2.19929665477314
237  -8.01763252861411 -2.09213599500008
238  -8.17194449148746 -1.97658273767769
239  -8.32363283431862 -1.85025099944392
240  -8.46864210524486 -1.71406328646015
241   -8.5960934877215 -1.57733705702317
242  -8.70636974871902 -1.44081755095532
243    -8.798217536584 -1.30824035072815
244  -8.87353782150541 -1.18008515462561
245  -8.95949857080606 -0.997642209906966
246  -8.95949917704466 -0.997640719208575
247  -9.09613844768782 -0.206446803506975
248   -9.2843274986646  0.44836935591526
249  -9.34913189219111  1.04148252867459
250  -9.20471478167443  1.70677409349101
251  -8.80654106474128  2.28150623004132
252  -7.85853472118611  2.82703826408888
253  -6.78379322539711  2.92264538828885
254  -5.77624874969955  2.71122790532358
255  -4.91571343935626   2.3350341787524
256  -4.11952601508248  1.87922300571953
257  -3.34924221708248  1.40639969738135
258   -2.5673649203604 0.972069310976704
259  -1.74192360195856 0.646153980224976
260  -0.870668914058939 0.499303641860503
