// Id               X                Y
  1  -0.00238752498614845 0.318499749885218
  2  0.950774058215182 0.334960632873236
  3   1.89515719085458 0.382524108141573
  4   2.82683350318402 0.453978138331072
  5    3.7466480866809  0.52945582889275
  6   4.64601687595088 0.696001260948896
  7   5.49760404607937   1.0302891478324
  8   6.28589418779419  1.49451619006897
  9    7.0646482314165  1.97076177273439
 10   7.92894990404042  2.26514590304802
 11    8.8220337461034  2.06791837650934
 12    9.1415316738723  1.66701331084761
 13   9.21444709600902  1.15843382955468
 14   9.02317054161368 0.676796378332847
 15   8.63546589481539 0.331086610317965
 16   8.11669488453038 0.148399174855438
 17   6.75246247396249  0.25592891184925
 18   6.64949335786405 0.261336629311608
 19   6.60189319104058 0.263700550362952
 20   6.55350292478686 0.266024867608159
 21   6.49467877786229  0.26873263532334
 22   6.42437924667732 0.271813577037501
 23   6.34295353893624  0.27516770660387
 24   6.25102975373878 0.278678078817272
 25   6.14935661250475 0.282212642566351
 26   6.03877941138095 0.285628014751865
 27   5.92021618600458 0.288772092580086
 28   5.79462332824752 0.291488817868683
 29   5.66295729758946 0.293624214003149
 30   5.52613927888598 0.295033043080199
 31   5.38502710338087 0.295585230187013
 32   5.24039618238309 0.295171302279018
 33   5.09292927548724 0.293706327563375
 34   4.94321376838226 0.291132142960152
 35    4.7917446602575 0.287417932090446
 36   4.63893144330765 0.282559409003268
 37    4.4851072838876  0.27657695757672
 38   4.33053923283305 0.269513086803926
 39   4.17543851661206 0.261429516078874
 40   4.01997025601744 0.252404132095507
 41   3.86426221362195 0.242527984009084
 42   3.70841238037625 0.231902420639065
 43   3.55249537131861 0.220636428128866
 44   3.39656770795034 0.208844197426676
 45   3.24067212261546 0.196642933760141
 46   3.08484103619628 0.184150910109013
 47   2.92909934697823 0.171485760006507
 48   2.77346663954307 0.158763000058781
 49    2.6179588904682 0.146094768959102
 50   2.46258972140973 0.133588767708412
 51   2.30737123464328 0.121347385436354
 52   2.15231446232839 0.109466996472152
 53   1.99742946681581 0.0980374165510683
 54   1.84272514170456 0.0871415084138125
 55   1.68820877790745 0.076854928711641
 56   1.53388547175046 0.0672460084418812
 57   1.37975746001861 0.0583757578501372
 58   1.22582346800506 0.0502979839949132
 59   1.07207815053416 0.0430595054652588
 60  0.918511693355545 0.0367004447594625
 61  0.765109624905234 0.031254575296154
 62  0.611852868317029 0.0267496975520826
 63  0.458718042882823 0.0232080178130632
 64   0.30567800470507 0.020646503659309
 65  0.152702599340528 0.0190771925430042
 66  -0.000240414479465625 0.0185074334561604
 67  -0.153184321189984 0.018940046441207
 68  -0.30616234270035 0.0203733902413628
 69  -0.459206532031524 0.0228013343994324
 70  -0.61234672789821 0.0262131382820409
 71  -0.76560962888168 0.0305932455289893
 72  -0.919018039507494 0.0359210079975545
 73  -1.07259033066464 0.0421703580713293
 74  -1.22634014330393 0.0493094519134214
 75  -1.38027634745449 0.0573003085764663
 76  -1.53440324898557 0.0660984706340516
 77  -1.68872101548132 0.0756527111176432
 78  -1.84322627189516 0.0859048091858424
 79  -1.99791279847309 0.0967894135091087
 80  -2.15277224994569 0.108234008420649
 81  -2.30779480789624  0.12015899418012
 82  -2.46296967831217  0.13247788991771
 83  -2.61828535315983 0.145097666487483
 84  -2.77372956655127 0.157919216756687
 85  -2.92928888963777 0.170837972598996
 86  -3.08494791991285 0.183744680491289
 87  -3.24068802618545 0.196526350358089
 88  -3.39648560694354  0.20906739437697
 89  -3.55230980589037 0.221250973278977
 90  -3.70811960577708 0.232960567031006
 91  -3.86386019569568 0.244081784735988
 92  -4.01945848699857 0.254504425120144
 93  -4.17481765101054 0.264124793386442
 94  -4.32981058011694 0.272848270433174
 95    -4.484272242238 0.280592112767899
 96  -4.63799101103122  0.28728843117884
 97  -4.79069920791302 0.292887249478535
 98  -4.94206328072781 0.297359481226712
 99  -5.09167426212571 0.300699588816031
100   -5.2390393969882 0.302927620739639
101   -5.3835761000717 0.304090282085092
102   -5.5246096806192 0.304260706795225
103  -5.66137648010934 0.303536690619741
104   -5.7930340702761 0.302037319342024
105  -5.91867974058052 0.299898170809494
106  -6.03737744279144 0.297265532734673
107  -6.14819152356931 0.294290287708005
108  -6.25022308060208 0.291122200805516
109  -6.34264231422402 0.287905265508063
110  -6.42471060990602 0.284774471306872
111  -6.49580328923185 0.281853319765626
112  -6.55555880682857 0.279245789226388
113  -6.60499720573069 0.276981073799161
114    -6.653980925634 0.274638896667728
115  -6.75842542909548 0.269310927552556
116  -8.11816434974512 0.159571090106082
117  -8.63899381191666 0.337956520841042
118  -9.03149087749584 0.679405636004726
119  -9.23014994881923  1.15888266808344
120  -9.16492543626634   1.6691418008302
121  -8.85048456197499  2.07489888719904
122  -7.95835029516391  2.28085454712661
123  -7.09106351812501   1.9901848825776
124  -6.30937256582699   1.5133777737696
125  -5.51829234344468  1.04423800126697
126  -4.66290130267481 0.702001472384018
127  -3.75773603858264 0.528829135141326
128  -2.82801953332299 0.453228690349406
129  -1.90028592213546 0.380459984800098
130  -0.949750459276508 0.314150869705245
131  -0.0288778920682149 0.922947361630676
132  0.887092979509354 0.941342862138592
133    1.8023721369733 0.985436785284116
134   2.71651628144995  1.05376037321064
135   3.63046737093646  1.12935149123349
136   4.53219628482182  1.29791671097135
137   5.38828467273074  1.63511697190634
138   6.19102315109417  2.10260291411817
139   7.00488311748114  2.57974689924642
140   7.91392201453879  2.85569266436089
141   8.84578698541389  2.64434625223025
142   9.38468637987047  2.21635453878475
143    9.6718484547535  1.58909313542485
144   9.62221965690207 0.899628458941926
145   9.32556640517681 0.275775381174399
146   9.55227550216953 -0.339534235907524
147   9.54865814838531 -0.56065077721422
148   9.47135976119404 -0.823633265296016
149   9.34452862292713 -1.06873913125052
150   9.18445245125146 -1.29139890026054
151   9.00047986536825 -1.49022171238974
152   8.79899398063888 -1.66509333001899
153   8.58506333892153 -1.81675545085371
154   8.36290209012477 -1.94667406415275
155   8.13596266985657 -2.05686015526866
156   7.90696473983918  -2.1496548456644
157   7.67794679199722 -2.22752318625694
158   7.45034976517326 -2.29288553787321
159   7.22511970698437 -2.34799738998741
160    7.0028139616208 -2.39487618479913
161   6.78369934957569 -2.43526725233063
162   6.56783597266461 -2.47063876211942
163   6.35514452233563 -2.50219598461547
164   6.14545773011517 -2.53090679094112
165    5.9385580284555 -2.55753232107781
166   5.73420398624116 -2.58265863526033
167   5.53214803956114 -2.60672672312097
168   5.33214774213687 -2.63005942971105
169   5.13397237978256 -2.65288469478802
170   4.93740641106944 -2.67535505088829
171   4.74225084538311 -2.69756365245575
172   4.54832336329751 -2.71955727306243
173   4.35545772980967 -2.74134676113043
174   4.16350285250001 -2.76291542685689
175   3.97232169385814 -2.78422577542788
176   3.78179015431883 -2.80522492738196
177   3.59179598992877 -2.82584899249764
178   3.40223780361313 -2.84602659894093
179   3.21302413959801 -2.86568172935958
180   3.02407270684804 -2.88473598069144
181   2.83530975289232 -2.90311034243782
182   2.64666960100561 -2.92072657543876
183   2.45809435103092 -2.93750826596374
184   2.26953372869285 -2.95338162492967
185   2.08094505254381 -2.96827609692764
186   1.89229327433442 -2.98212483711577
187   1.70355103975688 -2.99486510543047
188   1.51469871344658 -3.00643861717525
189    1.3257243150773  -3.0167918775151
190   1.13662332163022 -3.02587651563509
191  0.947398303047706 -3.03364962327156
192  0.758058372766243 -3.04007409286249
193  0.568618449359492 -3.04511894336133
194  0.379098339318695 -3.04875961722779
195  0.189521662904283 -3.05097823038483
196  -8.53454755128029e-05 -3.05176375788571
197  -0.189695123901544 -3.05111214131498
198  -0.379280113573193  -3.0490263090251
199  -0.568814088126154 -3.04551610652899
200  -0.758273436233006 -3.04059814100152
201  -0.947638354169119 -3.03429555012762
202  -1.13689390942779 -3.02663771072985
203  -1.32603094335784 -3.01765990603723
204  -1.51504679028253 -3.00740297155881
205  -1.70394580253028 -2.99591293791663
206  -1.89273968479257 -2.98324068451507
207  -2.08144765628458 -2.96944161068955
208  -2.27009647392811 -2.95457532138824
209  -2.45872036248706 -2.93870531316203
210  -2.64736090650399  -2.9218986341407
211  -2.83606696256869 -2.90422547971272
212  -3.02489464814493  -2.8857586746848
213  -3.21390745509914 -2.86657298339168
214  -3.40317652345946  -2.8467441816904
215  -3.59278109589236 -2.82634781846043
216  -3.78280915845045 -2.80545758774107
217   -3.9733582606197 -2.78414322366934
218  -4.16453649880875 -2.76246781586374
219  -4.35646364144726 -2.74048441942373
220  -4.54927236727169 -2.71823179831955
221  -4.74310957443368 -2.69572909220096
222  -4.93813768704785 -2.67296913589227
223  -5.13453582625715 -2.64991009326063
224  -5.33250061389477 -2.62646500258166
225   -5.5322462305621 -2.60248878392857
226  -5.73400315378408 -2.57776225110265
227  -5.93801475847995 -2.55197272868997
228  -6.14453067717236 -2.52469103535664
229  -6.35379549778375 -2.49534490498749
230  -6.56603103191856 -2.46318943686096
231  -6.78141004154913 -2.42727596147151
232  -7.00001903742485 -2.38642184204101
233  -7.22180771448581 -2.33918523530079
234  -7.44652304279497  -2.2838506632929
235  -7.67362736915098 -2.21843319746566
236  -7.90220249088729 -2.14071065132472
237  -8.13084567866231 -2.04829354878325
238   -8.3575684724294 -1.93874046730741
239  -8.57971262378732 -1.80972001126759
240  -8.79389438862708 -1.65920861124719
241  -8.99596519168448   -1.485695403281
242   -9.1808987026803 -1.28834929889611
243  -9.34228928793384 -1.06714289531643
244  -9.47060421600403 -0.823306942685679
245  -9.54907621710207 -0.56123150480032
246  -9.55288327758531 -0.342298948718462
247  -9.32777207564491 0.271927933178564
248  -9.63472579542173 0.889805315389006
249  -9.69837304457593  1.57720008627812
250  -9.42401708167275  2.20925251970936
251  -8.89354035030746  2.64674756922035
252  -7.96516246505898  2.87159125197912
253  -7.05204045114671   2.6013130588872
254  -6.23512131625092   2.1248796031857
255  -5.43405890682496  1.65362856650704
256  -4.58141373488301  1.30934210442054
257  -3.68188913099013  1.13476906492577
258  -2.76909875858848  1.05978316794551
259  -1.85591483950877 0.988118571827923
260  -0.942645167138604 0.921433420214092
