// Id               X                Y
  1  -0.0812412753322863  1.13856661177275
  2   0.97416911240356  1.16126196100994
  3   2.02814848152946  1.18116546027964
  4   3.03892079644236  1.20026293322328
  5   3.99737628317348  1.19772087811239
  6   4.93769438809051  1.27556623884676
  7   5.84970078191246  1.51789863588351
  8   6.72284399896521  1.88855294975998
  9   7.59856105634882  2.24849775396236
 10     8.530494059778  2.36681226759383
 11   9.35867440511967   1.9336255365949
 12   9.53841728890588  1.43663691735657
 13   9.42423276584097 0.922323622116117
 14   9.06226321679211 0.535137131075135
 15   8.56793623881027 0.342572832313753
 16   7.89994784110307 0.346346299771096
 17   7.04779770228207  0.52243997685046
 18   6.94414533951476 0.542172498981092
 19   6.87858518828303 0.554442616511864
 20    6.8216086307295 0.564986530889897
 21   6.75886600493158  0.57645001776525
 22   6.68680006361749 0.589454635010127
 23   6.60491704202785  0.60400817273535
 24   6.51357677063154  0.61996996168265
 25   6.41339975517577 0.637137865520932
 26   6.30510055994273 0.655286606918367
 27   6.18942337225831 0.674176616199231
 28   6.06710522697009 0.693561360442435
 29    5.9388505583746 0.713193006185234
 30   5.80531445613858 0.732827601177938
 31   5.66709368810357 0.752229653706229
 32   5.52472418147784 0.771176080934194
 33    5.3786832315506 0.789459538873077
 34   5.22939467430073 0.806891187280024
 35   5.07723552577409 0.823302951234004
 36   4.92254297997619 0.838549329391457
 37   4.76562103642623 0.852508779929783
 38    4.6067463348633 0.865084697076201
 39   4.44617299468449 0.876205977613004
 40   4.28413640310388 0.885827169028996
 41   4.12085598899813  0.89392818921617
 42   3.95653707721727 0.900513611618339
 43   3.79137195365145 0.905611519088537
 44   3.62554029204379 0.909271943508239
 45   3.45920910297105 0.911564924953732
 46   3.29253236496062  0.91257824179377
 47   3.12565048807156 0.912414879216129
 48    2.9586897424757 0.911190316084615
 49   2.79176176042943 0.909029717038654
 50   2.62496319205921 0.906065117515157
 51   2.45837556647125 0.902432683979484
 52   2.29206538257314 0.898270121009522
 53   2.12608443081858 0.893714282467787
 54    1.9604703291856 0.888899027558877
 55   1.79524724453238 0.883953345794739
 56    1.6304267637673 0.878999759199413
 57    1.4660088772276 0.874152996506657
 58   1.30198303822669 0.869518923244803
 59   1.13832926678756 0.865193703689938
 60  0.975019271107891 0.861263165628728
 61  0.812017566456833 0.857802336430397
 62  0.649282577350488 0.854875118694622
 63  0.486767714558022 0.852534075289902
 64   0.32442242348864 0.850820296510286
 65  0.162193204667462 0.849763325988924
 66  2.46102799435354e-05  0.84938112660912
 67  -0.162139776842546 0.849680072706983
 68  -0.324356373876887  0.85065496018262
 69  -0.486680629649348 0.852289031592484
 70  -0.649166048666269 0.854554018776151
 71  -0.811863199775728 0.857410210978471
 72  -0.974818703334965 0.860806561655588
 73  -1.13807419320718 0.864680852066445
 74  -1.30166525319232 0.868959934172385
 75  -1.46562033160095 0.873560079063856
 76  -1.62995964254473 0.878387459812173
 77  -1.79469406799226 0.883338798957012
 78  -1.95982408044696 0.888302210399276
 79  -2.12533871181105 0.893158262881424
 80   -2.2912145989843 0.897781287157295
 81  -2.45741514020495 0.902040941151721
 82  -2.62388979712087  0.90580403685774
 83   -2.7905735750687 0.908936619672445
 84  -2.95738670710808 0.911306275942506
 85  -3.12423455536111 0.912784628671912
 86   -3.2910077259887 0.913249965978528
 87   -3.4575823722279 0.912589933537481
 88   -3.6238206346258 0.910704212497788
 89  -3.78957114095211 0.907507099527087
 90  -3.95466946273624 0.902929906516316
 91  -4.11893840349752  0.89692310410416
 92  -4.28218797769561 0.889458144783749
 93  -4.44421493071353 0.880528916443535
 94    -4.604801649601  0.87015279384559
 95  -4.76371432240028 0.858371271766576
 96    -4.920700221876 0.845250177619419
 97  -5.07548402071162 0.830879472151718
 98  -5.22776309686023 0.815372653613452
 99  -5.37720187229346 0.798865783225457
100  -5.52342536423749 0.781516147445492
101  -5.66601233668929 0.763500564794062
102  -5.80448873779335 0.745013331363669
103  -5.93832248912995  0.72626378044442
104  -6.06692110176301 0.707473411986425
105  -6.18963390733504 0.688872536668889
106  -6.30576073305744 0.670696381500785
107  -6.41456852215253 0.653180632054835
108  -6.51531709391916 0.636556247676201
109  -6.60729720696441 0.621043061198003
110  -6.68989668341588 0.606838446767346
111  -6.76276773915391 0.594088421198446
112  -6.82640974010052 0.582780499496587
113  -6.88446353240052 0.572320058326679
114  -6.95144545793921 0.560072590166043
115  -7.05651412676144 0.540469314402489
116  -7.90563518252863 0.365353636035846
117  -8.57377426699077 0.354547323974702
118   -9.0724207267175   0.5352609740951
119  -9.44833742974331 0.908422509618943
120  -9.58736469754463  1.41627179334537
121  -9.43451998730334   1.9213598089055
122  -8.63100722551006  2.39175988087953
123  -7.70055646925796  2.29361938006458
124  -6.83219818680431  1.93395052125411
125  -5.97401844085305  1.55064157371751
126  -5.07599532511367  1.28870194119245
127   -4.1460178245842  1.19569844604792
128  -3.20700484737579  1.20124912636749
129  -2.20056648736869  1.18375841886632
130  -1.14070057085649  1.12247179267756
131  -0.0221235239813598   1.7273091208427
132  0.944363851511479  1.75289194331014
133   1.91246893095706  1.76411614385528
134   2.88820528648174  1.78806901145781
135   3.87013710642082  1.79222691224008
136   4.84243482067208  1.87568370155389
137   5.79956352749733  2.12634327363195
138   6.77204676579562  2.50120245437992
139   7.78390852840464  2.83434266764692
140    8.8592110703224  2.87395935119756
141   9.74730383000886  2.26488455719865
142   10.0527601117777  1.65780377260959
143   10.0040718603239  0.97839253914864
144   9.67401336506255 0.381519055416232
145   9.14669738717082 -0.0477636054239894
146   9.56829973462484 -0.596212632625919
147   9.61756128767237 -0.828258242471055
148   9.48116105597146 -1.04866931296055
149   9.31453420705415 -1.24863592487066
150   9.12356644361151 -1.42501380699227
151   8.91561034832032 -1.57722460580241
152   8.69608197619575 -1.70603398726688
153   8.46913000926523 -1.81294583371705
154   8.23801795250872 -1.89995700342234
155   8.00526840494446 -1.96934133926091
156   7.77275863267942  -2.0234634690819
157   7.54181889325183 -2.06463457188555
158   7.31333602542658 -2.09501356982432
159   7.08785359104258 -2.11655026127673
160   6.86566065686967 -2.13096204669866
161   6.64686505330682 -2.13973425112723
162   6.43145041385332 -2.14413480509768
163   6.21931854284525 -2.14523602704754
164   6.01031969439307 -2.14393851967162
165   5.80427352663844 -2.14099419056418
166   5.60098320657638 -2.13702690427831
167   5.40024467023123 -2.13255025751476
168   5.20185256199599 -2.12798253784306
169   5.00560396396251 -2.12365920384218
170   4.81130070235177 -2.11984332124553
171   4.61875077665816 -2.11673438656476
172   4.42776928099874 -2.11447591881786
173     4.238179059335 -2.11316213144202
174   4.04981124319121 -2.11284392596953
175   3.86250575288084 -2.11353438411822
176   3.67611179508233 -2.11521387890773
177    3.4904883570509 -2.11783487953103
178   3.30550467804505 -2.12132648924581
179   3.12104066924765 -2.12559873011261
180   2.93698725210971 -2.13054657209227
181   2.75324658915276 -2.13605369548856
182   2.56973218848268 -2.14199597334713
183   2.38636887160444  -2.1482446624487
184   2.20309260210386  -2.1546692962782
185   2.01985017945261 -2.16114027935615
186   1.83659880716907 -2.16753118844397
187   1.65330554778247 -2.17372079158645
188   1.46994667869725 -2.17959480026989
189   1.28650696345463 -2.18504737294565
190   1.10297885238866 -2.18998238979991
191  0.919361625595092 -2.19431451905581
192  0.735660489742429 -2.19797009447014
193  0.551885638762259  -2.2008878222417
194   0.36805128700992 -2.20301933348667
195   0.18417468218877 -2.20432959593808
196  0.000275104247762968  -2.2047971957368
197  -0.183627144367708 -2.20441449720878
198  -0.367511752285347 -2.20318768545537
199  -0.551359412036127 -2.20113669347168
200  -0.735152827561559 -2.19829501240389
201  -0.918877711502339 -2.19470938049275
202  -1.10252376678025 -2.19043934327714
203  -1.28608564612847 -2.18555667479755
204  -1.46956388213262 -2.18014464693149
205  -1.65296577906353 -2.17429713170509
206  -1.83630625638595 -2.16811751960214
207  -2.01960863242698 -2.16171743568875
208  -2.20290533544009 -2.15521523497667
209  -2.38623852841609 -2.14873425904057
210  -2.56966063373691 -2.14240083764411
211  -2.75323474444819  -2.1363420220968
212  -2.93703491086128 -2.13068304122192
213  -3.12114629465394 -2.12554447593034
214  -3.30566518775726 -2.12103915399127
215  -3.49069889998019 -2.11726877188962
216  -3.67636552705362  -2.1143202545782
217  -3.86279361863359 -2.11226186510915
218  -4.05012177235423 -2.11113907301628
219  -4.23849818339718 -2.11097018132107
220  -4.42808017708878 -2.11174169566238
221  -4.61903374249439 -2.11340339406896
222  -4.81153306562872 -2.11586302141532
223  -5.00576002950117 -2.11898048813775
224   -5.2019036021461 -2.12256139834409
225  -5.40015896932239 -2.12634966886855
226  -5.60072617981689 -2.13001893072856
227  -5.80380794900228 -2.13316233434158
228  -6.00960609701638 -2.13528032401436
229  -6.21831586431794 -2.13576593374794
230  -6.43011703155752 -2.13388723536291
231  -6.64516036311709 -2.12876682123541
232  -6.86354741088755 -2.11935873968782
233  -7.08530122854448  -2.1044242529185
234  -7.31032522057306 -2.08250926522376
235  -7.53834746968947 -2.05192828027014
236  -7.76884884146157 -2.01076207515036
237  -8.00097532704627 -1.95687836172613
238  -8.23343848486977 -1.88798556583281
239  -8.46441150969542 -1.80172820613624
240  -8.69142900838814 -1.69582701707679
241  -8.91128651373337 -1.56825812096051
242  -9.11988536834399 -1.41746013532512
243  -9.31183239313545 -1.24259749130748
244  -9.47974614125637 -1.04417504268071
245  -9.61776146590638 -0.825285671816561
246  -9.56645192541939 -0.594357895281363
247  -9.14781399508008 -0.0435439397175387
248  -9.68582321641647 0.372093740462531
249  -10.0351119974351 0.958243365669808
250  -10.1042143714266  1.63624717988425
251  -9.82183629670291  2.25465239142465
252  -8.95545600304911  2.89380649657889
253  -7.88026490338298  2.88067742645785
254  -6.86845894855418  2.54734056758868
255  -5.90146383055324  2.15700990024217
256  -4.95407899965091  1.88483794649318
257  -3.98644942639401   1.7842713200795
258  -2.98420437848945   1.7683782554555
259   -1.9675491680477  1.74307191716306
260  -0.988864965938938  1.69562745599871
