// Id               X                Y
  1  -0.0946711415127376  8.50459331222115
  2  0.993427639434227  8.45455407087683
  3   2.03474804765479  8.21112408616207
  4   3.02567608764536  7.77713604870588
  5   3.95253766222533   7.2443774915309
  6   4.72131251082322  6.52048021423061
  7   5.40225470740389  5.73018410265968
  8   5.97334355912445  4.94227128993476
  9   6.59221321527718  4.22291377245746
 10   7.28228525417991  3.57393199544873
 11   7.97328517357853  2.94147454780495
 12   8.31882202392763     2.52757542795
 13   8.57502997570114  2.05166993188972
 14   8.65562076819548  1.50521123104353
 15   8.46143103255778  1.01964301495959
 16   7.75723928955725 0.747609134649925
 17   7.42061780913188 0.788466269517469
 18    7.3388262460634 0.815180366086705
 19   7.24889517226602 0.852763900208644
 20   7.15437187533424 0.902400219080106
 21   7.06095224519912 0.962432761596322
 22   6.97069350231695  1.03215995977118
 23   6.88431485042592  1.11114175068019
 24   6.80218892242603  1.19919478729097
 25   6.72450709252058  1.29621501073149
 26   6.65136871166236  1.40221892966782
 27   6.58274199584474   1.5174034527551
 28   6.51842520001609  1.64231560289483
 29   6.45799659854216  1.77811298327378
 30   6.40081360666925  1.92682534050363
 31   6.34616362273842  2.09112855459885
 32   6.29111633925476  2.28218339792247
 33   6.23595658084195  2.50082616297119
 34   6.18255599740135  2.73450493014957
 35   6.12920605205588  2.97941659799749
 36   6.07367505484246  3.23227152188356
 37   6.01354685595238  3.49058861880151
 38   5.94651710349162  3.75240388350996
 39   5.87056340278253  4.01601085387845
 40   5.78402718617438  4.27982386322011
 41   5.68564218493704   4.5423273183176
 42   5.57452980279529  4.80207075633821
 43   5.45017335199673  5.05768386848655
 44   5.31237898662507  5.30789706336334
 45   5.16122897731255  5.55155992335033
 46    4.9970318764395  5.78765342838112
 47   4.82027419235986  6.01529319259949
 48   4.63157951466796  6.23372152223279
 49   4.43168144058922  6.44228914597403
 50   4.22140707951667  6.64043946048632
 51   4.00163712092669  6.82772754398749
 52   3.77320722376803  7.00387677668226
 53   3.53685691845656  7.16875469528335
 54   3.29332161898156  7.32223800397558
 55    3.0433717022011  7.46416817686157
 56   2.78775371936036  7.59439867795305
 57   2.52715241043008  7.71282192552935
 58   2.26219217960392  7.81936544746472
 59   1.99344999865489  7.91398023017847
 60   1.72146542675755  7.99663168729336
 61    1.4467462581264  8.06729440415336
 62   1.16977193614661  8.12594939188397
 63  0.890996606222719  8.17258264779424
 64  0.610852695015206  8.20718431301599
 65  0.329755195225709  8.22974809817008
 66  0.0481065198105089  8.24027085661035
 67  -0.233698276951095  8.23875227774414
 68  -0.515266089185162  8.22519470467278
 69  -0.796200308069865  8.19960308287852
 70   -1.0760954687486  8.16198503798421
 71  -1.35453214932479  8.11235107505264
 72  -1.63107230660079  8.05071490423088
 73  -1.90525523742647  7.97709394877573
 74  -2.17659421755977  7.89151022028301
 75  -2.44457342297197  7.79399201090148
 76  -2.70864389045205  7.68457728770115
 77  -2.96821635768176  7.56332011497995
 78  -3.22264944454186  7.43030095425354
 79  -3.47123807918577  7.28563737126238
 80  -3.71322321195835  7.12947953241943
 81  -3.94784568803992  6.96197003895992
 82  -4.17438363781009  6.78321472235766
 83  -4.39206970666914  6.59337692782054
 84  -4.60003960132553  6.39278972119587
 85  -4.79742256476233  6.18193366296957
 86  -4.98342053485357  5.96138788071363
 87  -5.15733327197409  5.73182818465605
 88  -5.31857663140456  5.49404676685765
 89  -5.46671498370093  5.24896767555369
 90  -5.60150548652642  4.99765103472789
 91  -5.72294756185843   4.7412868399138
 92  -5.83133222042885  4.48118071539461
 93  -5.92728678741224  4.21873464630158
 94  -6.01181017379988  3.95542773530857
 95  -6.08629233310342  3.69280659534907
 96  -6.15250874559358  3.43250334065827
 97  -6.21257535788685  3.17631228599548
 98    -6.268838753622  2.92636877517245
 99  -6.32366213526463  2.68544261178828
100  -6.37910080306693  2.45708278848926
101  -6.43669545197916  2.24466466402119
102  -6.49145981092886  2.06830837094909
103  -6.54779626277641    1.910522935375
104  -6.60675376637769  1.76734681366888
105  -6.66906953306769  1.63623746379197
106  -6.73532552705893  1.51548900886359
107  -6.80586911688797  1.40418951028947
108  -6.88084587015383  1.30192818793649
109  -6.96025150991148  1.20857042596247
110  -7.04396233457098  1.12414031735805
111  -7.13169139012464  1.04880502407071
112  -7.22274503422092 0.982964105685372
113   -7.3151616380773 0.927513421215376
114  -7.40323684891868 0.884310996023158
115  -7.48356801545462 0.852504883150849
116  -7.81660951404592  0.78921649496842
117  -8.53926565645338  1.00852800899481
118  -8.76376310947811  1.47752035384425
119  -8.71310663118585  2.02183855770999
120  -8.47633100550962  2.50374787337723
121  -8.14149289298594  2.92247404767095
122  -7.45360264937076   3.5554567105419
123  -6.75700753272779  4.19596123039541
124  -6.12812479368414  4.90443771507407
125  -5.55292595213515  5.68134437995806
126  -4.89080497501938  6.46702965637282
127   -4.1141841692364  7.21163283088785
128  -3.19180341175431  7.76334218688992
129  -2.18970645151432  8.19122353216742
130    -1.149644212724  8.38356564105988
131  -0.0899919142365977    9.086974252375
132   1.01161167273622  9.03572506868377
133   2.08828472447351  8.79014596269359
134     3.107269830945  8.35809169248311
135   4.07237463273071  7.81311813932908
136   4.90947222563723  7.08069402963724
137   5.66150482805024  6.26204588025217
138   6.36624144256671  5.40423726766533
139   7.09299217620937  4.56852223390621
140    7.8640768007905  3.77359088333016
141   8.65233799802238  2.98866282939573
142   8.92458085180551  2.55468353852459
143   9.10403209402581  2.07616321834918
144   9.17005886573486  1.57345701761135
145   9.23929515290014  1.06790187496939
146    9.9212829039456 0.788244532012628
147   10.3538455870007 0.430131829015159
148   10.2626053842048 0.0580467748069517
149   10.0562488261356 -0.253268659113727
150   9.80724873072843 -0.524161675308607
151   9.52928539393155 -0.759911550692653
152   9.22728640911957 -0.95885955393237
153   8.90567471850398  -1.1185354935753
154   8.56939622861541 -1.23716582219921
155   8.22368630056878 -1.31387608835442
156   7.87378676227482 -1.34856219449622
157   7.52479352550244 -1.34169373947482
158    7.1816115612874 -1.29404188452953
159   6.84901504511392 -1.20627613728084
160   6.53179170035425 -1.07851505334678
161    6.2347765365491 -0.910298977911999
162   5.96399665482495 -0.703308838392119
163    5.7226839034047 -0.463545543314884
164   5.50951002275361 -0.199799424400705
165   5.32214356809187 0.0783465131589159
166   5.15710415371102 0.363656944828204
167   5.01067188846627 0.650952055476221
168   4.87913595509137 0.936473106034089
169   4.75887787648258  1.21747778865052
170   4.64646219819468  1.49200446754105
171   4.53873161770863  1.75870481508752
172   4.43287921894586  2.01670221714003
173   4.32648612669531  2.26546769780814
174   4.21752715607791  2.50471528495711
175   4.10435347748625    2.734319205035
176   3.98566149769837  2.95425512360801
177   3.86045166035615    3.164569978036
178   3.72796967563785  3.36538607762324
179   3.58761387477864  3.55692960048075
180   3.43882091456264  3.73951315206133
181   3.28105526322922  3.91331657627568
182   3.11405399292596     4.07798837094
183   2.93799068685026  4.23270848461811
184   2.75317119367089  4.37686737395099
185   2.55984463898754  4.51029994086669
186   2.35832305324474  4.63301555809652
187   2.14905973232426  4.74499726167492
188   1.93262500028025  4.84616100967986
189   1.70966184098946  4.93637655248122
190   1.48085884065768  5.01549534565799
191   1.24693908956698  5.08337115717982
192   1.00865577138768  5.13987243603855
193  0.766788569400073  5.18488852074297
194   0.52213905417726  5.21833199972895
195  0.275525297169642  5.24013906656446
196  0.0277764074283507  5.25026909599559
197  -0.220272599998716  5.24870412267161
198  -0.467785589731541  5.23544852937773
199  -0.713929974139637   5.2105290436462
200  -0.957881548655164  5.17399502446955
201  -1.19882965687603  5.12591888350032
202  -1.43598254283291  5.06639622369035
203  -1.66857235224966  4.99554483807655
204  -1.89585914184177  4.91350112380861
205  -2.11713420662104   4.8204118709577
206   -2.3317258647766  4.71641908547917
207  -2.53901521534841  4.60163638110487
208  -2.73847050245271  4.47612092760478
209   -2.9296916280419   4.3398659963373
210  -3.11240565769395  4.19288955286428
211  -3.28634627596147  4.03549541975819
212  -3.45120630612668  3.86843549364071
213   -3.6069503859076  3.69242044849748
214  -3.75397555521023  3.50757338696383
215  -3.89284051990669  3.31362521073235
216  -4.02411012086728  3.11028604274013
217  -4.14842587211591  2.89737278591502
218  -4.26661872439946  2.67479636203121
219  -4.37978778679319  2.44253899259761
220  -4.48935092734634  2.20066310194759
221  -4.59708197828557  1.94935261794186
222  -4.70513753703193  1.68898066939684
223  -4.81606704108107  1.42020022466033
224  -4.93279642273242  1.14405565256485
225  -5.05857794605512 0.862112674425901
226   -5.1969080543424 0.576606953793767
227  -5.35143152990049 0.290629200398343
228  -5.52585889366121 0.00841118378546823
229  -5.72385841415513 -0.264172089731959
230  -5.94861519106454 -0.518939226838316
231  -6.20156090275992 -0.745704403196675
232  -6.48432976193634 -0.937459722258006
233  -6.79031289597379 -1.08878063936052
234  -7.11454289391149 -1.19968608197841
235  -7.45218262629888 -1.27048373563908
236  -7.79845214630814 -1.30080952006509
237  -8.14851870458519 -1.28990167609913
238  -8.49737521897284 -1.23706891832024
239  -8.83983175106289 -1.14206289411642
240  -9.17063544674015 -1.00534697583742
241  -9.48473394611007 -0.82827367055315
242  -9.77752019659069 -0.61291541542922
243  -10.0439166630516 -0.360498683466031
244  -10.2705619241464 -0.0647316512088979
245   -10.386482832572 0.299516190914516
246  -9.97981055013462 0.685339041353773
247  -9.31846732727386  1.00942264312667
248  -9.28084431151638  1.51828056875729
249  -9.24155576802431  2.02354378699256
250  -9.08110643525327   2.5085219727252
251   -8.8210939451821   2.9497794146886
252  -8.04016452930183   3.7419537610658
253  -7.26494693192932  4.53185010740021
254  -6.52984715368037  5.35877309148267
255  -5.82108840170789  6.21166402763798
256  -5.07156192133454  7.03157696342817
257  -4.24737582173958  7.77749136388528
258  -3.29308105593271  8.33975506438883
259  -2.27243921507902  8.76452746740576
260  -1.18817816262823  8.97010713878011
