// Id               X                Y
  1  -0.0945077744948235  16.4132074472027
  2    1.0167817330664  16.3398031325048
  3   2.07949748159014  15.9861160579793
  4   3.05577040980221  15.4938358721337
  5   3.99843404121368  14.9135020448864
  6   4.85107874085918  14.1999452431159
  7   5.57595047531345  13.3636586076846
  8   6.12909680563727  12.4245778432288
  9   6.49188360669543  11.4594475856247
 10   6.86911012096052  10.4721155669524
 11   7.34184512638533  9.50903177976367
 12   7.66337647695956  8.92290354237501
 13   7.96288542384332  8.32419398034767
 14   8.16264442330526  7.68266835479628
 15    8.1308407426755    7.009804841407
 16   7.72623710232607  6.46518203359414
 17   7.46822396745403  6.35387890176625
 18   7.30355348644024  6.32859369300068
 19   7.14867960072299  6.33329105135927
 20   7.00341606283419  6.36316135669895
 21   6.86713414823175  6.41484749348326
 22   6.74021751138266  6.48744019204908
 23   6.62251700302511  6.58011728240624
 24   6.51397250199271  6.69506458803946
 25   6.39777551175228    6.865676028603
 26   6.29671849059435  7.09013646251965
 27   6.23008960448183   7.3410681691892
 28   6.19712191532142  7.60855142036237
 29   6.19289496947236    7.886185646435
 30   6.21074306963894  8.17031539359726
 31   6.24351607586795  8.45929766059156
 32   6.28426579022689  8.75272007176874
 33   6.32658869850826  9.05072200119817
 34   6.36478521686162  9.35349245220165
 35   6.39393328185501  9.66095354744491
 36   6.40992444952405  9.97260608113136
 37   6.40947870980049  10.2875012188952
 38   6.39013837109832  10.6043000104998
 39   6.35023696536892  10.9213848103554
 40   6.28884120053203  11.2369918766383
 41   6.20566844374706  11.5493413034166
 42   6.10098627241469  11.8567480935469
 43   5.97550287005596  12.1577055809975
 44   5.83025720317136  12.4509386474279
 45   5.66651645796879  12.7354286796936
 46   5.48568590160438  13.0104148483427
 47   5.28923387731246  13.2753772821919
 48   5.07863252717137  13.5300075248496
 49   4.85531307591114  13.7741709872801
 50   4.62063242522406  14.0078658438816
 51   4.37584935409265  14.2311790751609
 52   4.12214036984455  14.4442143468985
 53   3.86062611297734  14.6470269524008
 54   3.59212670969583  14.8397567271365
 55   3.31751531675412  15.0222882684099
 56   3.03750730968121   15.194392289511
 57   2.75272263265981  15.3556442718828
 58   2.46372233624902  15.5053815984109
 59   2.17103543355472  15.6426926045522
 60    1.8751957138697  15.7664326773919
 61   1.57677813456953   15.875279617239
 62   1.27641671860421  15.9678342358532
 63  0.974780287467502  16.0427578858375
 64  0.672488911748883  16.0989174903012
 65  0.369987317541186  16.1354909670327
 66  0.0674477809417186  16.1519944839705
 67  -0.235197294200895  16.1482424324463
 68  -0.538067501424002  16.1243071616464
 69  -0.841108197551981  16.0805352082305
 70  -1.14398300870473   16.017596705911
 71  -1.44612419580102  15.9364943715053
 72  -1.74685945142313  15.8384916209641
 73  -2.04552146889227  15.7249798788008
 74  -2.34149949351634  15.5973328083762
 75   -2.6342385827116  15.4567865657673
 76    -2.923209670121  15.3043635781054
 77  -3.20787150639601   15.140839557126
 78  -3.48763865830041  14.9667433658211
 79  -3.76185619194783  14.7823810123892
 80  -4.02973730391697  14.5879070518743
 81  -4.29043233846669  14.3833063285466
 82  -4.54302071951914  14.1684280663138
 83  -4.78634189814308   13.943191335783
 84  -5.01920176685586  13.7074678832048
 85  -5.24030837712225  13.4611824821629
 86  -5.44827904845758  13.2043665514534
 87  -5.64166768712289  12.9371991647074
 88  -5.81900070724117  12.6600467861837
 89  -5.97882562282612  12.3734981469506
 90  -6.11977475738938  12.0783898860514
 91   -6.2406446832166  11.7758180962847
 92  -6.34049022232073  11.4671302625242
 93  -6.41872961084375  11.1538921922805
 94  -6.47525497052181   10.837825985326
 95   -6.5105401077101  10.5207182631865
 96  -6.52573661824817  10.2043029164658
 97  -6.52275001860509  9.89012926960759
 98  -6.50429043669456  9.57943412691526
 99  -6.47389670688653  9.27304368388261
100  -6.43593672435732  8.97133775223965
101  -6.39558744769169  8.67431321075286
102  -6.35879061302064  8.38178478853878
103  -6.33216010006539  8.09375634191068
104  -6.32278009012386  7.81097804049875
105  -6.33778044839942  7.53566216133619
106   -6.3835175052267  7.27224969834721
107  -6.46412355060268  7.02803917017118
108  -6.57867728874558  6.81393766505615
109  -6.68984342425315  6.67172571860393
110  -6.80467133063549   6.5636901821109
111  -6.92882438407564   6.4778419132245
112  -7.06220204247852  6.41328958337006
113  -7.20524281931805  6.37057106872045
114  -7.35824206255883  6.35197103607289
115   -7.5199480005064  6.36151200444064
116  -7.78529778608846  6.44691367258891
117  -8.23354731092707  6.95172270880582
118  -8.30385064517563  7.61754593272173
119  -8.12325605826845  8.26100868855305
120  -7.82853569618778  8.85814325085824
121  -7.50311333868446  9.43789477773578
122  -7.01357264878063  10.3883321575053
123  -6.62497545860701  11.3717514364737
124  -6.27808365456683  12.3332198157583
125  -5.74413229774539  13.2540742458864
126  -5.04532255340234  14.0946146503732
127  -4.21495702811479  14.8239020809916
128  -3.28777959249373  15.4300016185659
129  -2.29585388971577  15.8938399395783
130  -1.20324506349501  16.1786666272285
131  -0.0935031222410628  16.9827646273571
132   1.01498284080612  16.9103530493318
133   2.07516976590657   16.565538832918
134   3.08155375125706  16.0763759732575
135   4.03851919069173  15.4927416485455
136   4.91070207699823  14.7843558175508
137   5.67620565230265   13.960874078248
138    6.2883043644479  13.0196860572576
139   6.76547648208619  12.0152308431032
140   7.18145277472262  11.0049857391415
141   7.68226458662461  10.0602018309307
142   7.97990851967365  9.43003796241215
143   8.28542272338484  8.80432116130128
144   8.52409019224742  8.15061572776949
145   8.63881556393109  7.46516959494684
146   9.27374474662656  7.27071466035056
147   10.3495456453517  7.09507876260733
148   10.2762837259389  6.63625555025208
149   10.1338188553433  6.19484514601445
150    9.9355886731703  5.77993611557835
151   9.68189984008936  5.40108140328701
152    9.3796563528318   5.0662313692068
153   9.03429795617122  4.78319015086905
154   8.64133995097151  4.56730026196363
155    8.1874854226464  4.44487090946193
156   7.69414623558281  4.42209018326204
157   7.19712575068274   4.4879948388934
158   6.71920854882782  4.64113299038179
159   6.28083251446559   4.8741755171495
160   5.89775769106077  5.17319176648241
161   5.57891591300036  5.52008800726815
162   5.32591110924759  5.89588740431248
163   5.13415759942296  6.28361673259497
164   4.99497409657754  6.67004012250127
165   4.89779822198533   7.0461356969672
166   4.83194682996992  7.40666539525669
167   4.78772107507996  7.74931175008963
168   4.75692295074114  8.07375293857844
169   4.73296007966218  8.38087842782873
170   4.71071574962798  8.67221060157098
171   4.68631537574123  8.94951970573828
172   4.65687000117979  9.21458884537817
173   4.62023882961117  9.46908242972623
174   4.57482838125812  9.71447973559984
175   4.51943241096492  9.95204626797617
176   4.45311015707987  10.1828254420109
177   4.37509763774271  10.4076405816767
178   4.28474554061386  10.6271015334128
179   4.18147840585817  10.8416095048706
180   4.06478236581975  11.0513743336395
181   3.93422797232815  11.2567026595434
182   3.78922934492643  11.4592781628689
183   3.62834736770912  11.6605644214791
184    3.4512589343082  11.8511478540273
185   3.25807343472429  12.0326676030949
186   3.04875789233956  12.2056073673945
187   2.82307440526413  12.3689759182127
188   2.58071060529844   12.521417513203
189   2.32135855584557  12.6614096244189
190   2.04477348170005  12.7873180626999
191   1.75087788635758  12.8974956031045
192   1.43994545563311  12.9904293573003
193   1.11287729684711   13.064914488711
194  0.771537270583192  13.1201948322867
195  0.419033627860989  13.1559810735112
196  0.0597603309724936  13.1722906875656
197  -0.300964111856347  13.1691815525102
198  -0.657629544796179   13.146580577214
199  -1.00535077871074  13.1043609814462
200  -1.34041464633313  13.0426003362496
201  -1.66040632270721  12.9618083448925
202   -1.9640113735265  12.8629848497167
203  -2.25068706558254  12.7475188517824
204  -2.52035326273338  12.6170161051571
205  -2.77316816459256  12.4731328757408
206  -3.00939236427884   12.317453037661
207  -3.22931626681057  12.1514166211524
208  -3.43320498579466  11.9762474277314
209  -3.62119750460279  11.7924326942195
210  -3.79327714680015  11.5984057459698
211  -3.94931484852063  11.3971568661947
212  -4.09015960533699  11.1949376674456
213  -4.21698392570597  10.9889122535237
214  -4.33021682048731  10.7781647300357
215  -4.43031050188769  10.5625273270009
216   -4.5177951531345  10.3417338222744
217  -4.59326350773967  10.1153136016795
218  -4.65739625758062  9.88258862345814
219  -4.71100994924674  9.64266701325794
220  -4.75512729193039    9.394437558264
221  -4.79107628633034  9.13657073558913
222  -4.82062436671885  8.86753297036273
223  -4.84615218536044  8.58562641456229
224  -4.87086786271735  8.28907486079447
225  -4.89905404591055  7.97618689820641
226  -4.93632341288437  7.64563822293965
227  -4.98982917518236  7.29692083816361
228  -5.06833342728241  6.93099663397156
229  -5.18198366653958  6.55114854264727
230  -5.34161046781531  6.16392420582658
231  -5.55738791694464  5.77991157696435
232  -5.83685958910278  5.41392075989967
233  -6.18265379718962  5.08409727206144
234  -6.59058812349204  4.80972189456993
235   -7.0490242176221  4.60800952955335
236  -7.54000340896986  4.49086680822621
237  -8.04190514106775  4.46287714627406
238  -8.53110300744481  4.52391005887323
239  -8.95758929419957  4.69428438005041
240  -9.33461710414736  4.94121469122153
241  -9.66011819588359  5.25142080658165
242  -9.94253892468819  5.60869013278588
243   -10.172103540572  6.00660896764975
244  -10.3463662405414  6.43585812836277
245  -10.4483274204106  6.88817718308719
246  -9.39248194635711  7.14490082777323
247  -8.76855983257362  7.37564911731767
248  -8.68180975493276  8.06473687957506
249  -8.45820759435442  8.72322691613228
250  -8.15129819129596  9.34739245081457
251  -7.84473105654004  9.97238473793333
252  -7.33892370478818   10.912066761089
253  -6.91998300591563  11.9159116645812
254  -6.45358925643028  12.9202729684652
255  -5.84263382640092   13.857258937585
256  -5.09266379647117  14.6929907969534
257  -4.22756448446897  15.4095284772797
258  -3.27962237872628  16.0100904993095
259  -2.25909251599207  16.4689281249847
260  -1.18509899539198    16.76471447138
