// Id               X                Y
  1  -0.0738542644176674 -0.0639916192686368
  2   0.86538466218514 -0.0504355878422225
  3   1.77787145808494 0.126197126271925
  4   2.64091057467933 0.430642132091947
  5    3.4510845264342 0.827559872900993
  6   4.21984552813966  1.27613027070433
  7   4.97474117190735  1.72623383068637
  8   5.75156971399514  2.11682909588929
  9    6.5774518117993  2.37201248257142
 10    7.4353302039985  2.37233161533787
 11   8.24068887589013  2.05858224108573
 12   8.58817567120667  1.73863294740709
 13   8.84288583132655  1.28922349058495
 14   8.86830673874734 0.610885420376462
 15   8.32722838062807 0.151609518308538
 16   7.82773133073116 0.937031521400924
 17   7.60639130843807  1.11014355685204
 18   7.36286395228659  1.15749893018573
 19   7.12100304376895  1.12052980374002
 20   6.89768711838672  1.02722148744709
 21    6.6949845509143 0.901710081804448
 22   6.50942015812931 0.759714098200444
 23   6.33933326751815 0.614529632072462
 24   6.19097804941235 0.484058643554896
 25   6.05525187418964  0.36723816442839
 26     5.920918166093 0.257740123455899
 27   5.78537798273625 0.155735877470346
 28   5.64737602735121 0.0617881477090195
 29   5.50635424947456 -0.0235969072643462
 30   5.36223029392468 -0.100124331468083
 31   5.21527230130449 -0.167770474149023
 32   5.06597322997327 -0.226783127638943
 33   4.91491574487701 -0.277636025641741
 34    4.7626609525844 -0.320955423636525
 35   4.60968537693341 -0.357442514645338
 36   4.45636259165548 -0.387810571336864
 37   4.30297115042563 -0.412743481128243
 38   4.14971214940637 -0.432872890934954
 39   3.99672714671924 -0.448768006797831
 40    3.8441130170287 -0.460932908178159
 41   3.69193326840539 -0.469808156738583
 42   3.54022637374854 -0.475775072955466
 43   3.38901183527616 -0.479162008164336
 44   3.23829460837212 -0.48025237493698
 45   3.08806839726014 -0.479294289151515
 46   2.93831824670189 -0.476511533849784
 47    2.7890227599245 -0.472115233614152
 48   2.64015612820312 -0.466315183180083
 49    2.4916899530396 -0.459329322190958
 50   2.34359464353369 -0.451389604686322
 51   2.19584011284815 -0.442742748429982
 52   2.04839568837443 -0.433645240047758
 53   1.90122953631688 -0.424353390917362
 54   1.75430822374815 -0.415110682837178
 55   1.60759701367084 -0.406135446988054
 56    1.4610610735181 -0.397611678728429
 57   1.31466725255349 -0.38968464029571
 58   1.16838579891373 -0.382461411213443
 59    1.0221914746953 -0.376015328119678
 60  0.876063851063027 -0.370392654263483
 61  0.729986891778979 -0.36561983407764
 62  0.583948112222637 -0.361710104181278
 63  0.437937614857439 -0.358668786121394
 64  0.291947215515003 -0.356497079722718
 65  0.145969762627206 -0.355194509699044
 66  -1.33992902822832e-06 -0.354760335086283
 67  -0.145972452426925 -0.355194241094508
 68  -0.29194993508945 -0.356496542307193
 69  -0.437940383877648  -0.3586679794571
 70  -0.583950950051316 -0.361709027632913
 71  -0.729989817265465 -0.365618487065381
 72  -0.876066882259229 -0.370391036955302
 73  -1.02219462848754 -0.376013442806564
 74  -1.16838909059709 -0.38245926457342
 75  -1.31467069542066 -0.38968224662846
 76  -1.46106467857567 -0.397609064022637
 77  -1.60760078960017 -0.406132653395424
 78  -1.75431217716213 -0.415107772850722
 79   -1.9012336722303 -0.424350450413911
 80  -2.04840001066745 -0.433642379482426
 81  -2.19584462446216 -0.442740101904758
 82   -2.3435993462589 -0.451387327235776
 83  -2.49169484697701 -0.45932758616745
 84  -2.64016121116078 -0.466314174803378
 85  -2.78902802702542 -0.472115150473121
 86  -2.93832369034994 -0.476512583540525
 87  -3.08807400743992 -0.479296688574272
 88  -3.23830037313609 -0.480256349288249
 89  -3.38901774121336 -0.479167788459218
 90  -3.54023240619271 -0.475782890994037
 91  -3.69193941108961 -0.469818236729142
 92  -3.84411925081663 -0.460945454680761
 93  -3.99673344696203 -0.448783189187948
 94  -4.14971848141861 -0.432890825136154
 95  -4.30297746256442 -0.412764209828978
 96   -4.4563688054955 -0.387834044172295
 97  -4.60969137394913 -0.357468569785958
 98  -4.76266655635963 -0.320983771899783
 99  -4.91492069698408 -0.277666237958298
100   -5.0659771566626 -0.226814627240654
101   -5.2152746688908 -0.167802537062634
102  -5.36223035669242 -0.10015610239494
103  -5.50635100602935 -0.0236274400481046
104  -5.64736821142579 0.0617598174064331
105  -5.78536410766177 0.155710622844047
106  -5.92089660868488 0.257718574655294
107  -6.05522090009702 0.367220474274207
108  -6.19093526361328 0.484043807459908
109   -6.3392459319243 0.614489676390371
110  -6.50931935165712 0.759678843121957
111  -6.69487235904646 0.901680832450694
112  -6.89756513389522  1.02719743665666
113   -7.1208729030627  1.12051010926195
114  -7.36272661367893  1.15748370305257
115   -7.6062481480159  1.11013515534034
116  -7.82758976532197 0.937035253558874
117  -8.32707971592142 0.151635099299743
118  -8.86810286264045 0.610913555007087
119  -8.84301338799186  1.28903610329444
120  -8.58892756467774  1.73843540671836
121  -8.24232893870298  2.05857712277315
122  -7.43820398844618  2.37350007390492
123  -6.58152438748033  2.37446990302217
124  -5.75764006164297  2.12038301943281
125  -4.98446154563195  1.73023513211564
126  -4.23587179052203    1.280617496665
127  -3.47718710170409 0.832827760478689
128  -2.68248911508995 0.436971785549428
129  -1.84287640851909 0.133526243186503
130  -0.965859870774907 -0.0426673212950691
131  0.00485195877005136 0.507078160496949
132  0.871683924202449 0.566416488833217
133   1.72191728641233 0.747681970418376
134   2.54400608072877  1.04693862400342
135   3.33492131776281  1.44043300623737
136   4.10975218240915  1.88998025792563
137   4.90263040877482   2.3449280779181
138   5.76373635453115  2.73570324845606
139   6.79224743901718  2.95420164384284
140    7.8614505538171  2.78063129699861
141   8.71573783040346  2.10441177573373
142   9.01624353389264  1.46550716596176
143   9.08422713289301 0.746032930882431
144   8.94536015064227 0.0110276212449368
145    8.6763892227296 -0.70472108778626
146    8.3041585483192 -1.54008206421979
147   8.18405880065719 -1.70818478546305
148   8.17750157170012 -1.71647467128179
149   8.16790206285205 -1.72846699485158
150   8.15246558611303 -1.74740581525008
151    8.1273453111248 -1.77736410316742
152   8.08859524988228 -1.82164887144839
153   8.00748697398672 -1.90769363536612
154   7.90249218718709 -2.00805560695785
155   7.78390660107392 -2.10944158873712
156   7.65489424637574 -2.20814401097015
157   7.51686593947584 -2.30281902035014
158   7.37088803514752 -2.39276785605543
159   7.21788260216596 -2.47762028910158
160   7.05866778603792 -2.55721392975732
161   6.89394947925335 -2.63153349758099
162   6.72432771324273   -2.700663615322
163   6.55032602399505 -2.76475127924018
164   6.37242173476588 -2.82398280143578
165   6.19106139356223 -2.87857271859972
166   6.00666207748162 -2.92875776910291
167   5.81960652462797 -2.97479102046683
168   5.63023851645623   -3.016934839956
169   5.43886116415968 -3.05545346001744
170   5.24573820686067 -3.09060627505293
171   5.05109743345313 -3.12264261392141
172   4.85513522770209  -3.1517982239497
173    4.6580214356137 -3.17829333288621
174   4.45990398024847 -3.20233195651548
175   4.26091281662464 -3.22410205203773
176   4.06116294528346 -3.24377614025656
177   3.86075634619983  -3.2615121084602
178   3.65978290833816 -3.27745404434384
179   3.45832071109048 -3.29173311510944
180   3.25643626297404 -3.30446864923317
181   3.05418534701854 -3.31576963695446
182    2.8516148322557 -3.32573678493297
183   2.64876525796557 -3.33446504168347
184   2.44567348586914 -3.34204623793751
185   2.24237458717713 -3.34857130149219
186   2.03890248089788 -3.35413152556916
187   1.83528942494498 -3.35881860267744
188   1.63156490993828 -3.36272347423633
189   1.42775460198821 -3.36593433556528
190   1.22387977212318 -3.36853427007737
191   1.01995733386818 -3.37059895282243
192  0.816000365142529  -3.3721947216877
193  0.612018887551909 -3.37337714470478
194  0.408020692789147 -3.37419007320314
195  0.204012082098056 -3.37466508790415
196  -1.53144485678859e-06 -3.37482121672058
197  -0.204015143748409 -3.37466481474415
198  -0.408023750701918 -3.37418953285271
199  -0.612021939183192 -3.37337634925313
200  -0.816003407914272 -3.37219368962654
201  -1.01996036523832 -3.37059770942674
202  -1.22388278972489 -3.36853284783354
203  -1.42775760382717 -3.36593277458546
204  -1.63156789460469 -3.36272182260113
205  -1.83529239176407 -3.35881691667332
206  -2.03890542992993 -3.35412986983779
207  -2.24237751901676 -3.34856974917844
208  -2.44567640129823 -3.34204487098672
209  -2.64876815765802 -3.33446395145712
210  -2.85161771683717 -3.32573607325049
211  -3.05418821775404 -3.31576941752237
212  -3.25643912316163 -3.30446904923114
213  -3.45832356796548 -3.29173427653619
214  -3.65978577509881 -3.27745612464525
215  -3.86075924375675 -3.26151527998233
216   -4.0611659034866 -3.24378058815643
217  -4.26091587489811 -3.22410797039255
218  -4.45990718764915  -3.2023395424577
219   -4.6580248502953 -3.17830277864767
220  -4.85513891564206 -3.15180970673902
221  -5.05110146614626 -3.12265628361233
222  -5.24574265753212 -3.09062223975909
223  -5.43886610191624 -3.05547176980013
224  -5.63024399768741 -3.01695546918432
225  -5.81961258091487 -2.97481384974369
226   -6.0066686993443 -2.92878256818449
227  -6.19106850969417 -2.87859913231452
228  -6.37242918716563 -2.82401034108939
229  -6.55033354077087 -2.76477932206804
230  -6.72433488269657 -2.70069141386423
231  -6.89395573009321 -2.63156019943538
232  -7.05867237708597 -2.55723860714072
233  -7.21788461957318 -2.47764197898702
234  -7.37088639003913  -2.3927856154044
235  -7.51685936246373 -2.30283200303745
236  -7.65488128820878 -2.20815157066892
237  -7.78388566087667 -2.10944341083259
238  -7.90246161892656 -2.00805186244178
239  -8.00744889409694 -1.90768171335411
240   -8.0885390829028 -1.82164206258181
241  -8.12728065013947 -1.77735970739275
242  -8.15239595574789 -1.74740238180656
243  -8.16782901935077 -1.72846458017344
244  -8.17742588113528 -1.71647360867337
245  -8.18398073651683 -1.70818531588135
246  -8.30406310373044 -1.54007770572363
247  -8.67621309115815 -0.704688614347527
248  -8.94515177211959 0.0110522089611036
249  -9.08414609128927 0.746021247544664
250  -9.01654475425811  1.46553978106486
251  -8.71647952006527   2.1049730993582
252  -7.86277202141245   2.7824748990892
253  -6.79351036052023  2.95737501026119
254  -5.76373979305601  2.73902196641043
255  -4.90193307214237  2.34732039376817
256  -4.10899928726391  1.89097162341977
257  -3.33413617593217  1.43983805154714
258  -2.54261728150665  1.04501713998129
259  -1.71868617666578 0.745188726988796
260  -0.864348102967866 0.564399927518487
