// Id               X                Y
  1  -0.0970210112730352  3.61346827516534
  2  0.916484503784232   3.5924363112672
  3    1.9532685585645  3.51110965471946
  4   3.01350237501992   3.3355200213894
  5    4.0550696256343  3.04400810671186
  6   4.97874886555405  2.69232449704603
  7   5.90557063677646  2.46598206614375
  8   6.85709365688388  2.40363673458393
  9   7.81547676692648  2.42806242812818
 10   8.76433099501758  2.34251477986587
 11   9.58508520035661  1.86917884816556
 12   9.79279693984325  1.38365171878835
 13    9.7208811886949 0.862602240029576
 14   9.37792259196217 0.456692583221003
 15   8.87907482177846 0.275422217323572
 16   8.17877086103385 0.379759396167026
 17   7.76458416157568 0.538519383924149
 18   7.66550763733325  0.58503300732231
 19   7.58905418810871 0.623141575651811
 20   7.51908926743915 0.659667023520612
 21   7.45007318991619  0.69712925284176
 22   7.37798382991879 0.737767007917553
 23   7.30111385818084  0.78265745660122
 24   7.21900403505475 0.832303419564143
 25   7.13162786593263 0.886893578579896
 26   7.03908592797652 0.946508461420125
 27   6.94147649204287  1.01115428835078
 28   6.83886497273621  1.08078149615643
 29   6.73127363354734  1.15528062330283
 30   6.61868121263131  1.23447734393992
 31   6.50102578158043  1.31812626802734
 32   6.37821056205325  1.40590535910421
 33   6.25011251499248  1.49741151335001
 34    6.1165935583644  1.59215821751499
 35   5.97751391181085  1.68957633748409
 36    5.8327467527609  1.78901906710597
 37   5.68219318261145  1.88977172792736
 38   5.52579650728998  1.99106649216772
 39   5.36355500903364  2.09210136616172
 40   5.19553263085931  2.19206215210973
 41   5.02186719490556  2.29014578672353
 42   4.84277584899296  2.38558348415034
 43   4.65855736825828  2.47766239309307
 44   4.46959078519725  2.56574484443542
 45    4.2763296926571  2.64928455645514
 46    4.0792916088578  2.72783929334084
 47   3.87904215777642  2.80107945348309
 48   3.67617456622115  2.86879200668681
 49   3.47128599449939  2.93087926560792
 50   3.26495316915674  2.98735229551637
 51   3.05771023839627  3.03831934151043
 52    2.8500314282509  3.08397032537997
 53   2.64232000383724  3.12455898492281
 54   2.43490365802232  3.16038439733138
 55   2.22803529424124  3.19177341117747
 56   2.02189758143088  3.21906503959977
 57   1.81660965101373  3.24259733725578
 58   1.61223466081752   3.2626968482493
 59    1.4087874079959  3.27967043281878
 60   1.20624155960992   3.2937991439799
 61   1.00453632623909  3.30533378656787
 62  0.803582545782811  3.31449180623167
 63  0.603268212064705  3.32145519515015
 64  0.403463512273987  3.32636914877045
 65  0.204025451151043  3.32934125686331
 66  0.00480214858382801  3.33044106023585
 67  -0.194363095751507  3.32969985093638
 68  -0.393627871641964  3.32711063879949
 69  -0.593146759079146  3.32262825107383
 70  -0.793067357290166  3.31616957517882
 71  -0.993526140693814   3.3076139979556
 72  -1.19464404464306  3.29680413869699
 73  -1.39652169002303  3.28354701822014
 74  -1.59923416400035  3.26761585248562
 75  -1.80282528646714     3.24875270644
 76  -2.00730131492953  3.22667229025219
 77  -2.21262409081367  3.20106722122864
 78   -2.4187037356514  3.17161509928187
 79  -2.62539120300071  3.13798772982606
 80  -2.83247130738354  3.09986273990808
 81  -3.03965726279749  3.05693762851756
 82  -3.24658815708814  3.00894594246933
 83  -3.45283095250165  2.95567479858462
 84  -3.65788830207843   2.8969824857846
 85  -3.86121260638497  2.83281454875759
 86   -4.0622254826774  2.76321673929145
 87  -4.26034061460364  2.68834356912619
 88  -4.45498726837353  2.60846179259555
 89  -4.64563183513538  2.52394876566042
 90  -4.83179546511074   2.4352860697911
 91  -5.01306683036817  2.34304898036812
 92  -5.18910991384265  2.24789236503139
 93  -5.35966725993431  2.15053355614424
 94  -5.52455931950784  2.05173277901118
 95  -5.68368048621678  1.95227188913012
 96  -5.83699229335241  1.85293244481611
 97  -5.98451413977981   1.7544744091693
 98  -6.12631191179053   1.6576168974823
 99  -6.26248497972651  1.56302225202633
100  -6.39315223043064  1.47128431709046
101  -6.51843796309271  1.38292120120122
102  -6.63845853743973  1.29837222564537
103  -6.75331057190838  1.21799833504331
104  -6.86306126653493  1.14208506596987
105  -6.96774116711772  1.07084719313641
106  -7.06733961188973  1.00443422645626
107  -7.16180381102136 0.942935602410393
108   -7.2510458847675 0.886382609180085
109  -7.33497385419497 0.834737865720386
110  -7.41359725661576 0.787845439504195
111  -7.48734385488054 0.745273637770951
112  -7.55785287966719 0.705931930038301
113  -7.62923913745498 0.667531620984877
114  -7.70737935724663 0.627234150156216
115  -7.80896455624841 0.577694727262395
116  -8.22033716549663 0.410710317487104
117  -8.91731742355674 0.285253674864706
118   -9.4239428542538 0.444674842785734
119  -9.78779077513516 0.832041827860886
120  -9.88829520848752  1.34798967055412
121  -9.70550353948172  1.84273996225264
122  -8.90467141079734  2.34383629518635
123  -7.96049138541768  2.44316492694568
124  -7.00718927416052  2.41769519371391
125   -6.0603991457634  2.46845861437629
126  -5.13750826902862  2.67816926187722
127  -4.23867815253753  3.00583672053626
128  -3.20733866388478  3.30636732247298
129  -2.14725516713285  3.49385879183273
130  -1.12374515983105  3.55430123562202
131  -0.0653376682921994  4.20164060330624
132  0.976372672546022  4.17835772816444
133   2.01200324209934    4.096148871538
134   3.03390703524512  3.92352132719103
135   4.03530136411582  3.63535855898013
136   5.02522286433446  3.29587484373288
137   6.03495662251044   3.0560298329531
138   7.07067675621039  2.97651266856953
139   8.12349357986157  2.95926800072213
140   9.17610914431604  2.79299860208486
141    10.049703227534  2.18074986532858
142   10.3330699604721  1.57630946872597
143   10.3109307627355 0.908049490296141
144   9.97211766765916 0.327819294210273
145   9.47756205602584 -0.131135238090117
146    9.9369053778722 -0.681935673412498
147   10.0191911822154 -1.05054482718093
148   9.88146450805323 -1.33743621237766
149   9.67188190112601 -1.56126512280207
150   9.42427551135728 -1.73479796990396
151    9.1544311773996 -1.86563186324713
152   8.87302611131504 -1.96032078386036
153   8.58686033507893 -2.02389765992219
154   8.30029604069998 -2.06004979313543
155   8.01633561519328 -2.07173182742704
156   7.73716428969823 -2.06158461327496
157   7.46439130815607 -2.03211651832681
158   7.19916706824628 -1.98575313378118
159   6.94225649728721 -1.92483440204655
160   6.69409665687788 -1.85159804224325
161   6.45484656020817 -1.76816417477454
162   6.22443119084246 -1.67652497044835
163   6.00258053600548 -1.57853890930792
164   5.78886456468109 -1.47592806092626
165     5.582725299668 -1.37027686672435
166    5.3835070803312 -1.26303142031372
167   5.19048571426164 -1.15549884189773
168   5.00289656285868 -1.04884682756578
169      4.81996091003 -0.944103718071886
170   4.64090947592778 -0.842159470635198
171   4.46500183962618 -0.743767818404881
172   4.29154086372085 -0.649549783934475
173   4.11988186853507 -0.559998652267246
174   3.94943709899751 -0.47548650285257
175   3.77967675054919 -0.396272378387407
176   3.61012826245044 -0.322512051644913
177   3.44037557253923 -0.254269111477825
178   3.27005948215436 -0.191526798350055
179   3.09887932136991 -0.134199833396094
180   2.92659507918405 -0.0821455507926557
181   2.75302853042175 -0.0351739795916633
182   2.57806196858685 0.00694303247346761
183   2.40163389316421 0.044463252667403
184   2.22373199569572 0.0776656436239842
185   2.04438454423312 0.106841926703953
186   1.86365149828062 0.132288279133208
187   1.68161643904212 0.154297510653263
188   1.49837991949825 0.173152071400398
189   1.31405437772129 0.189118110650506
190   1.12876045212743 0.202440634939323
191  0.942624405205743 0.213339680970408
192  0.755776352305891  0.22200735214374
193  0.568349042273316 0.228605557989464
194   0.38047700198756 0.233264318869586
195  0.192295914117256 0.236080532074851
196  0.00394213943598259 0.237117127160638
197  -0.184447677412616  0.23640256370509
198  -0.37273696356382 0.233930644142411
199  -0.560789571987753 0.229660630109883
200  -0.748470169736381 0.223517665072858
201  -0.935644701252016 0.215393520804032
202  -1.12218097992648 0.205147702547212
203  -1.30794948276021 0.192608969429101
204   -1.4928244566835  0.17757735412654
205  -1.67668549241635 0.159826797102782
206  -1.85941977913988  0.13910853775032
207  -2.04092530583159 0.115155410961842
208  -2.22111528998922 0.0876871608106914
209  -2.39992404028841 0.0564167868721367
210  -2.57731424281914 0.0210577923930329
211  -2.75328528508262 -0.0186679418624766
212  -2.92788177321133 -0.0630219929328317
213  -3.10120104692181 -0.112241173561809
214  -3.27339849915437 -0.166529233943262
215  -3.44469000573771 -0.226048192910436
216  -3.61535164403426 -0.290908891850898
217  -3.78571773893979 -0.361160528003632
218  -3.95617867243765 -0.436779299634923
219  -4.12717961047426 -0.517656678136137
220  -4.29922048068887 -0.603588009636669
221  -4.47285656503842 -0.694262076399542
222  -4.64869834449827 -0.789252003983949
223  -4.82740896381877 -0.888007635631399
224  -5.00969788018415 -0.989849321162381
225  -5.19630979161012 -1.09396300471776
226  -5.38800862574174 -1.19939649268321
227  -5.58555701676091 -1.30505677028288
228   -5.7896921347104 -1.40970817872987
229  -6.00109883638843 -1.51197119576914
230  -6.22038085459583 -1.61032156597399
231  -6.44803022764451 -1.70308969328162
232  -6.68439458011646 -1.78846057375287
233  -6.92964140061729 -1.86447505906855
234   -7.1837182558883 -1.92903373977559
235  -7.44630792662299 -1.97990487633779
236  -7.71677745869892 -2.01473679310458
237  -7.99411902424189 -2.03107114488569
238  -8.27687500347414 -2.02634260778421
239  -8.56302117942343 -1.99782643000246
240  -8.84973218306652 -1.94245382146077
241  -9.13285313226977 -1.85638446175523
242  -9.40582126775947 -1.73435888557681
243  -9.65814746255962 -1.56940722400979
244  -9.87404483376556 -1.35317952807538
245  -10.0197714291027 -1.07172351479978
246  -9.94667872487201 -0.702371747280728
247  -9.50346095773969 -0.138902689127974
248  -10.0196424771408 0.296086605200785
249  -10.3836197736453  0.86110469915525
250  -10.4336997065246  1.52806799031017
251  -10.1743007062006  2.14338799921348
252  -9.32369045568822  2.78706988816482
253   -8.2738946373326  2.97120998610434
254   -7.2209540409194  2.99074941067449
255  -6.18577899010152  3.06043930283543
256  -5.17480205792797  3.28469327532662
257  -4.17754435254549  3.60592044184184
258  -3.17163938401062  3.89495485869655
259  -2.14688502504448  4.08193045175085
260  -1.10720720878058  4.14462174427607
