// Id               X                Y
  1  -0.302462609763147  5.68745621795753
  2  0.739689427787427  5.65341631665942
  3   1.78736661253326  5.49739409045367
  4   2.82038383728526  5.20986834253382
  5   3.80847547901601  4.77507029041589
  6   4.74212624879229  4.25056496528751
  7   5.64465338519598  3.69580733963471
  8    6.5513708786499   3.1559701852894
  9    7.4361271497678  2.59887857074898
 10   8.23058817045286  1.92971172571274
 11   8.75831176912638  1.00131102738989
 12   8.68667631802739 0.352440822666105
 13   8.33707927680288 -0.0765788889900877
 14   7.84207407563543 -0.218596761070892
 15   7.37338633393294 -0.0519858203963415
 16   6.99882782027677 0.533870203676005
 17   6.77768125641184  1.54324845666543
 18   6.66587163452416  1.83606394238924
 19   6.58459305959589  2.00965067270815
 20   6.51356757835653  2.14281971487112
 21   6.44851340572464  2.25320592734462
 22   6.38682535628727  2.34965986778767
 23   6.32628336405854  2.43795261387225
 24   6.26499099424355  2.52189289045133
 25   6.20153363260973  2.60400224094394
 26   6.13476645680037   2.6858194248402
 27   6.06391724658577  2.76833879304556
 28   5.98837521262898  2.85208556182294
 29   5.90776219923629  2.93734297477251
 30   5.82182343159305  3.02418096640568
 31   5.73043553005969  3.11255634918083
 32   5.63356155447145  3.20233891373596
 33   5.53123676729161  3.29334819818004
 34   5.42354708492146  3.38536972089291
 35   5.31061430061273  3.47816846296992
 36   5.19258274441335  3.57149630397365
 37   5.06960911475066  3.66509694760413
 38   4.94185468996695  3.75870874765041
 39   4.80947992665286  3.85206654924959
 40   4.67264102016839  3.94490296362076
 41   4.53148811457585   4.0369494779889
 42   4.38616478003782  4.12793756235484
 43   4.23680842527626  4.21759986140544
 44   4.08355134333364  4.30567147631807
 45   3.92652214108185  4.39189130731985
 46   3.76584735198653    4.476003409712
 47   3.60165307899658  4.55775831456043
 48   3.43406655599439  4.63691427160529
 49   3.26321755150304  4.71323838227704
 50   3.08923956718266  4.78650760185546
 51   2.91227080654365  4.85650960001984
 52   2.73245490695604  4.92304347748346
 53   2.54994144118261  4.98592034286493
 54   2.36488620401134  5.04496375857054
 55   2.17745130573623  5.10001006755287
 56   1.98780509778519  5.15090861471688
 57   1.79612195720526  5.19752187777021
 58   1.60258195642859  5.23972552269532
 59   1.40737044315811  5.27740839892203
 60   1.21067755270104  5.31047248880786
 61   1.01269767197793  5.33883282525632
 62  0.813628871045172  5.36241739026895
 63    0.6136723145458  5.38116700597113
 64  0.413031662257316  5.39503522821193
 65  0.211912464997983  5.40398825124969
 66  0.0105215597035781  5.40800483033344
 67  -0.190933534425095  5.40707622720836
 68  -0.392245218127103  5.40120618173856
 69  -0.593206412769433  5.39041091097585
 70  -0.793611159728772  5.37471913512647
 71  -0.993255218130004  5.35417212799489
 72  -1.19193665944125  5.32882378763101
 73  -1.38945645567222  5.29874072109214
 74  -1.58561905562526  5.26400233547766
 75    -1.780232940878  5.22470092572851
 76  -1.97311115003927  5.18094174813742
 77  -2.16407175646189  5.13284306712242
 78  -2.35293828120707  5.08053616161192
 79  -2.53954001987228   5.0241652764159
 80  -2.72371225919493  4.96388750326772
 81  -2.90529635744676  4.89987257589014
 82  -3.08413966189218  4.83230256358677
 83  -3.26009523738739  4.76137144866086
 84  -3.43302138298073  4.68728457466963
 85  -3.60278091862863  4.61025795545823
 86  -3.76924023243672  4.53051743945742
 87  -3.93226809084216  4.44829773022698
 88  -4.09173423065253  4.36384127289632
 89  -4.24750777372471  4.27739702687001
 90   -4.3994555332067  4.18921915721548
 91  -4.54744031545499  4.09956568888796
 92  -4.69131936433994  4.00869717640873
 93  -4.83094314435507  3.91687544243305
 94  -4.96615471343275  3.82436242465365
 95  -5.09678999347799  3.73141913613596
 96  -5.22267929447385  3.63830467228023
 97  -5.34365049125624  3.54527509856354
 98   -5.4595342442262  3.45258187027617
 99  -5.57017166099125  3.36046926297684
100  -5.67542466448188  3.26916993499867
101  -5.77518932038473   3.1788975045033
102    -5.869412168856  3.08983444932621
103  -5.95810965993699  3.00211315433685
104  -6.04139091048872  2.91578706003637
105  -6.11948426666379  2.83078745283515
106  -6.19276898699206  2.74685954576429
107   -6.2618139588359  2.66346803714293
108  -6.32742564001601  2.57965749743634
109  -6.39070561578432  2.49384658114607
110  -6.45311042257038  2.40352831682672
111  -6.51648742167572  2.30484443977128
112  -6.58303872482656   2.1919775030304
113  -6.65527784333034  2.05595366812908
114  -6.73726106185251  1.87897063706706
115  -6.84820085766396  1.58207047598795
116  -7.05595419040623 0.570644668320037
117  -7.41300535691561 -0.0274748283642074
118   -7.8726992444463 -0.215289956148107
119  -8.37357881438051 -0.100643130845212
120  -8.74330283220643  0.30570568018769
121  -8.84368253705501 0.945399310812888
122  -8.34402851502346  1.88045437692434
123  -7.61453969779031  2.51798813692573
124  -6.80751099971848  3.03709655167907
125  -5.98683784812504  3.53220528459608
126  -5.16894970550631  4.04543750508988
127  -4.30264290520914  4.57718965230609
128  -3.34710650683937  5.04847602714813
129  -2.33851279910774  5.38018913667841
130  -1.31972143996893  5.56896149673054
131  -0.0141068822282999  6.20138722369708
132   1.08940346938958  6.13943173345923
133   2.17705982519158  5.94538381864774
134    3.2334218697654  5.62421460988858
135   4.23741736010075  5.17427811572003
136   5.19304741135532  4.63559855182941
137   6.12946963870846  4.06622210575322
138   7.06418684265536  3.49184531641338
139   7.97907333940768  2.87996954693313
140   8.78230863137129  2.12408306424751
141   9.23315275600171  1.12177242329339
142   9.19401747112257 0.421633301252081
143   8.83337254216034 -0.191629110411988
144   8.22524962566557 -0.582035596528643
145   7.52603505350165 -0.768830400573283
146   6.82639047201363 -0.910311151702847
147   6.66331846699574 -0.91487053940111
148   6.49561229660034 -0.906971664392955
149   6.32760936766819 -0.886344729047325
150    6.1616657806882 -0.853626511947253
151    5.9985108362341 -0.809581032425925
152    5.8387131516332 -0.75509337262827
153   5.68276682569637 -0.691195621265023
154   5.53101672942976 -0.619029747814105
155    5.3836175282665 -0.53978517520385
156   5.24053727473338 -0.454640243657921
157   5.10158643177769 -0.364718291976075
158   4.96645445226077 -0.271058399054726
159   4.83474700321368 -0.174599160932533
160   4.70601982553438 -0.0761729640901792
161   4.57980727171499 0.0234922502832945
162   4.45564448585259 0.123766543215126
163   4.33308359245806 0.224108867536269
164   4.21170467600083 0.324056712754362
165   4.09112253241113 0.423215484484658
166   3.97099013479377 0.521248281956322
167   3.85099967328053 0.617866484257425
168   3.73088189760374 0.712821368542334
169   3.61040434949108 0.805896848380093
170     3.489368935087 0.896903327385968
171   3.36760916830936 0.985672602541107
172   3.24498731749931     1.07205371603
173   3.12139161040397  1.15590963761128
174   2.99673359408407  1.23711465604872
175   2.87094570371719  1.31555236338671
176    2.7439790641999   1.3911141262285
177   2.61580152801831  1.46369795096948
178   2.48639593959801   1.5332076632994
179   2.35575860831136  1.59955233506607
180   2.22389796800357  1.66264590316786
181   2.09083339916649  1.72240693525617
182   1.95659418990019  1.77875850565276
183   1.82121861295047   1.8316281521186
184   1.68475309795703  1.88094789010395
185   1.54725148028715  1.92665426603774
186   1.40877431024591   1.9686884352424
187   1.26938820889527  2.00699625334066
188   1.12916525907474    2.041528372683
189  0.988182422417981  2.07224033747885
190  0.846520975151381  2.09909267305096
191  0.704265957205904  2.12205096602088
192  0.561505630654586  2.14108593332939
193  0.418330944701815  2.15617347884037
194  0.274835005406831  2.16729473690279
195  0.131112549044585  2.17443610268119
196  -0.0127405814790282  2.17758924933612
197  -0.156627957401317  2.17675113227259
198  -0.300453082115334  2.17192398070652
199  -0.444119906395523  2.16311527676431
200  -0.58753334084323  2.15033772226753
201  -0.730599765694973  2.13360919330356
202  -0.873227538386784   2.1129526826863
203  -1.01532749965355  2.08839623050495
204  -1.15681347949209  2.05997284318098
205  -1.29760280506373  2.02772040183311
206  -1.43761681358835  1.99168156131877
207  -1.57678137451435  1.95190364210474
208  -1.71502742675597  1.90843851815284
209  -1.85229153857569  1.86134250532455
210  -1.98851649974635  1.81067625646029
211  -2.12365195793054  1.75650467133531
212  -2.25765511371594  1.69889683221385
213  -2.39049149137889  1.63792597881542
214  -2.52213580510984  1.57366954029408
215  -2.65257294297911  1.50620924646184
216  -2.78179909313929  1.43563134613499
217  -2.90982303835122  1.36202696734034
218  -3.03666764546445   1.2854926623842
219  -3.16237157539239  1.20613119062461
220  -3.28699123559447  1.12405260326059
221  -3.41060299002702  1.03937570742726
222  -3.53330562950408  0.95223000087762
223    -3.655223086528  0.86275818252795
224  -3.77650735048766 0.771119356397868
225  -3.89734149871051   0.6774930543289
226  -4.01794270274846 0.582084202627237
227    -4.138564993939 0.485129144712178
228  -4.25950147470596  0.38690280026905
229  -4.38108554131695 0.287726984704115
230  -4.50369054244668 0.187979823384499
231  -4.62772714541902 0.0881060641787103
232  -4.75363753624939 -0.0113720918395359
233  -4.88188547184431 -0.109844272289561
234  -5.01294117927284 -0.206602293006534
235  -5.14726022798629 -0.300832994588388
236  -5.28525589149857 -0.391615494144223
237  -5.42726532674223 -0.477925398564559
238  -5.57351140673453 -0.558649083359763
239  -5.72406468430325 -0.632611330133505
240  -5.87881432067522 -0.698618702930819
241  -6.03746299748463 -0.755517496971942
242  -6.19956452948084 -0.802256025131414
243  -6.36459691423568 -0.837923309916404
244  -6.53187988248033 -0.861721753882465
245  -6.69911427729547 -0.872940335559051
246  -6.86216846757678 -0.871708095691036
247  -7.56455463874288 -0.74489544663624
248  -8.26806589524381 -0.569220643968353
249  -8.88069715825574 -0.182463403322402
250  -9.24601246615183 0.431325058929113
251  -9.29461863276125   1.1339671148086
252  -8.86327835180175  2.14731261638884
253  -8.07109588336966  2.91590663894879
254  -7.15679076250579  3.53304225796505
255  -6.20920330694893  4.09785074187451
256   -5.2526669514353  4.65034686470882
257   -4.2798998752529  5.18008966160963
258  -3.26709804142489  5.63085743567396
259  -2.20759624819764  5.95252537806896
260  -1.11681493090823  6.13316637649521
