// Id               X                Y
  1  -0.0698859545248719 -0.0643534316578375
  2  0.894050899883905 -0.0846682494395252
  3   1.80625788610528 0.0676461940152312
  4   2.66136771456796 0.384925032595396
  5   3.45572205835339 0.809625637554103
  6   4.21295645542356  1.27619948685341
  7   4.96804006242634   1.7263062601977
  8   5.75390292162335  2.10192677148466
  9   6.58765574501492   2.3410023616124
 10   7.45156249704982   2.3614382389259
 11   8.28728437551057   2.1119410055201
 12   8.66764462052556  1.81980059468257
 13   8.94677739678604  1.39245620290094
 14   8.99188978626797 0.837949361172438
 15   8.64402637841192 0.396679233234215
 16   7.88994078225291 0.670644222408496
 17   7.14937402593579 0.942080044848139
 18   6.95927997666636 0.907114439635845
 19   6.78139563877011 0.838908434045379
 20    6.6088393981643 0.741693715782051
 21   6.45641518920919 0.634033876294536
 22   6.32182886316064 0.527082686483296
 23   6.19939891145951 0.425372216963877
 24   6.07960669599447 0.326314019098696
 25   5.95738315878304 0.229269480333584
 26   5.83149755492889 0.135947644463548
 27   5.70149564738495 0.0478662098614928
 28   5.56730047865139 -0.0339015627997502
 29   5.42918477550908 -0.108648131836262
 30   5.28765625891846 -0.176006034946272
 31   5.14332251184529 -0.235916499320718
 32   4.99678375153763 -0.288571209201923
 33   4.84856596673791 -0.334338600179587
 34   4.69909295119526 -0.373690426241324
 35   4.54868968080145 -0.407140012162457
 36   4.39761046330834 -0.43519722121752
 37   4.24608254648978 -0.45834156391893
 38   4.09433159645474 -0.477014360302998
 39    3.9425148631929 -0.491627477113245
 40   3.79062472878695 -0.502566813969888
 41   3.63860815124587 -0.510178320782452
 42   3.48648127434371 -0.514771818248599
 43   3.33432332250413 -0.516636330821797
 44   3.18224266748072 -0.516050784311402
 45   3.03035468781555 -0.513288987254706
 46    2.8787712118787 -0.508621302417841
 47     2.727595957659 -0.502314549795183
 48   2.57692269328966 -0.494630929264958
 49   2.42683466980345 -0.485826438186988
 50   2.27740471075354 -0.476149120438392
 51   2.12869568592932 -0.465837385318367
 52   1.98076125066321 -0.455118544515135
 53    1.8336468017988 -0.444207632231323
 54   1.68739062191996 -0.433306503748803
 55   1.54202504109039 -0.422603146710342
 56   1.39757720231979 -0.412271097096338
 57   1.25406862962612 -0.402468834343699
 58    1.1115129663968 -0.393339093761813
 59  0.969911254723532 -0.385008114521294
 60  0.829245163192983 -0.377584989302488
 61  0.689468759495028 -0.37116132888589
 62  0.550502407667791 -0.365811551497392
 63  0.412230642479399 -0.361593815612072
 64  0.274506284405902 -0.358551421618717
 65  0.137157918780764 -0.356714223208733
 66  3.08362916523731e-07 -0.356099743282745
 67  -0.137157295506646 -0.356713768712155
 68  -0.274505642703789 -0.358550519246488
 69  -0.412229974051596 -0.361592478737591
 70  -0.550501709682241 -0.365809800485682
 71  -0.689468035938516 -0.371159191390342
 72  -0.829244425678254 -0.377582500541672
 73  -0.969910522901719 -0.38500531746555
 74  -1.11151226781445  -0.3933360391503
 75  -1.25406799913976 -0.402465580489397
 76  -1.39757668124977 -0.412267709473721
 77  -1.54202467642201 -0.422599697358912
 78  -1.68739046570722 -0.433303070528567
 79  -1.83364691084991 -0.444204297960002
 80  -1.98076168644207 -0.455115396001188
 81  -2.12869651456017 -0.465834512291145
 82  -2.27740600299557 -0.476146614374031
 83  -2.42683650088809 -0.485824391028627
 84  -2.57692514252601 -0.494629432034019
 85  -2.72759910769908 -0.502313691083599
 86  -2.87877514750829 -0.508621166736549
 87  -3.03035949409109 -0.513289653201551
 88  -3.18224842696789 -0.516052322515322
 89  -3.33433011131429 -0.516638801644856
 90  -3.48648915660097 -0.514775269298665
 91  -3.63861717210653 -0.510182784420821
 92  -3.79063490828738 -0.502572305038409
 93  -3.94252620079329 -0.491633990296813
 94   -4.0943441006298 -0.477021864066924
 95  -4.24609626114086 -0.458349989757883
 96  -4.39762541483168 -0.435206460735311
 97  -4.54870583723259 -0.40714992105289
 98  -4.69911021374473 -0.373700831002798
 99  -4.84858417121546 -0.334349308976719
100  -4.99680265925359 -0.288582033561862
101  -5.14334181137197 -0.235927284489302
102   -5.2876755525242 -0.176016710271028
103  -5.42920358927881 -0.108658769374268
104  -5.56731825713102 -0.0339124584259912
105  -5.70151181276503 0.0478544820862659
106  -5.83151155714085 0.135934190204596
107  -5.95739449846698 0.229253058712551
108  -6.07961444942015 0.326292670577208
109   -6.1994007748599 0.425342527632102
110  -6.32182146382328 0.527040291551506
111  -6.45639201022643 0.633972635692193
112  -6.60879463907668 0.741611418183546
113  -6.78132580736561 0.838809600372887
114  -6.95919176389311    0.907010880893
115  -7.14927615647705 0.941980517216222
116  -7.88985714859754 0.670576332168786
117  -8.64395696618452 0.396650241856662
118   -8.9917953985724 0.837927790716434
119   -8.9466738887594  1.39241323026921
120  -8.66754636195317  1.81974891963459
121  -8.28719310495845  2.11189111305073
122  -7.45148569901955  2.36140642737991
123  -6.58759800040335  2.34098225091421
124  -5.75387857483848  2.10201641241031
125  -4.96797263716244  1.72697543787823
126    -4.213064994336  1.27813791319036
127   -3.4589423431773 0.812002686250162
128  -2.67692963412642 0.383482457722829
129  -1.84772920132192 0.0588192907675624
130  -0.972538284681719 -0.0935540132659635
131  0.016683367474763 0.497067831318203
132  0.884235781155685 0.529235448388118
133   1.73979446237992 0.686132121558461
134   2.56106037664366 0.997782081325998
135   3.34395622113914  1.42022633861298
136   4.11385503886856  1.88923732677615
137   4.90960196749243  2.34430119507141
138   5.77108631455147  2.71978260842151
139   6.77735767151982  2.93123466848325
140   7.84920156352375   2.8204916983151
141   8.77852527274422  2.25325224836593
142   9.16152143425284  1.67412004042071
143   9.31763470804339  1.02626911549395
144   9.29513477706307 0.430595146498162
145   9.13385494888927 -0.283378529257331
146   8.92714797067101 -1.10853775816201
147   8.92714529222598 -1.10854290904571
148   8.87717476733324 -1.19834292125463
149   8.80607363789649 -1.30946085298331
150   8.71039289969826 -1.43839921850738
151   8.59383115273275 -1.57426469187183
152    8.4609942675483 -1.70980839428635
153   8.31571570611219 -1.84141990706319
154   8.16372550421636 -1.96527783322313
155   8.00843732151504  -2.0803161201486
156   7.85064206547067 -2.18733904183765
157   7.69028482404979 -2.28732476735196
158   7.52710039571052 -2.38105737839047
159   7.36085375674719 -2.46909147460163
160   7.19142211471912  -2.5517983136782
161    7.0187874371388 -2.62943294981926
162   6.84299989847633 -2.70218913803125
163   6.66414319808516 -2.77023401098129
164   6.48230902923628 -2.83372698489951
165    6.2975806805521 -2.89282846035587
166   6.11002514358851 -2.94770218774859
167   5.91969646954395 -2.99851306121101
168   5.72666186484903 -3.04541990593229
169   5.53106972126933 -3.08856270376598
170   5.33320585229764 -3.12805997036764
171   5.13342006164237  -3.1640334368663
172    4.9320447663798 -3.19662413191606
173   4.72937233495273  -3.2259917929882
174   4.52565544215575 -3.25231012367979
175   4.32111213017664 -3.27576244679485
176   4.11593125342918 -3.29653832228293
177      3.91027700539 -3.31483093940006
178   3.70429216815063 -3.33083497862279
179   3.49810022795345 -3.34474468634837
180   3.29180662491711 -3.35675201109207
181   3.08549934507874 -3.36704474766278
182   2.87924897923744 -3.37580470061652
183   2.67310834923722 -3.38320591149832
184   2.46711184719726 -3.38941300672178
185   2.26127478980368 -3.39457972173087
186   2.05559329757737 -3.39884765252387
187   1.85004544408727 -3.40234527931118
188    1.6445942845516 -3.40518730400634
189   1.43919314817622  -3.4074743278346
190   1.23379276781556 -3.40929287670804
191   1.02834948900779 -3.41071574481039
192  0.822832324010305 -3.41180259987761
193  0.617227488929082 -3.41260074886723
194  0.411538949368576 -3.41314595040544
195  0.205786095920422 -3.41346315618979
196  -1.37010885820657e-06 -3.41356709514057
197  -0.205788841210969  -3.4134626387221
198  -0.411541709353659 -3.41314492445175
199  -0.617230271691213 -3.41259923239082
200  -0.822835135321774 -3.41180061981601
201   -1.0283523318794 -3.41071333705435
202  -1.23379564246012  -3.4092900860577
203  -1.43919605239682 -3.40747120792738
204  -1.64459721465267 -3.40518391719698
205  -1.85004839619997 -3.40234169647998
206   -2.0555962691944 -3.39884395278212
207  -2.26127778124117 -3.39457599198798
208  -2.46711486279474 -3.38940934109032
209  -2.67311139819479 -3.38320241052339
210  -2.87925207610315 -3.37580147032166
211  -3.08550250994727 -3.36704189842383
212  -3.29180988340518 -3.35674965635269
213  -3.49810361099645 -3.34474294119605
214  -3.70429571162908 -3.33083395824569
215  -3.91028074957806 -3.31483075744042
216  -4.11593524224401 -3.29653908910133
217  -4.32111641018979 -3.27576426764553
218  -4.52566006129641 -3.25231309680239
219  -4.72937734073003   -3.225996007627
220  -4.93205020330416 -3.19662966633166
221  -5.13342596723855 -3.16404035651502
222  -5.33321225067467 -3.12806832665888
223    -5.531076611366 -3.08857253446489
224  -5.72666920000137 -3.04543123911997
225  -5.91970414413842 -2.99852592091347
226   -6.1100330236553 -2.94771659053424
227  -6.29758862967744 -2.89284441028648
228  -6.48231690927708 -2.83374447373782
229  -6.66415085340374 -2.77025302482285
230  -6.84300714356015 -2.70220966603297
231   -7.0187940513644 -2.62945499357506
232  -7.19142787270073 -2.55182188313479
233  -7.36085847967595 -2.46911656987887
234  -7.52710404049152 -2.38108394134661
235  -7.69028754219348 -2.28735262921753
236  -7.85064423997232 -2.18736786191647
237  -8.00843953524877 -2.08034534329567
238  -8.16372860887974 -1.96530654275109
239  -8.31572083797928 -1.84144663520427
240  -8.46100206356531 -1.70983159430716
241  -8.59384239369883 -1.57428206874569
242  -8.71040650336383 -1.43840992455276
243  -8.80608702886307 -1.30946632850527
244  -8.87718400879636 -1.19834874284771
245  -8.92715079409776 -1.10854966162733
246  -8.92715342585517  -1.1085446001785
247  -9.13382637403424 -0.283378455369777
248  -9.29507234120943  0.43059855805001
249  -9.31754746862205  1.02624680681184
250  -9.16142806058777  1.67407109311733
251  -8.77844262166522    2.253195957231
252  -7.84914649352061  2.82044677926178
253  -6.77734183650002  2.93118669511182
254  -5.77120401282068   2.7198556136689
255  -4.90937181383808   2.3449434097857
256  -4.11260353817035  1.89084390049221
257  -3.34144425048141  1.42111729871032
258   -2.5571713673054 0.992352983087103
259  -1.73122751760695  0.67020968148521
260  -0.863683969612223 0.512046148772908
