// Id               X                Y
  1  -0.0716166014334425 0.208480145894551
  2  0.908823766193536 0.214226272126134
  3   1.86194524560169 0.227384439909232
  4   2.82814604265141 0.258937339238218
  5   3.80242885536415 0.346043530900818
  6   4.71548188811362 0.626840229069154
  7   5.53178793791191  1.13286288522409
  8   6.25325986583012  1.75881488089314
  9   6.99454934414874  2.33661319266715
 10   7.88210563928046  2.61763983242312
 11   8.72449018649906  2.24397481293252
 12   8.92169282393294  1.75701693186748
 13   8.83745450757124  1.23695908037471
 14   8.51987341807985 0.809765769050484
 15   8.05943577639396 0.527766479221816
 16   7.46725433889283 0.373993926623858
 17   7.01583607715832  0.32166175853011
 18   7.01470492650636 0.321560522237135
 19   6.94382899415135 0.315512771958243
 20   6.78170020152108 0.303541579719598
 21   6.59413293027402 0.291790888385159
 22   6.42217559389312 0.281965596019234
 23    6.2730613777758 0.273594549334731
 24   6.13045847846421 0.265373272311157
 25   5.98734011707962 0.256661139021431
 26   5.84256446735784 0.247191810744908
 27    5.6958375633781 0.236792022700082
 28   5.54757672369475 0.225388210263892
 29    5.3984718871161  0.21299015403191
 30   5.24917138571772 0.199668496561536
 31   5.10015562934017 0.185534793059341
 32   4.95172180806597 0.170725940322031
 33   4.80401496830643 0.155392941232422
 34   4.65706860348116 0.139693012893401
 35   4.51084506406362 0.123784587604777
 36   4.36527226018478 0.107824457847199
 37   4.22027333520879 0.0919659554411695
 38   4.07578367152843 0.0763567904154624
 39   3.93170786945559 0.0611311364532777
 40   3.78783297912166 0.0463988072751323
 41   3.64391872671465 0.0322549009638184
 42   3.49978622358551 0.0187883052892501
 43   3.35531779367792 0.00608004492022961
 44   3.21044215111918 -0.00579986085499225
 45   3.06512407313452 -0.0167948033040337
 46   2.91935703941014 -0.0268633033554928
 47   2.77315774334934 -0.0359800846957812
 48   2.62656263687822 -0.0441364817459311
 49    2.4796247306676 -0.0513403075212867
 50   2.33240953605149 -0.0576152211714352
 51   2.18499173788888 -0.0629995222474098
 52   2.03745341996843 -0.0675444309251045
 53   1.88988099692472 -0.0713120511950629
 54   1.74236244033029 -0.0743730284131131
 55   1.59498705944851 -0.0768039848832559
 56   1.44784526149871 -0.0786849356187245
 57   1.30102350305604 -0.0800968057815603
 58   1.15460493540293 -0.0811189880609012
 59   1.00866229225648 -0.0818271848013587
 60  0.863247270612444 -0.0822914896530664
 61  0.718377165662066 -0.0825747739313716
 62   0.57403036043564 -0.0827314327908704
 63  0.430130687526898 -0.0828065591115555
 64  0.286572851286388 -0.0828354586061489
 65   0.14323648212685 -0.0828434625155166
 66  4.83671518010754e-06 -0.0828458558532165
 67  -0.143226683940937 -0.0828478412321061
 68  -0.28656284504191 -0.0828445221117907
 69  -0.430120466024404 -0.0828209159550938
 70  -0.574019966687273 -0.0827519860511288
 71  -0.71836687989424 -0.0826027075189951
 72  -0.863237372913603 -0.0823282476092918
 73  -1.00865309604706 -0.0818744403104489
 74  -1.15459694037634 -0.0811786015795826
 75   -1.3010172461806 -0.0801707721709528
 76  -1.44784139323325 -0.0787753190341939
 77  -1.59498644580877 -0.0769128411810543
 78  -1.74236604811107 -0.0745023187741835
 79  -1.88988990407292 -0.0714635441117006
 80  -2.03746886652918 -0.0677195938804171
 81  -2.18501504576433 -0.0631994080674737
 82  -2.33244205925255 -0.0578403485364557
 83  -2.47966785155822 -0.0515905365325487
 84  -2.62661770283463 -0.0444108904743742
 85  -2.77322598662428 -0.036276848272273
 86  -2.91943952476368 -0.0271795754839686
 87  -3.06522163625128 -0.0171266031334705
 88  -3.21055532482987 -0.00614196617698172
 89   -3.3554467495383 0.00573420038184463
 90  -3.49993072412058 0.0184467322234598
 91  -3.64407808931756 0.0319271566201759
 92  -3.78800606971737 0.0460961083252463
 93  -3.93189312037899 0.0608664941891189
 94  -4.07597913593141 0.0761451801047196
 95  -4.22047675998838 0.0918244797596216
 96  -4.36548108331515  0.10777242677663
 97  -4.51105646646709 0.123843580413226
 98  -4.65727967135006 0.139886939608816
 99  -4.80422289591169 0.155748055134199
100  -4.95192412325001  0.17127075205399
101   -5.1003504742264 0.186299826920926
102   -5.2493578269494 0.200685811896048
103  -5.39865015244926 0.214292547899124
104  -5.54774824654733 0.227008050379776
105  -5.69600452902317 0.238759779153492
106  -5.84272799498239 0.249534605273206
107  -5.98749548005768 0.259402010218655
108   -6.1305847666905 0.268531814915435
109   -6.2731051311315 0.277188261306301
110  -6.42203844014829 0.286028086778665
111   -6.5936708362282 0.296402847150107
112   -6.7809629063638 0.308760482652178
113   -6.9432316255347 0.321272163866803
114  -7.01440620258895 0.327572794064476
115  -7.01550425778441 0.327674552094111
116  -7.46358001008479 0.380854457262906
117  -8.05354351911406 0.533895524389138
118  -8.51526479180586 0.812862501224896
119  -8.83791129706307  1.23562758510218
120   -8.9323397622399  1.75356645420613
121   -8.7476230910293   2.2449412157253
122  -7.91709864738619  2.64104093682416
123  -7.02767881599148   2.3747920965064
124  -6.28975753743726  1.80039542278473
125  -5.58441552991502  1.17192299618217
126  -4.79309630504321 0.655991015279004
127  -3.90267538011663  0.35959611736574
128  -2.96880297676732 0.268731305705427
129  -1.95631189561222  0.22109443983606
130  -1.01215407646896 0.185543878382859
131  -0.0177321208035853 0.811252279593474
132  0.914161125834318 0.822449138081417
133   1.84654135109814 0.834940453545947
134   2.77829132916599 0.863109565285777
135   3.70779639949942 0.937531390230265
136   4.59687272668014  1.22535612224601
137   5.39118770014656  1.73135699527535
138   6.15140942020147  2.36692235443802
139   7.03905996345663  2.94928491181486
140   8.08620186279838  3.17606745911204
141   9.03166895819577   2.6708691310354
142   9.39159446538366  2.09681499477292
143   9.43446337449986  1.41998921601137
144   9.16882496621391 0.795223092334406
145    8.7010860343461 0.307912747756266
146   9.17597199763264 -0.147563333264028
147   9.44291077802658 -0.595403325168172
148   9.38796943062421 -1.03973684909569
149   9.21749627769114 -1.35794936837136
150   9.04027890243951   -1.571605395537
151   8.86747455083145 -1.73818580650944
152    8.6848944568123 -1.88610275432732
153   8.48670751257703 -2.02143943868787
154   8.28162140126069   -2.139294025933
155   8.07515427954931 -2.23991365013124
156   7.86949583801497 -2.32623562857752
157   7.66607415117773 -2.40126168585859
158   7.46543012298004 -2.46775975319527
159   7.26750606439566 -2.52801808217721
160   7.07195198550459 -2.58376897634901
161   6.87831693695132 -2.63623597832102
162    6.6861455739548 -2.68623192005225
163   6.49501927052549 -2.73426330671601
164   6.30457106528904 -2.78062046881076
165   6.11448481648752 -2.82544866499362
166   5.92448450204284 -2.86880018121611
167    5.7343192500008 -2.91066833419319
168   5.54375190227285 -2.95100464860952
169   5.35260065672079 -2.98971646426311
170   5.16082623430917 -3.02666381857904
171   4.96845460652032 -3.06170335741257
172    4.7754971328784 -3.09472413492467
173   4.58195062168596 -3.12565354677378
174   4.38780899656427 -3.15445422735812
175   4.19306979957562 -3.18111987379453
176   3.99773757445756 -3.20567147412787
177   3.80182526966506 -3.22815415976018
178   3.60535340448792 -3.24863447999155
179   3.40834864613372 -3.26719751309812
180   3.21084291531061 -3.28394357437316
181    3.0128715682957 -3.29898473501706
182   2.81446997435356 -3.31244119624043
183   2.61567146636949 -3.32443733122284
184   2.41650530060832 -3.33509774400946
185   2.21699253901924 -3.34454352103049
186   2.01714251035393 -3.35288842054039
187   1.81695473630488 -3.36023497121189
188   1.61641598225879 -3.36667121564115
189   1.41550586968451 -3.37226771456224
190   1.21420694090275 -3.37707582257158
191    1.0125184746873 -3.38112800277696
192  0.810462402104259 -3.38444066976073
193  0.608101096337939 -3.38701882823964
194   0.40551460077645  -3.3888620655659
195  0.202789353111005 -3.38996869484879
196  2.31683223281022e-06 -3.39033776707809
197  -0.202784659278557 -3.38996913869498
198  -0.40550958532016 -3.38886314098385
199  -0.608095497185971 -3.38702091553873
200  -0.810456032592612 -3.38444434150759
201  -1.01251108633316 -3.38113402406451
202   -1.2141985087353 -3.37708513470398
203    -1.415496604038 -3.37228141197099
204  -1.61640621812312 -3.36669052398143
205  -1.81694511818196  -3.3602612091702
206  -2.01713394502213  -3.3529229606525
207  -2.21698611359884 -3.34458774800845
208  -2.41650240392823 -3.33515299157444
209  -2.61567377121137 -3.32450481172848
210  -2.81447936380886 -3.31252192380734
211  -3.01289017427964 -3.29907942745819
212  -3.21087310794412 -3.28405254291617
213   -3.4083929596593 -3.26732054696011
214  -3.60541450457209 -3.24877071848154
215  -3.80190592072652  -3.2283019565853
216  -3.99784056557103 -3.20582826476918
217  -4.19319786754088  -3.1812820482805
218  -4.38796475043641 -3.15461701283494
219  -4.58213644299738 -3.12581091016383
220  -4.77571505646122 -3.09486871257508
221  -4.96870617949328 -3.06182641902315
222  -5.16111233238481 -3.02675527705397
223  -5.35292125786278 -2.98976494269957
224  -5.54410580088259 -2.95099762346562
225  -5.73470373527041 -2.91059234960779
226  -5.92489510643859 -2.86864110503359
227  -6.11491500752239   -2.825192079213
228  -6.30501182903386 -2.78025224700342
229  -6.49545866815163 -2.73377038333685
230  -6.68656831639693  -2.6856032822562
231  -6.87870400194142 -2.63546393715915
232  -7.07228039428806 -2.58285077844741
233  -7.26774906032815 -2.52695792511768
234  -7.46555806801462 -2.46657128009827
235   -7.6660566008293 -2.39997093932166
236  -7.86930539671079 -2.32488400269194
237  -8.07477235005136 -2.23855936380233
238  -8.28104456029988 -2.13800872292525
239   -8.4859491615915 -2.02029515778939
240  -8.68395404334337 -1.88515636394266
241  -8.86627248724328 -1.73747824841299
242  -9.03858615886563 -1.57124630103868
243  -9.21507390940936 -1.35816632941033
244  -9.38514735046367 -1.04040756019787
245  -9.43989443778198 -0.595647849387706
246   -9.1694391583527 -0.146095151181069
247  -8.69408738758769   0.3097542360432
248   -9.1650771393908 0.793636840126036
249   -9.4383289714155  1.41522781442976
250  -9.40529049565858  2.09285766829878
251    -9.054674344639   2.6729700661002
252  -8.12030086100975  3.19848707695555
253  -7.07026111390855  2.98720044667952
254   -6.1809213656782  2.40713135180897
255  -5.41799769923858  1.76355718134856
256  -4.63064668735654  1.24419622468504
257   -3.7436421587654 0.946369189969034
258  -2.81271867608353 0.856300257098762
259  -1.88059364206853  0.82448033108772
260  -0.947477121799682 0.783202352735546
