// Id               X                Y
  1  -0.0880678743958972  2.29405829964545
  2  0.825916096945141  2.29654309257553
  3   1.74754286685119  2.28359539170347
  4   2.68568617770547  2.23100440230918
  5   3.61955890121341  2.15195868803113
  6   4.54358277566407  2.03020344883803
  7   5.47097782130837  1.98160324828955
  8   6.39698585892029  2.01749351291388
  9   7.31906575948525  2.08333288618216
 10   8.24175664947579   2.0609916006088
 11   9.12563740417443  1.77948248917264
 12   9.51698128127608  1.42465259133779
 13   9.73682376189402 0.931923205047991
 14   9.68121377755306 0.415428929107246
 15   9.35873623389298 0.0452777427547433
 16    8.5964933967065 -0.0140350906666514
 17    8.1143829996243 0.117664716995744
 18   8.03903399570643 0.144539176724406
 19   7.98071468511461 0.166489714406286
 20   7.92564836945166 0.188121906948394
 21    7.8640245841155 0.213310265769137
 22   7.78810197654947 0.245724570651543
 23   7.69585322876591 0.287006796517044
 24    7.5884844122297 0.337421320885865
 25   7.46834737948708 0.396430104423687
 26   7.33791636949471 0.463018268913266
 27   7.19937516011634 0.535887444899587
 28   7.05447082752754 0.613612925957833
 29   6.90448105883431  0.69477972172916
 30   6.75024965426063 0.778079043620794
 31   6.59226532323265 0.862355647952251
 32   6.43075391235988 0.946617104196315
 33   6.26576125800516  1.03002266804308
 34   6.09721798661578  1.11186451932809
 35   5.92498760204982  1.19154765959648
 36   5.74890334352037  1.26857079875532
 37   5.56880011604955  1.34250887260247
 38    5.3845471748115  1.41299747920059
 39    5.1960853721319  1.47971998322309
 40   5.00346878318046  1.54239900140605
 41   4.80690424999036  1.60079472566575
 42   4.60677684180024  1.65471170113211
 43   4.40365008491294  1.70401250718007
 44   4.19823873652174  1.74863307484214
 45   3.99136208988454  1.78859335795463
 46   3.78388923983523   1.8239996143216
 47   3.57668377932551  1.85503828805313
 48   3.37054941893627  1.88196384865652
 49   3.16617593051421  1.90508322019641
 50   2.96408964668217  1.92473849263239
 51   2.76462079793669   1.9412889482376
 52   2.56790079429005  1.95509390331779
 53   2.37389119292498  1.96649858640496
 54   2.18243221890704  1.97582480498434
 55   1.99329411106524  1.98336658388321
 56   1.80621936999352  1.98938956582813
 57   1.62095132627759  1.99413248819106
 58   1.43724969776559  1.99780931078763
 59   1.25489622316431  2.00061110551854
 60   1.07369394225344  2.00270731687829
 61  0.893463202880286  2.00424634527959
 62  0.714036635483182  2.00535558800996
 63  0.535254485605316   2.0061411348993
 64  0.356960993909173  2.00668730510794
 65  0.179002013723242  2.00705616796338
 66  0.00122374560692625  2.00728714163035
 67  -0.176527698084157  2.00739672288106
 68  -0.354406260404383  2.00737837360513
 69  -0.532565826736856  2.00720257272567
 70  -0.711160422355101  2.00681703015535
 71  -0.890345095692437  2.00614704535769
 72  -1.07027781048763  2.00509597051055
 73  -1.25112254540494  2.00354570321251
 74  -1.43305355268158   2.0013570873059
 75   -1.6162603082964  1.99837005245077
 76  -1.80095206775846  1.99440329515438
 77  -1.98736014817444   1.9892533308802
 78  -2.17573520175014  1.98269287381726
 79  -2.36633608486519  1.97446877256734
 80  -2.55940695080067  1.96430016455107
 81  -2.75514072174441  1.95187804739921
 82  -2.95363112445978  1.93686787789169
 83  -3.15482215776003  1.91891667993818
 84    -3.358470312312  1.89766510943593
 85  -3.56413453424506  1.87276330574897
 86  -3.77119801864093  1.84388835044319
 87  -3.97891209918638  1.81076150538223
 88  -4.18644832186641  1.77316417171683
 89  -4.39295112519713  1.73095136529551
 90  -4.59759048363395  1.68406060177108
 91  -4.79961464822986  1.63251373788367
 92  -4.99839859391188   1.5764106573805
 93  -5.19347873236615  1.51591674217884
 94   -5.3845643504041   1.4512491730212
 95  -5.57152330984301  1.38266774982799
 96  -5.75434909440133  1.31047341285572
 97  -5.93312065057122  1.23501422520718
 98  -6.10796355817793  1.15669676932272
 99  -6.27901504791774  1.07600102956087
100  -6.44639043695402 0.993497731239109
101  -6.61014574635307 0.909867795018876
102   -6.7702300405394  0.82592353215614
103  -6.92642142824522 0.742629850580091
104  -7.07824448837406 0.661119964184199
105  -7.22487683968828 0.582693304379722
106  -7.36506707759627 0.508777219456661
107  -7.49709423300716 0.440838811250563
108  -7.61879572933985 0.380252258409452
109  -7.72771235945318 0.328136352994658
110  -7.82150186751112 0.285144887665496
111  -7.89896149490116 0.251118707620871
112  -7.96210256798811 0.224454784583887
113  -8.01868635834287 0.201423521604301
114  -8.07865285119477 0.177944460664704
115  -8.15633464990362 0.149008263763597
116  -8.63658248911089 0.00772925929450381
117  -9.40060053947846 0.0445588239174006
118  -9.73724788010085 0.401879140121801
119  -9.81550875440223 0.914735470286076
120  -9.61906230172444  1.41463272089989
121  -9.24443008222435  1.78358031612633
122  -8.37219527555791  2.09037198716465
123  -7.45291983231991  2.12341052352397
124  -6.53482074310842   2.0545018984729
125  -5.61386236313397  2.00542666128995
126  -4.69093639724231  2.03638008761817
127  -3.77202255376889  2.14388721734409
128  -2.85760010910803  2.23383916872815
129  -1.91927236521555  2.28142460566906
130  -1.00215878302707  2.27811999193165
131  -0.0695523086870117  2.90136586862694
132  0.861146514258785  2.90482399257013
133   1.79184835639677  2.88622612410542
134   2.72070818617342  2.83124248244662
135   3.64723273603292  2.74207904493296
136   4.57251073375087  2.64294509112892
137   5.49965296687488  2.59719622510323
138   6.42849613195285  2.63266642668713
139   7.36001581842613  2.69756375271428
140   8.29733842506104  2.67052075579848
141   9.18798100140389  2.37718446479648
142   9.66796026662728  1.96526844032296
143    9.9852540072336  1.39061161118651
144   10.1061433488457 0.714380242191657
145   10.1422781781737 0.0204147122246352
146   10.3680923320612 -0.66218922881335
147   10.4584014245687  -1.2606358668798
148    10.346861200147 -1.64915526743256
149   10.1385842736166 -1.96178574665801
150   9.86657504296996 -2.20216646819396
151   9.55635546502963  -2.3745714949092
152   9.23025689503362 -2.48606915401827
153   8.90359550354453  -2.5470736214853
154    8.5848008166367 -2.56834324167377
155   8.27771492793479 -2.55919917879505
156     7.983580913026 -2.52714525304667
157   7.70227873787717 -2.47806255458379
158   7.43303325407522 -2.41653571473164
159   7.17481773810293 -2.34616199614004
160   6.92657175838362 -2.26980115294141
161   6.68730117435027 -2.18975847624328
162   6.45611272541562 -2.10791114755352
163   6.23222022507876 -2.02579486034858
164   6.01494156066413 -1.94466527084203
165   5.80369302946317 -1.86554337202361
166   5.59798119964317 -1.78924950320137
167   5.39738996673906 -1.71642830543443
168   5.20155980841553 -1.64756611211027
169   5.01015707522231 -1.58300260305192
170   4.82283426242026 -1.52293975354531
171   4.63918781781596 -1.46745248303952
172   4.45872539338646  -1.4165054151468
173    4.2808540897928 -1.36997741242034
174   4.10489323001325 -1.32769107775321
175   3.93010559477562 -1.28944153665256
176   3.75573745815274 -1.25501943690021
177   3.58106098194213 -1.22422583696927
178   3.40541766854728 -1.19687905553977
179   3.22826311521665 -1.17281445090454
180   3.04920842232645 -1.15187798395426
181    2.8680459461831 -1.13391479780297
182   2.68474670373038  -1.1187557600778
183   2.49942810873115 -1.10620649319309
184   2.31230416684412 -1.09604268248025
185   2.12363444915217 -1.08801264953286
186   1.93368325545457 -1.08184550462525
187   1.74269313637409 -1.07726206486468
188   1.55087181688359  -1.0739859987204
189   1.35838922402303 -1.07175356254665
190   1.16538088068994 -1.07032121836011
191  0.971954448041339 -1.06947108675883
192  0.778197071380385  -1.0690145524331
193  0.584182072600767 -1.06879446896655
194   0.38997427312423 -1.06868639653596
195  0.195633768422616 -1.06859922736463
196  0.0012183178638169 -1.06847545853269
197  -0.193215295194078  -1.0682912842677
198  -0.387610486667316 -1.06805660730809
199  -0.581910196867136 -1.06781500897222
200  -0.776055831472062  -1.0676436634316
201  -0.969985354013334 -1.06765312524392
202  -1.16363013072903 -1.06798685285676
203  -1.35691027423043 -1.06882024987029
204   -1.5497285079537 -1.07035891276238
205  -1.74196302707959 -1.07283568465943
206  -1.93346048812532 -1.07650606741583
207  -2.12403109066716 -1.08164160369545
208  -2.31344860425367 -1.08852109398651
209  -2.50145888533488 -1.09742004256344
210  -2.68780044201882 -1.10859954480679
211  -2.87223914186154 -1.12229677203129
212    -3.054615242183 -1.13871981465236
213  -3.23489436697311 -1.15804916966455
214  -3.41320760241686 -1.18044609413093
215  -3.58986591796493 -1.20606511326489
216  -3.76534454628134 -1.23506625755184
217   -3.9402465623902 -1.26762339609531
218  -4.11525937758725 -1.30392693800393
219  -4.29111199764602 -1.34418010714846
220  -4.46853412022825 -1.38858791744945
221  -4.64821704880031 -1.43733828769376
222  -4.83078023215347 -1.49057638437334
223  -5.01675150502834 -1.54837585061473
224  -5.20656875648362 -1.61071222742994
225  -5.40060390356374 -1.67744264233365
226  -5.59920125224237 -1.74829206326589
227  -5.80271863459388 -1.82284287079731
228  -6.01156271632064 -1.90052330734085
229  -6.22621540061483  -1.9805911206942
230  -6.44725236386428 -2.06210990063997
231  -6.67535650451969 -2.14391614964925
232   -6.9113289606848 -2.22457451325829
233   -7.1560981465704 -2.30231630426907
234  -7.41072104595417 -2.37495193640211
235  -7.67635810387526 -2.43974181060479
236  -7.95418460940464 -2.49320675067969
237  -8.24518529446888 -2.53086497172157
238  -8.54976255237032 -2.54689988659634
239  -8.86703650751589 -2.53379715992688
240  -9.19360799462854 -2.48209428826248
241  -9.52154055058864 -2.38068123620454
242  -9.83595869296909 -2.21850782927915
243   -10.114751040114 -1.98765085271548
244  -10.3325024412962   -1.682952923929
245  -10.4564056125026 -1.29971132774129
246   -10.385658989337 -0.699486364693125
247  -10.1831209981637 -0.00961451596914655
248  -10.1739208863331 0.684758321119035
249  -10.0808017472883   1.3652284987154
250  -9.78614358334687  1.95281182212157
251  -9.31852139234941  2.38299583583901
252  -8.43508165864407  2.69911962774627
253  -7.49749784389766   2.7372604002241
254  -6.56554622804251  2.66971779286561
255  -5.63704844455068  2.62129041079348
256  -4.70955053524975  2.65063390117794
257  -3.78380213094578  2.74055114976257
258  -2.85651287990795  2.82689140369718
259  -1.92708055788146  2.87578658661821
260  -0.99653864157042  2.89016385052503
