// Id               X                Y
  1  -0.32448904163016  17.2768408172863
  2  0.749673929108392  17.2278693826942
  3   1.82311876321517  17.0173641607943
  4   2.84674995905274  16.6247500122649
  5   3.77667003009541  16.0594779745943
  6   4.57237182410013  15.3465676406416
  7   5.20367030333402   14.527826789425
  8   5.69312080709717   13.630347687198
  9   6.24432323038837  12.7558236593862
 10   6.88342925069204  11.9573902794107
 11   7.55542831280186  11.1628033527107
 12   7.85481432755158  10.6323886695336
 13   7.99306224415193  10.0774317013792
 14   7.90068227883223  9.52405973787631
 15   7.54862608544459  9.11452564526678
 16   6.85226223373889  9.01345624485423
 17   6.62662444566787  9.09059917127986
 18   6.47582170193667  9.17879023612665
 19   6.33900794769377  9.28999272912031
 20   6.21871032143972  9.42147979000295
 21   6.11461730749382  9.56935113784287
 22   6.02681920833247  9.73261884590593
 23   5.94843095498175  9.92579500505516
 24   5.88683350715316  10.1345421817987
 25   5.84129895635102  10.3520333214338
 26   5.80904246008994  10.5752856027007
 27   5.78675241182995  10.8024947310232
 28   5.77112715635188  11.0325674738988
 29   5.75903052823869  11.2648357628614
 30   5.74759690430225  11.4988606709692
 31   5.73426854156603  11.7342929923222
 32   5.71681071751674  11.9707813132564
 33   5.69331096247743  12.2079177001271
 34   5.66217100373113  12.4452123560647
 35   5.62209381599057  12.6820893662974
 36    5.5720671447835  12.9178967872007
 37   5.51134390452784  13.1519254672742
 38   5.43941979213613  13.3834321171747
 39    5.3560085864176   13.611663206927
 40   5.26101582175946  13.8358772460244
 41   5.15451168301177   14.055363867753
 42   5.03670402711355  14.2694588715066
 43    4.9079123901456  14.4775549604705
 44    4.7685437092199  14.6791083429908
 45   4.61907030945058  14.8736416523046
 46   4.46001050966168  15.0607437995225
 47    4.2919120124471  15.2400674338458
 48   4.11533808195271  15.4113246692231
 49   3.93085638516726  15.5742816737606
 50   3.73903028185326  15.7287526289215
 51   3.54041229226638   15.874593466547
 52   3.33553944555952  16.0116956945632
 53   3.12493020900939  16.1399805341067
 54   2.90908271245111  16.2593935154298
 55   2.68847400755662  16.3698996185473
 56   2.46356013280976  16.4714789967332
 57   2.23477678836553  16.5641232852606
 58   2.00254045776857  16.6478324723728
 59   1.76724984410128  16.7226122924761
 60   1.52928751567489  16.7884720912126
 61    1.2890216805399  16.8454231069055
 62   1.04680802987778  16.8934771116761
 63  0.802991607913021  16.9326453573729
 64   0.55790868059389  16.9629377756199
 65  0.311888587180157  16.9843623872187
 66  0.0652555682881518  16.9969248833884
 67  -0.181669428905515  17.0006283494816
 68  -0.428566962518992  16.9954731105688
 69  -0.675117315936104  16.9814566873429
 70  -0.920998715612129  16.9585738600045
 71  -1.16588553687408  16.9268168470195
 72  -1.40944649010737  16.8861756147876
 73  -1.65134278381408  16.8366383431868
 74  -1.89122626710767  16.7781920804365
 75  -2.12873756244574  16.7108236284482
 76  -2.36350421000285  16.6345207064571
 77  -2.59513885827767  16.5492734458293
 78  -2.82323755155797  16.4550762720313
 79  -3.04737818398187  16.3519302302154
 80  -3.26711921234286  16.2398458078952
 81  -3.48199874558761  16.1188463007232
 82  -3.69153415799898  15.9889717540878
 83  -3.89522240476966  15.8502834925214
 84  -4.09254125182741  15.7028692189329
 85  -4.28295166425338  15.5468486245924
 86  -4.46590162622642  15.3823793969724
 87  -4.64083168573092  15.2096634450741
 88  -4.80718252380321  15.0289530810921
 89  -4.96440483463237  14.8405568056512
 90  -5.11197176299188  14.6448442467965
 91  -5.24939407358951  14.4422497097834
 92  -5.37623811922738  14.2332737195791
 93  -5.49214653091252  14.0184819000546
 94  -5.59686137844131  13.7985005569096
 95  -5.69024935703506  13.5740084420632
 96   -5.7723283652609  13.3457244019294
 97  -5.84329468012549  13.1143909727078
 98  -5.90354983860641  12.8807544961899
 99  -5.95372632775897  12.6455429917981
100  -5.99471127655834   12.409443824514
101  -6.02766750419903  12.1730841334194
102  -6.05405142568719  11.9370180046736
103  -6.07562727825752  11.7017254549181
104  -6.09447663868095  11.4676293954148
105  -6.11300085054858   11.235137800564
106  -6.13391120463527  11.0047191727033
107  -6.16019667950494  10.7770199342092
108  -6.19505023392394  10.5530330098324
109  -6.24171749467804  10.3343324709824
110  -6.30318084231839   10.123438359332
111  -6.38126189428061  9.92484908433221
112  -6.46789558728711  9.75756689935093
113  -6.56901582058039  9.60624455411071
114  -6.68576726668512  9.47117314770801
115  -6.81778843845636  9.35498393078912
116  -7.02162719468717  9.23119721155055
117  -7.72218978196249   9.1517250474992
118  -8.16222121538807  9.45590572564864
119  -8.36854492823352  9.96342807720361
120  -8.32339021369934  10.5174637199469
121  -8.09707016651229  11.0385151478848
122  -7.43608132407245  11.8414879724988
123  -6.79192705665246   12.569649560458
124  -6.20114144522691  13.3783463727142
125  -5.67816922851566  14.2538445053607
126  -5.10267003454375  15.1067949218056
127  -4.36343431777607   15.835851293234
128  -3.48865449574584  16.4421379684145
129  -2.50368324127784  16.8997561475106
130  -1.42129220222601  17.1182934584875
131  -0.315547011328619  17.8535289676293
132  0.778165914721724  17.8066619823643
133   1.85313356291118  17.5949757904826
134   2.87996240720748  17.2046594113141
135   3.82883209575229  16.6441099734573
136   4.67933674837029  15.9410884513429
137   5.39444124646389   15.102592232029
138   5.97842531677675  14.1750402119043
139   6.57477783739586  13.2685331400857
140   7.24857584883541  12.4249891884705
141    7.9073924774646  11.5698914792598
142   8.27856021431346  10.9939579289303
143   8.48888710148544  10.3418068714034
144   8.46471293315589  9.65682707274223
145   8.25995546332154  9.00516006892541
146   8.87103181509225  8.63084939290124
147   9.41114664775693  8.04836042490994
148   9.11025296124607    7.727714024425
149   8.74022431037307  7.47940470911949
150     8.339510504312  7.28882801712396
151   7.91741872026955  7.16104699989532
152   7.48324641625206  7.10097485445858
153   7.04148652090782  7.12224592720732
154   6.61153359588507  7.21348451042113
155   6.20624030711793  7.36436439629097
156   5.83425185854895  7.56535110456565
157   5.50091973128332   7.8059747477842
158   5.20839701552372  8.07550170944001
159   4.95603124051138   8.3638324216034
160   4.74100782990369  8.66216167571151
161   4.55908310245344  8.96332262988035
162   4.40526854371762  9.26184870605772
163   4.27438304090073  9.55383637598985
164   4.16144471271311  9.83669896668745
165   4.06191252072239  10.1088847634806
166   3.97180736975042  10.3696077943232
167   3.88774730071203  10.6186168060599
168   3.80692783306655  10.8560112677582
169   3.72707156323302  11.0821030947296
170   3.64636387654231  11.2973177726005
171   3.56338554634678  11.5021269076225
172   3.47704848694641  11.6970044609893
173   3.38653787325625   11.882400027779
174   3.29126191611353  12.0587238906811
175    3.1908094461815  12.2263398976198
176    3.0849148317776  12.3855633386491
177   2.97342943989237  12.5366618861545
178   2.85629872184379  12.6798583198589
179   2.73354399330294  12.8153342170392
180   2.60524803943868  12.9432340926861
181   2.47154377939148  13.0636696687892
182    2.3326053460272  13.1767240745889
183   2.18864105794349  13.2824558582837
184   2.03988786840837  13.3809027428396
185   1.88660696449846   13.472085093997
186   1.72908025887168  13.5560090924828
187   1.56760756925537  13.6326696178916
188    1.4025043207503  13.7020528609789
189   1.23409963690332  13.7641386861556
190   1.06273470965174  13.8189027682264
191  0.888761357257833  13.8663185274686
192  0.712540694348852  13.9063588844846
193  0.534441850391791  13.9389978493637
194  0.354840684120227  13.9642119470175
195  0.174118453809852  13.9819814622653
196  -0.00733958123044441  13.9922914680309
197  -0.189145633718813  13.9951325851384
198  -0.370910921797504  13.9905014207989
199  -0.552247232027928  13.9784006489837
200  -0.732768473132202  13.9588387256858
201  -0.912092184676395  13.9318292647111
202  -1.08984097807441    13.89739012272
203  -1.26564390640871  13.8555422484788
204  -1.43913777954204  13.8063083415844
205  -1.60996845831336  13.7497113472606
206  -1.77779217539984  13.6857727943515
207  -1.94227694198248  13.6145109687426
208  -2.10310411086671  13.5359389056391
209  -2.25997018019874   13.450062180401
210  -2.41258893882563  13.3568764772872
211  -2.56069407575646  13.2563649175068
212  -2.70404240332164  13.1484951325666
213  -2.84241787836655  13.0332160771607
214  -2.97563665091585  12.9104545895962
215  -3.10355342861496  12.7801117291852
216  -3.22606952095594  12.6420589519372
217  -3.34314302072135  12.4961342323743
218  -3.45480168768644  12.3421383076406
219  -3.56115921156855   12.179831323406
220  -3.66243563085619  12.0089303209801
221  -3.75898274881895  11.8291082527422
222  -3.85131538928226  11.6399955871871
223  -3.94014923488893  11.4411861058749
224  -4.02644573189543  11.2322492347205
225  -4.11146403279451  11.0127522024954
226  -4.19681902828398  10.7822964497868
227  -4.28454297034359   10.540573915674
228  -4.37714572604354   10.287449866258
229  -4.47766504100103  10.0230793367271
230  -4.58969317505969  9.74806325150819
231  -4.71736012420132   9.4636466926902
232  -4.86524736322101  9.17195413345519
233  -5.03820190538346  8.87624339874604
234  -5.24102236555575  8.58114143860349
235  -5.47800177956996  8.29280322560821
236   -5.7523407210282   8.0189173179402
237   -6.0654887793166  7.76848026413528
238  -6.41652292518085  7.55129218664647
239  -6.80170536526881  7.37720049043003
240  -7.21433963918123  7.25533461496676
241  -7.64449021349418  7.19507559183098
242  -8.07417682178595   7.2137532620897
243  -8.49813629764634  7.29776195515721
244  -8.90813574676853  7.44285218388872
245   -9.2704128795425  7.67368481773814
246  -8.88737429277299  8.36005646251594
247  -8.38315769401856  8.86782068548982
248  -8.74557016944213  9.44230939484718
249  -8.91463455641914  10.1023003178509
250  -8.81707741674632  10.7766577669754
251  -8.49665421189209   11.379714047276
252  -7.86371132940811  12.2495705588539
253  -7.15240099773363  13.0572926208772
254  -6.49742795801398  13.9153898322441
255  -5.89736871538539  14.8242579677244
256  -5.22854618544899   15.696103201699
257  -4.41160205971514  16.4362357375149
258  -3.48153068611603  17.0292744099249
259  -2.47445734836843   17.475077749096
260  -1.40225260569007  17.7060889191538
