// Id               X                Y
  1  -0.0944715913116341  3.39210394332012
  2  0.860861434989121  3.37629342223828
  3   1.84003030636863  3.31339776649747
  4   2.84543299092766  3.17553921702573
  5   3.74621556172577  2.95505835177168
  6   4.64838882708729  2.64016831922421
  7   5.56510195900873  2.42690382086278
  8   6.50007141671387  2.37197053265672
  9   7.43458562597908  2.41453441350188
 10   8.36911134152498  2.37801017868153
 11   9.22049650490666  1.98807497863315
 12   9.48857214429081  1.53982578543315
 13   9.50019934899099  1.02044212820056
 14    9.2383773884322  0.56922199208991
 15   8.78011724410195  0.30302823259775
 16   8.10640152513029  0.28227178160829
 17   7.69707964448337  0.38503558888912
 18   7.50431661396546 0.459022781570818
 19    7.4116434802327 0.500055320802386
 20   7.33691402134639  0.53563420653646
 21   7.26864642082394 0.570033075901575
 22   7.19983755675108 0.606424301677406
 23   7.12736622218277 0.646581313985528
 24   7.04992800419719 0.691416759659494
 25   6.96709981975245 0.741453774995918
 26   6.87881731448899 0.796952949261023
 27   6.78513255012945  0.85805286001825
 28   6.68609001271774 0.924803560913275
 29   6.58168469831698   0.9971846332653
 30   6.47184684899268  1.07510109257525
 31   6.35644350733453  1.15837284341577
 32   6.23528988573735  1.24671819158964
 33   6.10816954052626  1.33973459795078
 34    5.9748623854874  1.43687963357614
 35   5.83517841753515  1.53745722719661
 36   5.68899224364169  1.64061605041956
 37   5.53627132947245  1.74536661589188
 38     5.377091863258  1.85061935507563
 39   5.21164085556594  1.95523869630739
 40   5.04020842633358  2.05810251160159
 41   4.86317616730128  2.15815606974894
 42   4.68100541755426  2.25445401249807
 43    4.4942259354207  2.34618897779295
 44   4.30342338737406  2.43270850254567
 45   4.10922396044585   2.5135225002217
 46   3.91227554252632  2.58830306306722
 47    3.7132263629307  2.65687768042818
 48   3.51270307245122  2.71921671262061
 49   3.31129063236842  2.77541613503719
 50    3.1095160423758  2.82567693166784
 51    2.9078370929702    2.870282791152
 52   2.70663634719978   2.9095777692746
 53   2.50621977271986  2.94394531845984
 54   2.30681901742236  2.97378965572107
 55   2.10859622571001  2.99951998421723
 56   1.91165040661674  3.02153769901419
 57   1.71602456690764  3.04022643458152
 58    1.5217130331983  3.05594464644046
 59   1.32866857136949  3.06902033940487
 60   1.13680905942823  3.07974753425031
 61  0.946023583071933  3.08838408169979
 62  0.756177906727473  3.09515047121391
 63  0.567119332511779  3.10022933110249
 64  0.378681000734384   3.1037653687479
 65  0.190685712872549  3.10586555098316
 66  0.00294937524476259  3.10659937274673
 67  -0.184715828066223  3.10599910635894
 68  -0.372498418859735   3.1040599644456
 69  -0.560584648377837  3.10074014761382
 70  -0.749155443958448  3.09596078476505
 71  -0.938383163916878  3.08960581084998
 72  -1.12842805034954  3.08152186531694
 73  -1.31943427785827  3.07151833561304
 74   -1.5115255100928  3.05936771450732
 75  -1.70479989808029  3.04480648756178
 76  -1.89932448787729  3.02753681641921
 77   -2.0951290541744  3.00722933161602
 78  -2.29219944571772  2.98352738987916
 79  -2.49047062265397  2.95605317665276
 80  -2.68981968949167  2.92441603223129
 81  -2.89005938211314   2.8882233320927
 82  -3.09093264766443   2.8470941377043
 83   -3.2921091398177  2.80067563221198
 84  -3.49318458609654  2.74866205541197
 85  -3.69368397820913  2.69081547147662
 86  -3.89306928265405   2.6269873033356
 87  -4.09075180597301  2.55713925418037
 88  -4.28610854859532  2.48136211430076
 89  -4.47850108587086  2.39989105029923
 90  -4.66729506563737  2.31311618742756
 91  -4.85187858553646  2.22158739633352
 92  -5.03167856318248  2.12601195170269
 93  -5.20617547196293  2.02724311454818
 94  -5.37491786402243   1.9262571166394
 95   -5.5375380436615  1.82411645851997
 96  -5.69376836450155  1.72191999335269
 97  -5.84345433127469  1.62074503746268
 98  -5.98655828287772  1.52159149267245
 99  -6.12314872591811  1.42533895628677
100   -6.2533754822208  1.33272339056971
101  -6.37743613441512  1.24433293600999
102  -6.49554115070032  1.16061742381509
103  -6.60788339078252  1.08190496791011
104  -6.71461486267903  1.00842031521105
105  -6.81583193663314 0.940301429828703
106  -6.91157043912697 0.877611402086592
107  -7.00181556442107 0.820342695172269
108  -7.08653861551573 0.768406659113905
109  -7.16579164187958 0.721595728679526
110  -7.23992964679044 0.679486116702784
111  -7.31012039776605 0.641215979861904
112  -7.37946340931567  0.60501882214824
113  -7.45501989491162 0.567488916505386
114   -7.5492316665119 0.523612890525446
115  -7.75549588589181 0.439308242554998
116  -8.16258445523823 0.324598817184043
117  -8.83691038752934 0.312735650046802
118  -9.31414454249142 0.544846429985178
119  -9.61545008573506  0.97000439442852
120  -9.65375368535084   1.4862521997093
121  -9.42710386359641  1.95295839954181
122  -8.60712439169581  2.38573941820746
123  -7.68392100483804  2.42837929432266
124  -6.76498755244018  2.36122360317777
125  -5.84624358883759  2.37815398587029
126   -4.9462398579994  2.55973849551947
127  -4.07809388782538  2.86313534055208
128  -3.16816634345307   3.1369819715898
129  -2.22508372589723  3.27762123847977
130  -1.15896371040119  3.32777299221197
131  -0.096944532056843  3.98295168974988
132  0.896713909552823  3.97038229634323
133   1.87535635408962  3.90498914694014
134   2.83985663734983  3.76880025109987
135   3.81408040528953  3.55666473333916
136   4.73951047254924  3.24266357288934
137   5.67946067133594  3.02624734541597
138   6.64210767933277  2.96686406627688
139   7.63630504912977  2.99196513554045
140   8.66803320955243  2.90702772225404
141   9.57900497207986  2.41365226269439
142   9.96793426552824  1.86773069399193
143   10.0843413432168   1.2070481920462
144   9.88397328830651 0.564697273968907
145   9.43424358691214 0.0656975516690148
146   9.94100365135053 -0.395661241989404
147   10.0170052940768 -0.808880243712783
148   9.91269965320263 -1.15080365046233
149   9.74147104696451 -1.44691546504684
150   9.51807107400431 -1.69011666844568
151   9.25616976498483 -1.88124903178961
152   8.97140535341414 -2.02705128007098
153   8.67477646533097 -2.13385398887337
154   8.37343099275738 -2.20631648220992
155   8.07226837559335 -2.24814743551317
156   7.77482102288296 -2.26265983003533
157   7.48368919462763 -2.25298239093435
158   7.20077349999317 -2.22211781855124
159   6.92741673869574 -2.17294936218219
160   6.66450149624451 -2.10823333705175
161   6.41252173549632 -2.03059096277563
162   6.17163627047505 -1.94250279047527
163    5.9417087021734 -1.84630499047033
164   5.72233805351594 -1.74418533437318
165   5.51288569165278 -1.63817626314694
166    5.3125060130552 -1.53014296983828
167   5.12018836020891 -1.42176665312999
168    4.9348131629362 -1.31452670621641
169   4.75521720897451 -1.20968810775785
170   4.58025665102139 -1.10829905489679
171   4.40885668171385  -1.0111995710226
172   4.24004274778371 -0.919037882996654
173   4.07295474314985 -0.832290197538625
174   3.90684921485426 -0.751280675411251
175     3.741094964322 -0.676200162438421
176   3.57516598185312 -0.607123419711458
177   3.40863380458547 -0.54402503813095
178   3.24115990843744 -0.486794262520014
179   3.07248792202464 -0.435248903968559
180   2.90243527693163 -0.389148491402248
181   2.73088417094609 -0.348206771856201
182   2.55777210748351 -0.312103580381348
183   2.38308252788995 -0.280495993423432
184   2.20683607791198 -0.253028611338725
185   2.02908290080076 -0.22934281621464
186   1.84989614103943 -0.209084905890323
187   1.66936666281289 -0.191913078897758
188   1.48759887140459 -0.177503309837129
189   1.30470747056128 -0.165554199031065
190   1.12081497638455 -0.155790904679304
191    0.9360498202508 -0.147968275003658
192  0.750544896410996 -0.141873296826135
193   0.56443643614454 -0.137326969200946
194  0.377863115186194 -0.134185698567935
195  0.190965322483695 -0.132342297107514
196  0.00388453539109186 -0.131726649727739
197  -0.183237240920326 -0.132306098173519
198  -0.370258003524355 -0.134085573574927
199  -0.557036280300588 -0.137107491576944
200  -0.743431684994909 -0.141451407103209
201  -0.929305529306466 -0.147233408824971
202  -1.11452152864279 -0.154605216574994
203  -1.29894664802239 -0.163752928403263
204   -1.4824521482899 -0.174895348032837
205  -1.66491491028533 -0.188281808713107
206  -1.84621913534276 -0.204189396793216
207  -2.02625854302387 -0.222919469088048
208  -2.20493920825381 -0.244793354184584
209  -2.38218319441936 -0.270147131924473
210  -2.55793313733978 -0.299325401066206
211  -2.73215790418993 -0.332673976797075
212  -2.90485937671017 -0.370531509770481
213  -3.07608028155523 -0.413220082129582
214  -3.24591282788754 -0.461034896123714
215  -3.41450776846465 -0.514233198226652
216  -3.58208346442197 -0.573022550653201
217  -3.74893467715798 -0.63754847429699
218  -3.91544110314246 -0.707881376033376
219  -4.08207592551204 -0.784002574788115
220  -4.24941458909697 -0.865789156269302
221  -4.41814334973482 -0.952997304998496
222  -4.58906581722229 -1.04524376394651
223  -4.76310392311404 -1.14198542075727
224  -4.94128818286353 -1.24249806284793
225  -5.12473204672854 -1.34585707768363
226  -5.31458798316194 -1.45092438191698
227  -5.51198886390121 -1.55634543162934
228   -5.7179843993903 -1.66055685599323
229   -5.9334840182712  -1.7618007759009
230  -6.15921264056204 -1.85813969435076
231  -6.39567791011046 -1.94746749467074
232  -6.64314218207471 -2.02751553622747
233  -6.90159175435362 -2.09585534542972
234  -7.17069741138525 -2.14990017215598
235  -7.44976171158867 -2.18690732588525
236  -7.73764820169716 -2.20398188962528
237  -8.03268475118491 -2.19807866093701
238  -8.33252415321372 -2.16598883952093
239   -8.6339202754982 -2.10427268221453
240  -8.93231417572162 -2.00904768549463
241  -9.22099126904011 -1.87548312992782
242  -9.48951465398009 -1.69706359141799
243  -9.72260126028438  -1.4663659170409
244  -9.90584397708356  -1.1812526630361
245  -10.0238770242501 -0.849971513562702
246  -9.96456030849328 -0.437864706390443
247  -9.47962508532437 0.0450944666904371
248  -9.96298521640561   0.5133108246138
249   -10.209949837654   1.1417674381337
250    -10.13727240198  1.81111001950589
251  -9.77712706443703  2.37887045666029
252  -8.89052066975526  2.92019854035409
253  -7.85951757874606  3.01362465918521
254  -6.87162753190847  2.96367911365682
255  -5.91299887037899  2.98543272715831
256  -4.97501903401988  3.17091816747215
257  -4.05246287589559  3.47294576487081
258  -3.07040024685201  3.73705940128353
259  -2.04759201992139  3.85483728476731
260  -1.06453933132077  3.91216358595004
