// Id               X                Y
  1  -0.516700161352635  7.21889507698243
  2  0.518424475766513  7.19809335132184
  3   1.56227622156971  7.04651704372552
  4   2.58863546370851   6.7501540183261
  5   3.55765114412608   6.2945533777795
  6    4.4660852617444  5.72834861587106
  7   5.27995215874236  5.06613935089059
  8   6.08784116033546  4.40147616576498
  9   6.88316603683787  3.73989918357249
 10   7.56349086317011  3.05354819010741
 11   8.02646828393716  2.21966330603714
 12   8.05482135184737   1.6852157193283
 13   7.84509180860869  1.18964735018378
 14   7.39803676088127 0.887426761239829
 15   6.86701833969697 0.913439280266968
 16   6.45824750247552  1.22648297040077
 17   6.32613390932902  2.61781962259443
 18   6.26677828581428  2.86239587545853
 19   6.21131592077954  3.04917225680652
 20   6.15851606830135   3.2015362806333
 21   6.10723778632329   3.3324094828819
 22   6.05625976036951  3.44985433438981
 23   6.00448619295963  3.55911371893673
 24   5.95087834024586  3.66358594219662
 25   5.89470465100194   3.7655565700339
 26   5.83521283385648  3.86642814621784
 27   5.77196712643797  3.96718280840935
 28   5.70447320177398  4.06834526375968
 29   5.63246095813475  4.17027030910316
 30   5.55565710920188  4.27307279288786
 31   5.47391361811666  4.37677436901839
 32   5.38711706679075  4.48128514859129
 33   5.29521868899532  4.58646212336857
 34    5.1982061636388   4.6921144957611
 35   5.09610283371325  4.79802454191848
 36   4.98895700987414  4.90395538360897
 37   4.87683646904252  5.00965926419668
 38   4.75982276242734  5.11488224488915
 39   4.63800717819928  5.21936773171758
 40   4.51148768650662  5.32285874652316
 41    4.3803669336345  5.42509949297022
 42   4.24475107638334   5.5258364473711
 43   4.10474929061514  5.62481919748796
 44   3.96047377345827  5.72180116485487
 45   3.81204008001728  5.81654029572396
 46   3.65956765857183  5.90879976271009
 47    3.5031804754482  5.99834869024643
 48   3.34300764707215  6.08496289809958
 49   3.17918402045556  6.16842564678691
 50   3.01185066337265  6.24852836452921
 51     2.841155241519   6.3250713354306
 52   2.66725227224871  6.39786433126998
 53   2.49030325354351  6.46672717336595
 54   2.31047667325906  6.53149021555525
 55   2.12794790797261  6.59199474383456
 56   1.94289902340824  6.64809329232599
 57   1.75551848983057  6.69964987877823
 58   1.56600082627209  6.74654016575022
 59   1.37454618721568  6.78865155594348
 60   1.18135990455364  6.82588323187577
 61  0.986651996416823  6.85814615124989
 62  0.790636652917974  6.88536300998994
 63  0.593531707086077  6.90746818500881
 64  0.395558097388609  6.92440766834902
 65  0.196939326357025  6.93613900342422
 66  -0.00209908193666068  6.94263123270977
 67  -0.201330124344421  6.94386486443793
 68  -0.400525861048399  6.93983186371356
 69  -0.599457958699756  6.93053567106986
 70  -0.797898235393414  6.91599124893572
 71  -0.995619208386934  6.89622515390472
 72  -1.19239464477481    6.871275630201
 73  -1.38800011416961  6.84119271744874
 74  -1.58221354088763  6.80603836387675
 75  -1.77481575128245  6.76588653452263
 76  -1.96559100982358  6.72082330291954
 77  -2.15432753539846  6.67094691421536
 78  -2.34081798724646   6.6163678077414
 79  -2.52485990803811  6.55720858776178
 80    -2.706256110027  6.49360393254134
 81  -2.88481498908061  6.42570043401482
 82  -3.06035075094181  6.35365636326019
 83  -3.23268353455953  6.27764136068202
 84  -3.40163941914291  6.19783605423374
 85  -3.56705030527077  6.11443161395356
 86   -3.7287536666313  6.02762925614172
 87  -3.88659217864257  5.93763971491814
 88  -4.04041324428087  5.84468270148336
 89  -4.19006845683934  5.74898637044455
 90  -4.33541306465552  5.65078680579179
 91  -4.47630553396778  5.55032752379114
 92  -4.61260734164389  5.44785896325988
 93  -4.74418316647853  5.34363789266732
 94  -4.87090168088113  5.23792660623421
 95  -4.99263716684485  5.13099170682586
 96  -5.10927218266837  5.02310218243222
 97  -5.22070148207455  4.91452637668636
 98  -5.32683733034365  4.80552733283513
 99   -5.4276162742862  4.69635585172943
100   -5.5230073146036  4.58724043661238
101  -5.61302132055224  4.47837307486978
102  -5.69772144646069  4.36988947992836
103  -5.77723428977204  4.26184189727617
104  -5.85176159403999  4.15416172453614
105  -5.92159244254669  4.04660778351339
106  -5.98711604776413  3.93869376589729
107  -6.04883523620895  3.82958464515865
108  -6.10738014002208  3.71794599591324
109  -6.16351957254829  3.60172132293462
110  -6.21816250469104  3.47779993993335
111  -6.27233220405155  3.34152086646178
112  -6.32708467744745  3.18592747005159
113  -6.38337031091587  3.00055076380498
114  -6.44210402112919   2.7685628550727
115  -6.50621600522553  2.45444780749774
116  -6.67438483220378  1.37002269112758
117  -7.03176454881272 0.995372703916689
118  -7.54972360328094 0.874979300266849
119  -8.04138365034363  1.09099677141514
120  -8.32424479310572  1.54290272849617
121  -8.36199142275338  2.07089535555572
122  -7.95957545172917    2.927857469039
123  -7.30982443622764  3.60935383070162
124  -6.58018313589283  4.20827104261913
125  -5.84689203231544  4.79727947151546
126  -5.12341424065793  5.40098681227203
127  -4.37467787720525  5.98545912133175
128  -3.47363178881016  6.48906980693026
129  -2.52369015930932  6.85720630723296
130  -1.53126111870789   7.0766711199646
131  -0.219908425746365  7.72871946931671
132  0.891835880923134  7.67475133684315
133    1.9857783662606  7.46911547506474
134   3.04368608135801  7.12387652412054
135   4.04018565812607  6.63233291892702
136   4.97045513391068  6.02805436748034
137     5.826959643285  5.32642053907267
138   6.66576429160751  4.60349449186071
139   7.48660950085549  3.85543307022604
140    8.1734499847949  2.97585814328853
141   8.48698680741649  1.89928510155263
142   8.32406509469421  1.19566167780476
143   7.85732722774499 0.645834404171755
144   7.18706684932019 0.388206562003346
145   6.47522592384342 0.355834198717662
146   5.83338662819498 0.035415308928188
147   5.69721000383262 0.0360363642377388
148    5.5467150467149 0.0685220645248078
149   5.39915311104388 0.111724354771453
150   5.25521024376696 0.165271876587907
151   5.11549696898655 0.228630195435539
152     4.980453933543 0.300927978892307
153   4.85031332255294 0.381103836147753
154   4.72510769493531 0.468041052801733
155   4.60469820044411 0.560647925698758
156   4.48880824407153 0.657899961581306
157   4.37705966582652 0.758859705107365
158   4.26900358023753 0.862683015644837
159   4.16414543744101  0.96861615207412
160   4.06196502778822   1.0759893438142
161   3.96193481034465  1.18420920729284
162    3.8635355806138  1.29275109002087
163   3.76626933581585  1.40115130592504
164   3.66966908229977   1.5089997371112
165   3.57330594071545  1.61593303092125
166   3.47679376521485  1.72162853338499
167   3.37979155656905  1.82579896913125
168   3.28200399167306  1.92818783433749
169     3.183180436251  2.02856542513651
170   3.08311280252393  2.12672540839628
171   2.98163260183275  2.22248184679169
172   2.87860751421897  2.31566660705849
173   2.77393775092892   2.4061270992901
174    2.6675524286104  2.49372431184669
175   2.55940611411094  2.57833111852285
176   2.44947564232028  2.65983084110455
177   2.33775726069569  2.73811605181097
178   2.22426411544315  2.81308759780864
179   2.10902406653151  2.88465382578152
180   1.99207780114902  2.95272998007287
181   1.87347720634032  3.01723774441976
182   1.75328395942491  3.07810489552729
183    1.6315682973649  3.13526503697529
184    1.5084079316631   3.1886573841446
185   1.38388708209154  3.23822657467686
186   1.25809560940058  3.28392248398056
187   1.13112823333155   3.3257000309573
188   1.00308382726606  3.36351896495326
189  0.874064784473969   3.3973436305089
190  0.744176453153992  3.42714271144047
191  0.613526638422826  3.45288895989216
192  0.482225169313289  3.47455891909625
193  0.350383527948879  3.49213265060607
194  0.218114536637695  3.50559347773345
195  0.0855320969265774  3.51492775689785
196  -0.0472490271002564  3.52012468769262
197  -0.180113390620355  3.52117617084026
198  -0.312945025666497  3.51807672100893
199  -0.445627586193847  3.51082343887691
200  -0.578044492855039   3.4994160440477
201  -0.710079089829769  3.48385696762915
202  -0.841614825753463   3.4641515006921
203  -0.972535470145359  3.44030799261427
204  -1.10272537586899    3.412338091688
205  -1.23206979723539  3.38025701950935
206  -1.36045527259844  3.34408387073341
207   -1.4877700799542   3.3038419309026
208  -1.61390477443755   3.2595590073007
209  -1.73875281801548  3.21126777114397
210  -1.86221131438815  3.15900611377753
211  -1.98418186632878  3.10281752465625
212   -2.1045715784742   3.0427515043673
213  -2.22329423573186  2.97886403126538
214  -2.34027169546851  2.91121810478377
215  -2.45543553951582   2.8398843914356
216   -2.5687290382671  2.76494200024137
217  -2.68010948168326  2.68647941231651
218  -2.78955092831561  2.60459558452101
219  -2.89704741064929  2.51940123992906
220  -3.00261661045615  2.43102034975614
221  -3.10630397944476  2.33959180452533
222  -3.20818722783344  2.24527126966364
223  -3.30838103835243  2.14823322567232
224  -3.40704179019381   2.0486732082096
225   -3.5043720039156  1.94681028983685
226  -3.60062415351182  1.84288988093171
227  -3.69610344523851  1.73718696693241
228  -3.79116914177692  1.63000993385853
229  -3.88623401814219  1.52170515306949
230  -3.98176157001436  1.41266248857486
231  -4.07826064766422  1.30332184699891
232  -4.17627724638823  1.19418080528048
233  -4.27638323094625  1.08580321836309
234  -4.37916178892283  0.97882851518193
235  -4.48518937876475 0.873981100361142
236  -4.59501384977789 0.772078805887322
237  -4.70912827012854 0.674038498515274
238  -4.82793987082852 0.580875388547266
239  -4.95173364388876 0.493689708696366
240  -5.08063123510362 0.413629563800179
241  -5.21454957940806 0.341812571395868
242  -5.35317341237123 0.279190039120774
243  -5.49597269506404 0.226385699618632
244  -5.64229878090637 0.183775114935935
245  -5.79145747708761 0.153018369601656
246  -5.92943512205125 0.175777048641759
247  -6.58785941767369 0.466846652895985
248  -7.29587230318568 0.400248289457964
249  -7.99573711643652   0.5565591055135
250  -8.53308872697463  1.03795940581783
251    -8.773166754261  1.72095796202338
252  -8.56339533504363  2.82418721505429
253  -7.91035634466571  3.73382311394968
254  -7.10793547756626  4.50908370699439
255  -6.25530761496769  5.22707397427885
256  -5.38862293152437  5.92885818844772
257  -4.47083693331788  6.56423356525783
258  -3.47998904822044  7.07656692139099
259  -2.42505537692944  7.43683285623968
260  -1.32777067582863  7.63059065264163
