// Id               X                Y
  1  -0.101735140101068   13.277908502146
  2   1.03478379958578  13.1843928063583
  3   2.11119192442984  12.7986974134311
  4   3.10266668416384   12.253012429544
  5   4.02045625135395  11.6153518501808
  6   4.85824527285834   10.911582299333
  7   5.59771938787543  10.1064303117614
  8   6.19281549623503  9.19038127972845
  9   6.59549663274958  8.19142802104373
 10   6.96100131835804  7.18938892385516
 11   7.40887736599728  6.20649063931492
 12   7.71965393617556  5.60571488978808
 13   8.01396400909504  4.99623607894647
 14   8.21744252811298  4.34852000831637
 15   8.20000808091325  3.66807016420416
 16   7.81856818368529  3.11068615322878
 17   7.57599347186369  2.99024884386857
 18   7.44373570291834  2.95881595380778
 19   7.31182948788315  2.94811609167616
 20   7.18457093160875  2.95643713710534
 21   7.06235458677056  2.98219531077414
 22   6.94488065278241  3.02428551753261
 23   6.83186258063471  3.08309532867928
 24   6.72402702474463  3.15883176249405
 25    6.6204165292746  3.25467930610849
 26   6.51749591324328  3.38065162742244
 27   6.39737647169742   3.5937193324102
 28   6.31112146316641  3.84616070306316
 29   6.26400719023388  4.12185106732077
 30   6.25219300727304  4.41123197223921
 31   6.26846968018124  4.70873326370755
 32    6.3044866438333  5.01174581843917
 33   6.35190031730446  5.31956767151104
 34   6.40293209342364  5.63243223444645
 35   6.45061487394513  5.95076295352274
 36   6.48890164343217  6.27468875770018
 37   6.51272222019526  6.60379460719633
 38   6.51801657711071  6.93705863981906
 39   6.50174386068547  7.27292174350766
 40   6.46185766419127  7.60943731699116
 41   6.39724151980992  7.94445529963288
 42    6.3076065835246  8.27580408137626
 43   6.19336093151049  8.60144535711855
 44   6.05546407410478   8.9195885739638
 45   5.89528069825717  9.22876153496828
 46   5.71444517909948  9.52784077691267
 47   5.51474451286071  9.81604922556573
 48     5.298023314791  10.0929298014831
 49   5.06611111359023  10.3583030246161
 50     4.820769209307  10.6122154623643
 51   4.56365172615485  10.8548844842017
 52   4.29628230437997  11.0866358585837
 53   4.02009455643887  11.3077961096728
 54    3.7364905862931   11.518586664982
 55   3.44637115989742   11.719374036902
 56   3.15075966923607  11.9101045653107
 57   2.85052202062721  12.0904606880892
 58   2.54635882943154  12.2597913839207
 59    2.2389052981028  12.4169997481546
 60   1.92879774874918  12.5605118456949
 61   1.61676356279113  12.6883190527206
 62   1.30371807563009  12.7981270365786
 63  0.990795470310301  12.8876352843179
 64  0.679188649975921  12.9549125320675
 65   0.36968754531282  12.9987251918032
 66  0.0620470021631159   13.018586725629
 67  -0.245196669036658  13.0144340447208
 68  -0.55386542800425  12.9862845929345
 69  -0.864901779012113  12.9343511862267
 70  -1.17799955218057  12.8594455656751
 71  -1.49209591456088  12.7631482172226
 72  -1.80597252456242    12.64760716006
 73  -2.11857615000999  12.5151641423708
 74  -2.42907609766586  12.3680126180136
 75  -2.73679203449135  12.2079773882243
 76  -3.04109524043415  12.0364180747447
 77  -3.34133184791471  11.8542222524858
 78  -3.63675191241098  11.6618685333719
 79  -3.92638884468299  11.4595711747876
 80  -4.20933530971861  11.2471527737787
 81  -4.48448419871244  11.0242873973374
 82  -4.75041575369419  10.7907041742377
 83  -5.00569011996625  10.5460426732274
 84  -5.24874879669783  10.2899924273489
 85  -5.47790795105878  10.0223738398756
 86  -5.69138765625264  9.74319494077661
 87  -5.88735319882218  9.45270523045642
 88  -6.06397246369309  9.15144469277202
 89   -6.2194940336223  8.84028210789444
 90   -6.3523478464003  8.52043560011501
 91  -6.46126733980307  8.19346710733684
 92  -6.54542844782804   7.8612421876139
 93  -6.60459674498016   7.5258483893199
 94   -6.6392703778624    7.189470108271
 95  -6.65080455855485  6.85422571672816
 96  -6.64150470534563  6.52198323759871
 97  -6.61468041310989  6.19418255704899
 98  -6.57466028007368  5.87170324752306
 99  -6.52677488643471  5.55482579258052
100  -6.47731616169564  5.24333914110904
101  -6.43346825091677  4.93684756923354
102  -6.40316925372452  4.63532034466677
103  -6.39479850100386  4.33989674223547
104  -6.41649293016447   4.0538847733349
105  -6.47479204180618  3.78377523789518
106  -6.57201872170335  3.54021825395237
107  -6.69833516040226  3.34196782992523
108  -6.80326072818037  3.22643182331219
109  -6.91023897316162  3.13737094919851
110  -7.02190100446615  3.06748372444303
111  -7.13861421795663  3.01487871165826
112  -7.26003376284219  2.97925410142437
113  -7.38688509484927  2.96084485983858
114  -7.51872480576198  2.96116692193146
115  -7.65128806239841  2.98169855867375
116  -7.90011925028853  3.08131233146873
117   -8.3187287624019  3.60679569766001
118   -8.3685715054569  4.28267786618451
119   -8.1816920496892  4.93235724915404
120   -7.8926227635248  5.54105176301116
121  -7.58018686536984   6.1375136361206
122  -7.12143150391716  7.11195496970346
123   -6.7495150719066  8.11032118177721
124  -6.36177354298441  9.10439674439851
125   -5.7795460278235  10.0299493679821
126  -5.04751843557604  10.8431123485786
127  -4.21409150195076  11.5471150691351
128  -3.30706464256526  12.1751994752637
129  -2.33463961652213  12.7232904944716
130  -1.22649636427555  13.0350135308654
131  -0.0923137562186784   13.847765079849
132   1.02830787593561  13.7565063830908
133   2.09101741070194   13.378069510973
134   3.08731723073912  12.8401851963581
135   4.03166788252077  12.2134914721217
136   4.91698570028718  11.5064283207656
137   5.71076323090063   10.698557816941
138   6.36494387700093  9.77482914541895
139   6.84890453485407  8.75615139508271
140   7.27040317561487  7.72417221448078
141   7.76150208226743  6.73892836677411
142   8.04818455942161  6.10232886460116
143     8.342210823684  5.46987722038586
144   8.57316411749624  4.81206566353446
145   8.69442655675581  4.12641441183112
146   9.19604802109329  3.69381689441578
147   10.5159654912152  3.41800523805028
148   10.4311284619153  2.98902171011576
149   10.2746085616849   2.5819668856711
150   10.0734215257791  2.20007171902271
151   9.82832214540863  1.85018117265936
152   9.54474128698222   1.5379440323302
153   9.22883387934079  1.26794754951449
154   8.87581404423451   1.0514798808172
155   8.49312912454874 0.893319483570703
156   8.08141968127597 0.807326912451748
157   7.62467168984564 0.838784516549531
158   7.15748607641752 0.951207724473419
159   6.70310570823677  1.13744388140702
160   6.28188230366576  1.39451345175534
161   5.91109843130874  1.71296617802302
162   5.60201917581495  2.07768291734976
163   5.35847710676637  2.47099805487011
164   5.17737794200522   2.8760314489672
165   5.05061633003621  3.27908022981389
166   4.96747303703425  3.67062147057272
167   4.91669856874807  4.04514603177241
168   4.88790637905409  4.40034215901823
169    4.8722701689973  4.73610460934689
170   4.86270615708574   5.0536566731023
171   4.85375129613454  5.35489405974273
172   4.84130255629709  5.64194970640425
173   4.82232132126067  5.91693207028908
174   4.79455807016835  6.18178160400979
175   4.75632125630375  6.43819945293032
176   4.70629692880665  6.68761631092128
177    4.6434168219835  6.93118200246338
178   4.56676831338644  7.16976544374724
179   4.47553817876716  7.40395874973666
180   4.36898625487351  7.63408078401397
181   4.24645624895229  7.86021964933234
182   4.10736674080736  8.08261883974294
183   3.95069940009372  8.30300370172959
184   3.77420619145739   8.5231912282793
185   3.57869698256533  8.73265763342386
186   3.36413502742645  8.93089475855826
187   3.13016690450205  9.11884465180604
188   2.87644882471041   9.2953387213672
189   2.60242317935668  9.45838863948692
190   2.30733246263946  9.60567038149078
191   1.99027233310449  9.73467617079719
192   1.65034882772505  9.84296661890783
193   1.28709141961292  9.92861228268677
194   0.90126388960847  9.99074686692104
195  0.496038064836546  10.0299012459582
196  0.0780013571893109  10.0475677772979
197  -0.343127394370354  10.0448550437245
198  -0.756790480801121    10.02133617528
199  -1.15453824502393  9.97545889906391
200  -1.53141409308105   9.9060080652207
201  -1.88548804816853  9.81308236375258
202  -2.21666648490676  9.69810091655142
203   -2.5256607782944  9.56329847684478
204      -2.8133738782  9.41119490112118
205  -3.08062596915692  9.24423887454893
206   -3.3280623851668  9.06462628674328
207  -3.55611492146874  8.87408908770227
208   -3.7650658430018  8.67299650079821
209  -3.95537724933084  8.45958864236059
210  -4.12612256993896    8.240340858029
211  -4.27799914436579  8.02066883183301
212  -4.41288746909851  7.79790076197581
213  -4.53149673360868  7.57113034878895
214  -4.63441033576221  7.34029290865998
215  -4.72230692029183  7.10524734930467
216  -4.79594098331658  6.86559543262492
217   -4.8561465110115  6.62066722915534
218   -4.9038729959632  6.36951642812426
219  -4.94025080751065  6.11091627854665
220   -4.9666926453461  5.84336179803575
221  -4.98503921726994  5.56508490830444
222  -4.99775495286086  5.27409505644781
223  -5.00817430929312  4.96826821319268
224  -5.02078848396395  4.64552059150349
225  -5.04154152649729  4.30411710788178
226  -5.07806849017808   3.9431711034654
227  -5.13975404340362  3.56337595452492
228  -5.23742782733262  3.16794707254313
229  -5.38247905010859  2.76362109163256
230  -5.58523797336947  2.36136460310242
231  -5.85271440472757  1.97627210153729
232  -6.18619876325506  1.62616336700576
233   -6.5796195666652   1.3288052862068
234  -7.01954848866306  1.09842635232216
235  -7.48715643997079 0.942860585426908
236  -7.96125722107739 0.863889791068228
237  -8.41679513608518   0.8700543749052
238  -8.82133453397737 0.988711597717822
239  -9.19361665993354  1.17598213253836
240  -9.53124015023511  1.42065211209103
241  -9.83201216725231  1.71430995815326
242  -10.0982855021507  2.04776723868525
243  -10.3229494003835  2.41622483122619
244  -10.5036232331415  2.81322557346956
245  -10.6115314506913  3.23703515009086
246  -9.31440254833699   3.5889449858815
247  -8.83321839073303  4.04318206947018
248   -8.7369786407023  4.73243862838763
249   -8.5186655896302  5.39405775327293
250  -8.22513163542834   6.0260192137869
251  -7.93313801873468   6.6594809268647
252  -7.43796493222076  7.64178815632124
253  -7.01327104134899  8.67035380222401
254  -6.53596512622297  9.69048473959718
255  -5.89482185398805  10.6227285117497
256  -5.10815823638296  11.4370293152525
257  -4.22504432018148  12.1462290725405
258  -3.27635037765538  12.7658642229225
259  -2.27551203894847  13.2962057929407
260   -1.1953020526047  13.6202251726469
