// Id               X                Y
  1  -0.410666896399502  5.12853435164763
  2  0.660533902346122  5.09849277298399
  3   1.72947236245366  4.95075759736263
  4   2.76680221648293  4.68504114563871
  5   3.75709950486536  4.29116172421173
  6   4.67859661609113  3.76988546897234
  7    5.5433502718895  3.18602448375328
  8   6.39090742860824  2.58362580201692
  9   7.18877501853894  1.93867834765665
 10   7.85345851837625  1.15280884676326
 11   8.11647268145821 0.106511452902605
 12   7.77772717204165 -0.455282399988872
 13   7.26874245927179 -0.647165494296596
 14   6.76521803645408 -0.501781224269329
 15   6.43787315102751 -0.113659766166768
 16   6.33724959756078 0.592868736934731
 17   6.31582725867051  1.37897059774007
 18   6.26926734631812  1.56099567528692
 19   6.22652695063078  1.68728171728656
 20   6.18241427514459  1.79634441368957
 21   6.13637933017989  1.89534896947659
 22   6.08755884719979  1.98895854618125
 23   6.03476197696972  2.08041250910415
 24   5.97709539743705  2.17170530213488
 25   5.91383477315523   2.2637824923952
 26   5.84463253261959    2.357018786652
 27   5.76931435084127  2.45137282650096
 28   5.68791774036356  2.54662773461643
 29   5.60058703749849  2.64246295887776
 30   5.50755027793768  2.73853822993503
 31   5.40907283124679   2.8345209089214
 32    5.3054342601824  2.93010574571532
 33   5.19690944749217  3.02501887450461
 34   5.08375868120078  3.11901709207336
 35    4.9662227168206  3.21188377151584
 36   4.84452165375516  3.30342409715178
 37   4.71885600064214  3.39346052880453
 38   4.58940892263388  3.48182903661756
 39   4.45634895638219  3.56837621917497
 40   4.31983276601427  3.65295724962839
 41   4.18000770083006  3.73543451176153
 42   4.03701404034254  3.81567677121214
 43   3.89098688735097   3.8935587383212
 44   3.74205771244572  3.96896090202819
 45   3.59035557552059  4.04176953903612
 46   3.43600805986379  4.11187682501327
 47   3.27914195747924  4.17918099341315
 48   3.11988374369041  4.24358650250979
 49   2.95835987669371   4.3050041829374
 50   2.79469695462845  4.36335134702845
 51   2.62902175948014  4.41855184816487
 52   2.46146121399883  4.47053608369561
 53   2.29214227489095  4.51924093911828
 54   2.12119178283582  4.56460967445818
 55   1.94873628735406  4.60659175630766
 56   1.77490186216806  4.64514264095317
 57   1.59981392440701    4.680223515511
 58   1.42359706879353  4.71180100508132
 59   1.24637492579682  4.73984685465985
 60   1.06827005065045  4.76433759495436
 61  0.889403848126251  4.78525420137036
 62  0.709896536049997   4.8025817552881
 63  0.529867148761897  4.81630911638098
 64  0.349433580090149  4.82642861415532
 65   0.16871266393902  4.83293576615262
 66  -0.0121797106879144  4.83582902937851
 67  -0.193128454490236  4.83510959053494
 68  -0.374019107632042  4.83078119955944
 69  -0.554737650252044  4.82285004984081
 70  -0.735170299949068  4.81132470730433
 71  -0.915203302683653  4.79621608935987
 72  -1.09472272352548      4.7775374935
 73  -1.27361424343803  4.75530467413825
 74  -1.45176296782332  4.72953596510709
 75  -1.62905325184789  4.70025244410989
 76  -1.80536854663232  4.66747813436197
 77  -1.98059126920796  4.63124023768843
 78  -2.15460269772189  4.59156939250032
 79  -2.32728289170279  4.54849994937988
 80   -2.4985106352809   4.5020702565099
 81  -2.66816339908106  4.45232294692799
 82  -2.83611731406634  4.39930521962609
 83  -3.00224714788578  4.34306910691456
 84  -3.16642627124071    4.283671721309
 85  -3.32852659839118  4.22117547658603
 86   -3.4884184821183  4.15564827974019
 87  -3.64597053917977  4.08716369357405
 88  -3.80104937749348  4.01580107386789
 89  -3.95351919095439  3.94164569093582
 90  -4.10324118204305  3.86478885346855
 91  -4.25007276656155  3.78532806366675
 92  -4.39386650970013  3.70336724773723
 93  -4.53446873972207   3.6190171258784
 94  -4.67171778768124  3.53239581171195
 95  -4.80544181375376  3.44362976258209
 96  -4.93545621138698  3.35285523675742
 97  -5.06156064296562  3.26022044396208
 98  -5.18353587476833  3.16588858530099
 99  -5.30114077047934  3.07004193605687
100  -5.41411009849535  2.97288697637008
101  -5.52215422458754  2.87466024042619
102  -5.62496227651347  2.77563392841889
103  -5.72221088937566  2.67611929235976
104  -5.81358097663289  2.57646426582556
105  -5.89878484445232  2.47703970531942
106  -5.97760509771742  2.37820591806852
107  -6.04994508379667  2.28024774032279
108  -6.11588822301498  2.18326190143632
109  -6.17576005468456  2.08697481344076
110  -6.23017893512257  1.99046632698039
111  -6.28005852590982  1.89179535052066
112  -6.32646771602469  1.78762927169197
113  -6.37020451553491  1.67317647461058
114  -6.41150321776609  1.54113913750771
115  -6.45414451272371  1.35300299763914
116  -6.44791640825743  0.56458532360254
117  -6.51296570802207 -0.146791811072423
118  -6.81119014456192 -0.556815917707357
119  -7.29747242953216 -0.745476900117212
120  -7.81787181916143 -0.607640692963485
121  -8.20971469543866 -0.0838753635279766
122  -8.02747535935065 0.974156421858827
123  -7.45582142318326  1.74291909452854
124  -6.75111722079522  2.36948431042305
125   -6.0073924627464  2.94094091712613
126  -5.24747260229633  3.49567053076991
127  -4.44609253843037  4.01243211258815
128  -3.50253803306456  4.46555227704571
129  -2.49169083205382  4.80199273029928
130   -1.4565290562286  5.00082366489684
131  -0.109001701288392  5.63308026983437
132   1.00760187627115  5.57968968655345
133   2.11061622133398  5.40149809855972
134   3.18516716209616  5.09871195460912
135   4.21121501114608  4.66278741401253
136    5.1700685283087  4.09819762508315
137   6.08420598493108   3.4650832062863
138   6.96774245708498  2.78823112618185
139   7.79077529125913  2.03455420099416
140   8.43575199167408  1.12234067957278
141     8.508284040957 0.0127298133308182
142   8.24746181398033 -0.649935146516044
143    7.6317231292589 -1.02104410535983
144   6.90616819070866 -1.01536174729383
145   6.20674451645498 -0.815499920889394
146   5.55593896784149   -1.171038937146
147   5.42178984028698 -1.17497078743626
148   5.28790288096655 -1.14292625963269
149   5.16152028273206 -1.08670984004316
150   5.04321076840945  -1.0151379775418
151   4.93195440818653 -0.933099408217091
152   4.82670081574923 -0.84371597664632
153   4.72640806204284 -0.749267548750812
154   4.63002312059749 -0.651514365291124
155     4.536515987836 -0.551836045669881
156   4.44492608024261 -0.45131694384966
157   4.35439782580263 -0.350808780010011
158   4.26420167468227 -0.250978765440229
159   4.17374124726309 -0.152346486313305
160   4.08254957842039 -0.0553125878807087
161   3.99027751116751 0.039818377480491
162   3.89667743781366 0.132819130200245
163   3.80158515086925 0.223523758528006
164   3.70490197299851  0.31181411287308
165   3.60657861434311 0.397608214232584
166   3.50660153708109 0.480850548622855
167   3.40498206961423 0.561504160461297
168   3.30174814449862 0.639544433003963
169   3.19693832301877 0.714954396999467
170   3.09059768104784 0.787721366923545
171   2.98277512560183 0.857834680402828
172   2.87352175436358 0.925284313124591
173   2.76288993537824 0.990060155244819
174   2.65093285402223  1.05215176039659
175   2.53770433938342  1.11154840922687
176   2.42325883764479  1.16823936142429
177   2.30765144448661  1.22221420034059
178   2.19093794232925   1.2734632007679
179     2.073174812775  1.32197767245016
180   1.95441921155352  1.36775024942488
181    1.8347289043124  1.41077510867904
182   1.71416216822556   1.4510481114431
183   1.59277766787484   1.4885668673871
184   1.47063431519003  1.52333072664481
185   1.34779112316817  1.55534070752607
186   1.22430706218671  1.58459936943803
187   1.10024092636837  1.61111064128634
188  0.975651215910885  1.63487961574183
189  0.850596039734092  1.65591231944419
190  0.725133041323843  1.67421546861964
191  0.599319349324674  1.68979621882062
192  0.473211553278978  1.70266191662827
193  0.346865703935857  1.71281986024389
194  0.220337336752716  1.72027707497091
195  0.0936815165738513  1.72504010867743
196  -0.0330470990239906  1.72711485144693
197  -0.159794180596942   1.7265063827785
198  -0.286505635046909  1.72321884889047
199  -0.413127504484162  1.71725537190804
200  -0.539605859126061  1.70861799196898
201  -0.665886687629964  1.69730764254969
202  -0.791915788200639  1.68332415858007
203  -0.917638663683477  1.66666631616413
204  -1.04300042364649  1.64733190193324
205  -1.16794569615247  1.62531780921274
206  -1.29241855150775  1.60062015726418
207  -1.41636243972093  1.57323442886354
208  -1.53972014268553  1.54315562038987
209  -1.66243374118805   1.5103783974444
210  -1.78444459571749   1.4748972478369
211  -1.90569333871181  1.43670662264162
212  -2.02611987435378  1.39580105506857
213  -2.14566338041104  1.35217524631695
214  -2.26426230508183  1.30582410767036
215  -2.38185435066744   1.2567427492629
216  -2.49837643563783   1.2049264087336
217  -2.61376462802744  1.15037031807287
218  -2.72795404714043  1.09306951516231
219   -2.8408787386788  1.03301861871645
220  -2.95247154245409  0.97021160244776
221  -3.06266399401803 0.904641627022695
222  -3.17138633434013 0.836301017073025
223  -3.27856774755951 0.765181504729815
224   -3.3841370077865 0.691274899222417
225  -3.48802379235144 0.614574380753366
226  -3.59016100816566 0.535076650867686
227  -3.69048857200817 0.452785193735648
228  -3.78895916832901 0.367714905066395
229   -3.8855465518585 0.279898321107764
230  -3.98025692577583 0.189393628465206
231  -4.07314375657388 0.0962945673469696
232  -4.16432602876451 0.000742286058041528
233  -4.25400935850723 -0.0970607845185544
234  -4.34250858525272 -0.196834820273025
235  -4.43026953303579 -0.298203685659469
236  -4.51788675250928 -0.400672036654867
237  -4.60611343582789 -0.503596471749914
238  -4.69585950659761 -0.606147911558153
239  -4.78817428877814 -0.707261735730918
240  -4.88421190602219 -0.805571631419788
241  -4.98518385367131 -0.899319860347344
242  -5.09232171160429 -0.986216219988008
243   -5.2068985561652 -1.06312540197804
244  -5.33022364167098 -1.12516487943316
245  -5.46218941856471 -1.16349189796523
246  -5.59621689355476 -1.16595816495961
247  -6.26302130092034 -0.842499487865902
248  -6.95304437418562 -1.07659569626587
249  -7.68017822356772 -1.10777824896014
250  -8.30943584264751 -0.753128307004325
251  -8.60708853182993 -0.10391236665109
252  -8.60789818080785   1.0090872478017
253  -8.00670669941946  1.95058886183965
254    -7.212151981692  2.73731618160171
255  -6.33532125978145  3.43162702374437
256  -5.41204492839787  4.06381097544558
257   -4.4335956619595  4.60878697955574
258  -3.40380461894633  5.05010528746824
259  -2.32981576983826  5.36915137326129
260  -1.22365687589423   5.5440926875891
