// Id               X                Y
  1  -0.076872202402943  1.92910345685441
  2  0.968535113506931  1.94258443060636
  3   2.01050998178691  1.94408563629155
  4   3.06758753097066  1.93623413994338
  5   4.11844146138285    1.856369978746
  6   5.11779829874832  1.79772717528106
  7   6.13897595431313  1.83378991722902
  8   7.15156440484828  1.92537343627387
  9   8.11394313823464  1.92604609623785
 10   9.02239712372947  1.62871067813272
 11   9.56744364918538 0.833939805701029
 12   9.46353469167604 0.293608992547072
 13   9.07962676351322 -0.0895458122515344
 14   8.54616603495119 -0.212771500073337
 15   8.01612045908106 -0.0837339500287098
 16   7.41252053286682 0.369998947703763
 17   6.93658544365912 0.728439962307258
 18   6.85997809893419 0.775171757412925
 19   6.79155014683348  0.81474455050695
 20   6.72370938568232 0.852143315028975
 21   6.65033967930441 0.890654649950788
 22   6.56968861817574 0.930896150696851
 23   6.48136503623675 0.972643022590009
 24   6.38540021263903  1.01549903202251
 25   6.28202060827431  1.05900013259053
 26   6.17159877973724  1.10267407066848
 27   6.05461490313214  1.14606176192897
 28   5.93161890783354    1.188738670353
 29   5.80319169765814  1.23032832884497
 30   5.66991200244786  1.27050966666456
 31   5.53233228742515  1.30901851329506
 32   5.39096434351888  1.34564499926323
 33   5.24627302013279  1.38022868611972
 34   5.09867569184326   1.4126528890136
 35   4.94854513989502  1.44283913155273
 36   4.79621406205921  1.47074219388684
 37   4.64198003086428  1.49634588955302
 38   4.48611021808523  1.51965952338221
 39   4.32884554968525   1.5407149034529
 40   4.17040417063786  1.55956376232334
 41   4.01098422110192  1.57627545628759
 42   3.85076598820776  1.59093483761446
 43   3.68991352554276   1.6036402237587
 44   3.52857584070343  1.61450141466009
 45   3.36688774902907  1.62363773249766
 46   3.20497048384754  1.63117607698913
 47   3.04293214293325  1.63724900345542
 48    2.8808680388628  1.64199284060516
 49   2.71886100843254   1.6455458706833
 50   2.55698172388893  1.64804659673715
 51   2.39528903692067  1.64963212085844
 52   2.23383037560121  1.65043665402031
 53   2.07264220509861  1.65059017324937
 54   1.91175055523283  1.65021723605654
 55   1.75117161197753  1.64943595593861
 56   1.59091236577234  1.64835713690269
 57   1.43097130691545  1.64708355977191
 58   1.27133915714021  1.64570940878517
 59   1.11199962648507   1.6443198238527
 60  0.952930185459374  1.64299056180956
 61  0.794102844008726  1.64178774906883
 62  0.635484930639723  1.64076770810565
 63  0.477039867057427  1.63997684105946
 64  0.318727935627163  1.63945155527107
 65  0.160507038764137  1.63921821762567
 66  0.00233345088671293  1.63929312701966
 67  -0.155837435220519  1.63968249699478
 68  -0.314050364938674  1.64038244349624
 69  -0.472349478080906  1.64137897573544
 70  -0.630777561662163  1.64264799121077
 71  -0.789375296268202    1.644155279001
 72  -0.94818049383828  1.64585653843479
 73  -1.10722732576978  1.64769742308407
 74  -1.26654554169131  1.64961362264091
 75  -1.42615968098085  1.65153099750778
 76  -1.58608828104539  1.65336578272977
 77  -1.74634308841026  1.65502487907484
 78  -1.90692828062815   1.6564062494649
 79  -2.06783970870196  1.65739943842019
 80  -2.22906417087289  1.65788623057148
 81  -2.39057872896978  1.65774146153649
 82  -2.55235007774983   1.6568339905488
 83  -2.71433397549411  1.65502783927596
 84  -2.87647474030832  1.65218349550756
 85   -3.0387048109482  1.64815937422018
 86  -3.20094436347538  1.64281342245952
 87  -3.36310096571269  1.63600484917167
 88  -3.52506924049602  1.62759595729574
 89  -3.68673049641899  1.61745405386502
 90  -3.84795227153983  1.60545341529608
 91  -4.00858772185682  1.59147729015172
 92  -4.16847477286918  1.57541993102223
 93  -4.32743494008294   1.5571886612398
 94  -4.48527171432111  1.53670600123439
 95  -4.64176840276224   1.5139119035065
 96  -4.79668532166366  1.48876617391144
 97  -4.94975626069734  1.46125118840594
 98  -5.10068419733706  1.43137504403743
 99  -5.24913635794234  1.39917530090743
100   -5.3947389362998  1.36472345918526
101  -5.53707213295752  1.32813024002919
102  -5.67566669821545  1.28955155609028
103  -5.81000381406814  1.24919471926836
104  -5.93952075953223  1.20732392747574
105  -6.06362498000165  1.16426348510851
106  -6.18171836905975  1.12039678558811
107  -6.29323137762353  1.07615919927606
108  -6.39766336065111  1.03202390822185
109  -6.49462320626823 0.988481064997512
110  -6.58386734560478  0.94601021097251
111  -6.66535578153008 0.905034635997398
112  -6.73945959861096 0.865781664417149
113  -6.80794084136674  0.82766821212836
114  -6.87692458629156 0.787334062739085
115  -6.95402157021722 0.739756745542026
116  -7.42770264485565 0.378148916609699
117  -8.02770096416609 -0.0804145386544143
118  -8.55681209446748 -0.214641576396783
119   -9.0916276926095 -0.097177468027098
120  -9.47994230262152 0.281428077334883
121  -9.59025595017585 0.820464134088873
122  -9.05412559584165  1.62133503687165
123  -8.14821375264659  1.92747079978757
124  -7.18521616052039   1.9342925030084
125  -6.16711312750541  1.84760204777355
126  -5.13889156808875  1.81344123859094
127  -4.11845872702305  1.87122120748655
128  -3.13052966832591  1.93443264457461
129  -2.14867433830441  1.94691473231415
130  -1.11481480159081  1.91375651899509
131  -0.0101068033239851  2.51513825097511
132   1.05631181794933  2.52502933830492
133   2.12220614653847  2.52294350915673
134   3.18683285360896  2.51209517437724
135   4.24690695159571  2.43262565041092
136   5.30930920198074  2.37290035352008
137   6.37581516289025  2.39818395818003
138    7.4492539395405  2.46295743333007
139   8.53114217512119  2.37408734794284
140   9.52692564477966  1.93207425904352
141   10.0187152351882 0.961383909639829
142   10.0108504479062 0.276710063948452
143    9.6202654580319 -0.288699697734164
144    9.0254286725631 -0.634610035099808
145   8.35530643014997 -0.768500857360284
146   8.57888002849656 -1.49479840564493
147    8.5928026879273  -1.7154353679085
148   8.40111303007179 -1.78967809699315
149   8.20259312871657 -1.84302103115658
150   8.00053376830615 -1.87781038745808
151   7.79799461043938 -1.89756820985533
152   7.59660468143517 -1.90467483931006
153   7.39731703509447 -1.90107092913338
154     7.200705914721 -1.88860259062055
155   7.00706218705344 -1.86905000828025
156   6.81645480736182  -1.8440810831075
157   6.62878985307662 -1.81520269177825
158   6.44386689302717 -1.78372857518486
159   6.26142755552313 -1.75076733515697
160   6.08119278901481 -1.71722789555828
161   5.90288815336602  -1.6838370780148
162   5.72625869843151 -1.65116348174095
163   5.55107602920764 -1.61964288118469
164   5.37714020167035 -1.58960199967663
165   5.20427859472413 -1.56127908377119
166    5.0323432617735 -1.53484084234348
167   4.86120770491957 -1.51039597911982
168   4.69076360882093 -1.48800584414026
169   4.52091781021232 -1.46769279810178
170    4.3515896251478 -1.44944683562193
171   4.18270857144343 -1.43323092046279
172   4.01421248020832 -1.41898538580438
173    3.8460459693636 -1.40663166278385
174   3.67815924276382 -1.39607552630962
175   3.51050717498086 -1.38720998885073
176   3.34304864096708 -1.37991792866651
177   3.17574605030818 -1.37407450644357
178   3.00856504708651 -1.36954940131597
179   2.84147433835902 -1.36620888181705
180   2.67444561689162  -1.3639177177853
181   2.50745354705295 -1.36254093420518
182   2.34047578656366 -1.36194540618602
183   2.17349302096677 -1.36200129472893
184   2.00648899202749 -1.36258332473243
185    1.8394505055739 -1.36357190914285
186   1.67236740835469 -1.36485412573331
187   1.50523252715742 -1.36632455532051
188   1.33804156659515 -1.36788599206806
189   1.17079296457725 -1.36945003776321
190   1.00348770653066 -1.37093759256359
191  0.836129100968021 -1.37227925473095
192  0.668722520073504 -1.37341564137337
193  0.501275109676882 -1.37429764130086
194  0.333795473396797 -1.37488660985533
195  0.166293335937449  -1.3751545140925
196  -0.00122080940682999 -1.37508403504245
197  -0.168736063986226  -1.3746686320146
198   -0.3362414927422 -1.37391257208308
199  -0.503726493856801 -1.37283092601909
200  -0.671181164086844 -1.37144953004925
201  -0.838596654729166  -1.3698049109295
202  -1.00596551311212 -1.36794416995405
203  -1.17328200447086 -1.36592481969232
204  -1.34054240908359  -1.3638145655031
205  -1.50774528968149  -1.3616910222659
206  -1.67489172446948 -1.35964135536471
207  -1.84198550169098 -1.35776183384329
208  -2.00903327262763 -1.35615728292225
209  -2.17604466133162 -1.35494042282445
210  -2.34303233132111 -1.35423108118624
211  -2.51001201198036 -1.35415526729433
212  -2.67700249051307 -1.35484409798339
213  -2.84402557896782 -1.35643256717448
214  -3.01110607000258 -1.35905815353146
215  -3.17827169953796 -1.36285926322241
216  -3.34555313907899 -1.36797350679014
217   -3.5129840450484 -1.37453580997561
218  -3.68060119676225 -1.38267635712594
219  -3.84844475851919  -1.3925183614863
220  -4.01655870456065 -1.40417564795237
221  -4.18499144835409 -1.41775001924882
222  -4.35379671974923 -1.43332835423861
223  -4.52303473496744 -1.45097935507659
224   -4.6927737046893 -1.47074981578843
225  -4.86309172350727 -1.49266022597988
226  -5.03407907693264 -1.51669944752474
227  -5.20584098432136 -1.54281810884112
228  -5.37850075687838 -1.57092025540085
229  -5.55220327089341 -1.60085269229659
230  -5.72711850839437 -1.63239139217613
231  -5.90344466012094 -1.66522439125195
232  -6.08140987579771 -1.69893087321992
233  -6.26127116546266 -1.73295679510235
234  -6.44330826609374 -1.76658856393384
235  -6.62780971152192 -1.79892789865475
236  -6.81504829826634 -1.82887276072085
237  -7.00524412457813 -1.85511038034408
238  -7.19851562871834 -1.87612801322465
239  -7.39482204291416 -1.89024429919419
240  -7.59390254411321 -1.89565768539487
241  -7.79521278841744 -1.89049244117478
242  -7.99782802653037 -1.87277060225045
243  -8.20014739849352 -1.84007295371745
244  -8.39914138646359 -1.78883206981953
245  -8.59154209899983 -1.71665820489959
246  -8.57907222464358 -1.49597939434349
247  -8.36114395478882 -0.767996250013762
248  -9.03253314785578 -0.641258627141682
249   -9.6310409794596 -0.301857791582126
250  -10.0273162209066 0.259587971765626
251  -10.0424656021077 0.944267879316991
252  -9.56103364564605  1.92039931498941
253   -8.5690041682238  2.37191035478743
254  -7.48695038150763  2.46952318141425
255  -6.41163879231015  2.40882156594039
256  -5.34280444983181  2.38442962169223
257  -4.27767536272428  2.44105444749754
258   -3.2127950182561  2.51910079348826
259  -2.14474424657938  2.53587533286364
260  -1.07845169701747  2.50355589370758
