// Id               X                Y
  1  -0.0710684048455981  0.29280644570344
  2  0.826369512947024 0.322239119946156
  3   1.71381955087032 0.455220280206023
  4   2.57807644019638 0.680628153957266
  5    3.4183017631077 0.965904091590808
  6   4.24629502804326  1.26598649839118
  7   5.08311040120297  1.52483412600715
  8   5.94866767003019  1.65369853902795
  9   6.80984272443997  1.51252622788847
 10   7.52318109491577  1.00972680521705
 11   7.89139528724754 0.207282322471338
 12   7.89309676603229 -0.288456308371438
 13   7.72972204878657 -0.787381649356826
 14   7.31022797515012 -1.26811841492242
 15   6.58568484050262 -1.40106954452932
 16    7.0373231839678 -0.644122028362771
 17   7.07639559913134 -0.372085059380398
 18   7.02325539476307 -0.152947732289804
 19   6.92147858747828 0.0156754841681214
 20   6.79211441852414 0.145406409304243
 21   6.64425118687308 0.246337643783858
 22   6.48739309514301 0.323747852762806
 23   6.32787992082991  0.38328801574786
 24   6.16843482551423 0.429901637279818
 25   6.00991050912985 0.467057420037349
 26   5.85245278080384 0.496942033521614
 27     5.695990801722 0.520854526926536
 28   5.54041652811681 0.539526240087514
 29   5.38564442823287 0.553340784103668
 30   5.23162777901557 0.562480526890054
 31   5.07835997634668 0.567026195002826
 32   4.92587174407492 0.567028467957734
 33   4.77423059773851  0.56256373331492
 34    4.6235550629322 0.553781993434437
 35   4.47411239187425 0.540958627229885
 36   4.32637086332289  0.52454766242332
 37   4.17969488138581 0.505022448287615
 38    4.0338444230743 0.482926419265771
 39   3.88869974362622 0.458817927972376
 40   3.74414992499863 0.433227506364904
 41   3.60008142193045 0.406636659167283
 42   3.45638205379493 0.379469302176747
 43   3.31294677924072 0.352091195622063
 44    3.1696819434142 0.324813835743182
 45   3.02650748162177 0.297900322677929
 46   2.88335744561079 0.271571657800622
 47   2.74017940957155 0.246012629066012
 48   2.59693324583782  0.22137691602593
 49   2.45358962223775 0.197791334476857
 50   2.31012844192631 0.175359298719509
 51   2.16653734763074 0.154163651960485
 52   2.02281034745162 0.134269034743461
 53   1.87894658192995  0.11572394944982
 54   1.73494923352996 0.0985626505120042
 55    1.5908245725664 0.0828069547220468
 56   1.44658113238091 0.0684680302056942
 57   1.30222900758664 0.0555481902394157
 58   1.15777927035856 0.0440426914072892
 59   1.01324350010948 0.0339415156930082
 60  0.868633421277009 0.0252311031306585
 61  0.723960642578932 0.0178959950680174
 62   0.57923648934921 0.0119203469117302
 63  0.434471918792496 0.00728927210173929
 64   0.28967750643515 0.0039899845598279
 65  0.144863490822576 0.00201271360423604
 66  3.98626332516094e-05 0.00135137220313718
 67  -0.144783516196353 0.00200396573027041
 68  -0.289596778081504 0.00397273381738352
 69  -0.434389915042762 0.0072640226257582
 70  -0.579152658533617 0.0118878893386663
 71  -0.723874388650229 0.0178574454719635
 72  -0.868544087229587 0.025187951165624
 73  -1.01315034879871  0.03389567910705
 74  -1.15768146248001 0.0439965738722768
 75  -1.30212557673687 0.0555047395194418
 76  -1.44647095726917 0.0684307940998353
 77   -1.5907063465546 0.0827801329779867
 78  -1.73482143171857 0.0985511420107655
 79  -1.87880742595732 0.115733395382632
 80   -2.0226577680232 0.134305860192776
 81  -2.16636894455664 0.154235110189763
 82   -2.3099414411718 0.175473524478298
 83  -2.45338082928464 0.197957414616841
 84  -2.59669899468805 0.221604987536248
 85  -2.73991550725963 0.246314016040794
 86  -2.88305911349791 0.271959059498996
 87  -3.02616929749158 0.298388064166508
 88  -3.16929779297497 0.325418189695186
 89  -3.31250983233398 0.352830777156698
 90  -3.45588478883828 0.380365525745698
 91  -3.59951572908598 0.407714223961753
 92  -3.74350731644829 0.434514840335661
 93  -3.88797166924792 0.460347467060859
 94   -4.0330225839887 0.484734529166312
 95   -4.1787710911869 0.507148719401568
 96  -4.32533450230156 0.527033203639482
 97  -4.47293007981254 0.543842194686483
 98  -4.62220139147297 0.557101830797009
 99  -4.77274387298415 0.566353652702907
100  -4.92426391358348 0.571311921506943
101  -5.07663756691634 0.571821821940316
102  -5.22979544158199 0.567805056178335
103  -5.38370602791248 0.559211039431426
104   -5.5383756894495 0.545960208279116
105  -5.69385125963037 0.527871306875312
106  -5.85021846253153 0.504560496771271
107  -6.00758485964863 0.475293489754811
108  -6.16601797923705 0.438764430459693
109  -6.32536022308501 0.392776528969578
110  -6.48472631116281 0.333854973421981
111  -6.64132784715252  0.25707968292369
112  -6.78877702502658 0.156887657997475
113  -6.91763068720988 0.0281811269334173
114  -7.01870083582392 -0.138040525248156
115  -7.07272213208453 -0.355993457532765
116  -7.03520226654353 -0.628121859812642
117  -6.59143830873652 -1.38847398054052
118  -7.31948337638468 -1.27859575427185
119    -7.753013147124 -0.799297614887438
120  -7.92568730251356 -0.301545312883648
121  -7.93451057183652 0.194622073456611
122  -7.58713069282699  1.00617589830076
123  -6.88657547598753    1.524779428242
124   -6.0293978786595  1.67647154339623
125  -5.16711107303664  1.54816303965482
126  -4.33682809286528  1.28226106709767
127  -3.51796840741591 0.973125668889699
128  -2.68795534329753 0.679065420430014
129  -1.83393200537747 0.447606928147649
130  -0.956693233511961 0.313649666044079
131  -0.0445221190322331 0.885516877817532
132   0.84325376336292 0.935366689342318
133    1.7223106111028  1.07518670859007
134   2.59014102866402  1.30097883785728
135   3.45327531343976  1.58526068269607
136   4.33546521382279  1.87765422814105
137   5.29177055269638  2.10150137613879
138   6.35357564275794  2.11638605426545
139    7.3738939382709  1.75075119122275
140   8.10851818616576 0.935052187746108
141   8.25385131169599 -0.163879856467039
142   7.96555988491655 -0.854289976585859
143   7.42286544141388 -1.38496455711872
144    6.7265002711818 -1.72218006697428
145   5.96325766859314 -1.95997483223928
146   5.13054601082326 -2.21824233478975
147   5.00664291875425 -2.24811626555016
148   4.97104134117736 -2.25626171128933
149    4.9355060357247 -2.26422502109667
150   4.89932342393649 -2.27219371610496
151   4.86171599894766 -2.28035738477781
152   4.82148846470456 -2.28899366652695
153   4.77796954387414  -2.2982626260702
154   4.73101513737254 -2.30821767762704
155   4.68074182417494 -2.31886150844255
156    4.6273322506788 -2.33018630347658
157   4.57093767558679 -2.34219085529133
158   4.51163934671905 -2.35488678143876
159   4.44943604604935 -2.36829971379893
160   4.38423798540873 -2.38246995332542
161   4.31585343075069  -2.3974550718737
162   4.24395161140261  -2.4133380742082
163   4.16796284968632 -2.43024990450779
164   4.08677162467707 -2.44843903663247
165   3.99729992173648 -2.46859270371255
166   3.89277044905557 -2.49223270882269
167   3.78095920361223 -2.51755843332488
168   3.66512679992992 -2.54375344905963
169   3.54645239297552 -2.57045813101948
170   3.42557689349595 -2.59742634714911
171   3.30291682804275 -2.62445722659208
172   3.17876766053066   -2.651374337362
173   3.05334871287261 -2.67801817344528
174   2.92682706393948 -2.70424333531894
175   2.79933234123097 -2.72991748930928
176   2.67096685244539 -2.75492094523954
177   2.54181293555544 -2.77914636037165
178   2.41193843041368 -2.80249837020799
179   2.28140077565332 -2.82489308333558
180   2.15025005738227 -2.84625744075436
181   2.01853124762579 -2.86652846657673
182   1.88628581841053 -2.88565244483341
183   1.75355288100668  -2.9035840560332
184   1.62036997098605 -2.92028550228676
185   1.48677357535903 -2.93572564392288
186    1.3527994770949 -2.94987916492209
187   1.21848297450003 -2.96272577973931
188   1.08385901808818 -2.97424949036358
189  0.948962295544913  -2.9844378997569
190  0.813827285905342 -2.99328158601498
191  0.678488296812353 -3.00077354054116
192  0.542979493376686 -3.00690867302835
193   0.40733492340818 -3.01168338589841
194  0.271588541339812 -3.01509522084804
195  0.135774231743586 -3.01714258011639
196  -7.41673380084858e-05 -3.01782452488608
197  -0.13592284122176 -3.01714065278605
198  -0.271737975525169 -3.01509105578181
199  -0.407485733108458 -3.01167635888152
200  -0.543132230915657  -3.0068978391686
201  -0.678643516694974 -3.00075762382012
202  -0.813985545628677 -2.99325896509994
203  -0.949124156730564 -2.98440658989043
204  -1.08402504822855 -2.97420712114868
205  -1.21865374976956 -2.96266956867095
206  -1.35297558688789  -2.9498058865878
207  -1.48695562949097 -2.93563159491206
208  -1.62055861085071 -2.92016646201829
209  -1.75374879643929 -2.90343524393966
210  -1.88648977259288 -2.88546847463658
211   -2.0187441131165 -2.86630329875806
212  -2.15047286730775 -2.84598433477106
213  -2.28163479531477 -2.82456455165187
214   -2.4121852561479 -2.80210613678008
215   -2.5420746297842 -2.77868132678581
216  -2.67124612673081 -2.75437316813036
217  -2.79963280334603  -2.7292761727359
218  -2.92715355158264 -2.70349684098435
219  -3.05370774828002 -2.67715404912581
220  -3.17916808310735 -2.65037935793664
221  -3.30337071209601 -2.62331742894468
222  -3.42610097804644  -2.5961270110847
223  -3.54707056774994 -2.56898358786906
224  -3.66587514430899 -2.54208639982484
225   -3.7818985573073 -2.51567773781694
226  -3.89402926756744  -2.4901048702334
227   -3.9993337947135 -2.46611706025155
228  -4.08978020532081 -2.44559047210338
229  -4.17145492319851 -2.42715144420581
230  -4.24779447502944 -2.41002692879291
231   -4.3199871163815 -2.39395087904777
232  -4.38862733449512 -2.37878650038318
233  -4.45405640723103 -2.36444847707902
234   -4.5164707711615 -2.35087833796689
235  -4.57596201895299  -2.3380355535695
236  -4.63253149953783  -2.3258946027649
237   -4.6860971962404 -2.31444417343154
238  -4.73650708089893 -2.30368565624045
239  -4.78357938664741  -2.2936268032915
240  -4.82720260691339 -2.28426337694126
241  -4.86753339820968 -2.27553915047187
242  -4.90526110518516 -2.26728755549154
243  -4.94159254183945  -2.2592274740884
244  -4.97731117938146 -2.25116402649195
245  -5.01307862762674 -2.24292144628686
246  -5.13773089072058  -2.2126496366894
247  -5.97076219953125 -1.95333236149542
248  -6.73374191038414 -1.72114822602126
249  -7.43459276128274 -1.39166916978209
250  -7.98614098525011 -0.869144349243734
251  -8.28851019906457 -0.184024147938036
252  -8.16983203554144  0.91897195324914
253  -7.45404982759934  1.75193009293035
254   -6.4391040207723  2.13378932036121
255  -5.37583910227647  2.12417802586875
256  -4.41595697017198   1.8947445860952
257  -3.53629324404507  1.59310805747031
258  -2.67625512439304  1.29942993214779
259  -1.80998918181531  1.06743774783387
260  -0.930500017092184 0.927683742720075
