// Id               X                Y
  1  -0.119936320201982   17.753940601512
  2  0.945442151957219  17.6982175274615
  3   1.99071293640125  17.4427295960705
  4   2.95347956291506  17.0343129639174
  5     3.854752764047  16.4586208639605
  6   4.60224087973994  15.7034257759176
  7   5.14662840669653  14.9122660239494
  8   5.66327182377356  14.1372076960035
  9   6.24774303094277  13.4164005435101
 10   6.88962421142346  12.7446958865254
 11   7.50172776937704  12.0458001730662
 12   7.75483723670094  11.5830043130614
 13    7.8769971297454  11.0709106237325
 14   7.79399442723371  10.5509825659747
 15   7.46740925856903  10.1421535438857
 16   6.77672010744419   10.006199963201
 17   6.56236752723211  10.0681724406924
 18   6.39462846499615   10.155108184191
 19   6.24216834656755  10.2713896965597
 20   6.10093997479016  10.4184483284123
 21    5.9800416045161  10.5890023351654
 22   5.88003253615602  10.7755470253716
 23   5.80005091632674  10.9737288163337
 24   5.73705589013779  11.1797693548345
 25   5.68823449525582  11.3911944674724
 26   5.65019391330422  11.6062102887465
 27   5.61987501484069  11.8236888386701
 28   5.59427688104939  12.0428861201134
 29   5.57074203180737  12.2633175675337
 30   5.54686352693628   12.484618551887
 31   5.52055302253205  12.7064645416906
 32   5.49000275423536  12.9285117758441
 33   5.45369029829274  13.1503680135375
 34   5.41035602480903  13.3715793198353
 35   5.35899069862853  13.5916317028047
 36   5.29881577196623  13.8099606293633
 37   5.22926516098188  14.0259660549647
 38   5.14996455356093  14.2390293032977
 39   5.06071050003018  14.4485300890697
 40   4.96144880767712   14.653861971234
 41   4.85225316694312  14.8544454547709
 42   4.73330434095633  15.0497382218755
 43   4.60487048488854  15.2392424295946
 44   4.46728895105518   15.422509211074
 45   4.32094988328967  15.5991407083575
 46     4.166281764668  15.7687900402602
 47   4.00373898566851  15.9311596455187
 48   3.83379140252828  16.0859984255609
 49    3.6569157848701  16.2330980720521
 50   3.47358899914465   16.372288907384
 51   3.28428274318334  16.5034355045488
 52   3.08945963277293  16.6264322918548
 53     2.889570440947  16.7411992929137
 54   2.68505230058226  16.8476781053183
 55    2.4763276974704  16.9458281833785
 56   2.26380410118918  17.0356234607971
 57   2.04787410245243  17.1170493273226
 58   1.82891594647861  17.1900999579598
 59   1.60729437123049  17.2547759829781
 60   1.38336167659232   17.311082480584
 61   1.15745896546912  17.3590272707523
 62  0.929917510443722  17.3986194875716
 63  0.701060210155699  17.4298684079542
 64  0.471203108168663  17.4527825162533
 65  0.240656953967091  17.4673687868775
 66  0.00972879105353885  17.4736321701439
 67  -0.221276438947438  17.4715752701898
 68  -0.452054284613518  17.4611982076073
 69  -0.682299172448388  17.4424986634774
 70  -0.91170280066224   17.415472105557
 71  -1.13995254649085  17.3801122014214
 72  -1.36672989652314  17.3364114273072
 73  -1.59170891271862  17.2843618851197
 74  -1.81455475132632  17.2239563434532
 75    -2.034922257896  17.1551895213479
 76  -2.25245466916282  17.0780596356704
 77  -2.46678246197543  16.9925702341646
 78  -2.67752240082023  16.8987323360075
 79  -2.88427684904288  16.7965668995978
 80  -3.08663342467748  16.6861076326637
 81  -3.28416509979597  16.5674041517337
 82   -3.4764308621421  16.4405254855524
 83  -3.66297707875565  16.3055638989329
 84  -3.84333972200909  16.1626389885847
 85  -4.01704763699456  16.0119019695149
 86  -4.18362704285364  15.8535400289972
 87  -4.34260746618367  15.6877805749866
 88  -4.49352929847397  15.5148951486905
 89  -4.63595314803031  15.3352027100596
 90  -4.76947111695926  15.1490719457795
 91  -4.89372007355491   14.956922200065
 92  -5.00839690977111   14.759222600064
 93  -5.11327567498154  14.5564889533329
 94  -5.20822636709988  14.3492780499389
 95  -5.29323505074755  14.1381791223427
 96  -5.36842487418131  13.9238024176616
 97  -5.43407748990141  13.7067651320887
 98  -5.49065436598942  13.4876753547823
 99  -5.53881751826086  13.2671151717729
100  -5.57944929451667    13.04562468703
101  -5.61367097249587   12.823689420536
102  -5.64286002255322   12.601734329887
103  -5.66866580956239  12.3801285520154
104  -5.69302306914603  12.1592058314472
105  -5.71816141664398  11.9393063905268
106    -5.746607076215   11.720846480022
107   -5.7811695696838  11.5044215693997
108  -5.82490095669142  11.2909472621077
109  -5.88100840902549  11.0818372307317
110  -5.95269308911598  10.8792079909057
111  -6.04288085011235  10.6860850521614
112  -6.15379626005093  10.5065735828777
113   -6.2861781276903  10.3460571646277
114  -6.43070654214476  10.2166201806095
115  -6.59045491222258  10.1144608619814
116  -6.79789563927922  10.0321582745717
117  -7.50018119951714  10.0901255498168
118  -7.86724345667439  10.4587972975425
119  -7.99750277849385  10.9651548311075
120  -7.91161355373971  11.4813178483443
121  -7.68025457480238  11.9522384736753
122   -7.0779159646435  12.6578311642874
123  -6.42787065681185  13.3219577943168
124  -5.82989781031059  14.0311334827527
125  -5.30559249932662  14.8001466950296
126  -4.78891117872279  15.5932799094529
127   -4.0908870659128  16.3321096719675
128   -3.2223794382292  16.9536389762569
129  -2.24556473067932  17.3779805064808
130  -1.19076892094852  17.5986207525602
131  -0.121884291252437  18.3305392984715
132  0.959794055138921  18.2755186594654
133   2.01520302074875  18.0236044588049
134   3.02289445138558  17.6123489833656
135   3.94809885507313  17.0341588138169
136   4.74777313373102  16.2886034589976
137    5.4401912072275  15.4465795701129
138   6.08458625979931  14.5762070660633
139    6.7639699862586  13.7377310711566
140   7.47434782019888  12.9243552893003
141   8.15971490007669  12.0851865665194
142   8.36143573109942  11.6196588873931
143   8.44351142613226  11.1203151926963
144   8.36900818593497   10.619730177903
145   8.19236991566407  10.1432611147233
146    8.6179072974526  9.82452997896085
147   9.38795757085119  9.18179114537087
148    9.1025371849608  8.83320500992529
149   8.72362642990948  8.56585743241983
150   8.30223528139882  8.36349713960108
151   7.85482041788437  8.23090357243873
152   7.39628578870257  8.17130444977369
153   6.94114309080412  8.18391260769847
154   6.50258895182406  8.26392895009634
155   6.09138777005563  8.40326818260984
156   5.71513188224932   8.5916912050735
157   5.37803338876314  8.81806438273902
158   5.08118743757179  9.07148376891918
159   4.82316244591436   9.3421031559067
160   4.60072927381122  9.62161328063767
161   4.40957771986017   9.9034078860858
162   4.24492126704464  10.1825197841437
163    4.1019498827588  10.4554191535801
164    3.9761312363832   10.719752296052
165   3.86338427880507   10.974075297917
166   3.76015698063759  11.2176142607865
167   3.66343893406695  11.4500660835136
168   3.57073392511077  11.6714423600758
169   3.48001098515698  11.8819526363769
170   3.38964644417327  12.0819205606292
171   3.29836482541806  12.2717259105088
172   3.20518307221804  12.4517660655015
173   3.10936037415678  12.6224315453726
174   3.01035447072329  12.7840913851467
175   2.90778449101606  12.9370851740145
176   2.80139993190964    13.08171947236
177   2.69105514321629  13.2182670176795
178   2.57668858918267  13.3469676478187
179   2.45830614060013  13.4680302352633
180   2.33596769121908  13.5816351723413
181   2.20977646598557  13.6879371074504
182   2.07987048056839  13.7870677356661
183   1.94641570781729  13.8791385150401
184   1.80960059648366   13.964243226768
185   1.66963166420675  14.0424603311797
186   1.52672994807145  14.1138550961471
187   1.38112814284366  14.1784814919575
188   1.23306829191318  14.2363838582009
189    1.0827999220958  14.2875983549444
190  0.930578533441765  14.3321542136095
191  0.776664371007508  14.3700748036412
192  0.621321418403676  14.4013785302004
193  0.464816563537503  14.4260795764084
194  0.307418895704622   14.444188501589
195  0.149399100269344  14.4557127047632
196  -0.00897107725812239  14.4606567605187
197  -0.167419321778903  14.4590226323473
198  -0.325673214994819  14.4508097666406
199  -0.483460697258226  14.4360150687189
200  -0.640510544169127  14.4146327605055
201  -0.796552878083887  14.3866541176854
202  -0.951319736816419  14.3520670823545
203   -1.1045457252153  14.3108557452399
204  -1.25596878005959  14.2629996895335
205  -1.40533108492422  14.2084731862664
206  -1.55238017944068  14.1472442290591
207  -1.69687031688932  14.0792733942187
208  -1.83856413558505   14.004512510871
209  -1.97723472356557  13.9229031256701
210  -2.11266817356946  13.8343747484217
211  -2.24466674770779  13.7388428696761
212  -2.37305280081654  13.6362067501817
213  -2.49767365105053  13.5263469961896
214   -2.6184076387211  13.4091229551781
215  -2.73517168156137  13.2843699951085
216  -2.84793071601207  13.1518967695432
217  -2.95670950557775  13.0114826264008
218  -3.06160739041166  12.8628754002596
219  -3.16281663488788  12.7057899541736
220  -3.26064508707687  12.5399080314952
221  -3.35554387804256  12.3648802716695
222  -3.44814083609008  12.1803316692043
223  -3.53928013386558  11.9858723417829
224  -3.63006835960134  11.7811162411406
225  -3.72192659929961  11.5657113865246
226  -3.81664706789176  11.3393862810845
227  -3.91645110590655   11.102018263688
228  -4.02404269132875  10.8537303904508
229  -4.14264774756102  10.5950235440464
230  -4.27602435070042   10.326949024681
231  -4.42842274258859  10.0513226957998
232  -4.60446791551871  9.77097336359224
233  -4.80893379412406  9.49000411392775
234  -5.04638066575567  9.21402554565439
235  -5.32064179730691  8.95029660671971
236  -5.63417603428636  8.70768887677054
237  -5.98735142009133  8.49638560833606
238  -6.37778217248063  8.32725224589581
239  -6.79988685586095  8.21088047372094
240  -7.24483926593336  8.15640642296498
241  -7.70102875036294   8.1702886102427
242   -8.1550923325771  8.25522285654455
243  -8.59316851257968  8.40988793158901
244  -8.99566662908295  8.63399590868658
245  -9.31308110184576  8.94898917613439
246  -8.61330956465854  9.66278978010367
247  -8.22265285619229  10.0235078997722
248  -8.44665402985913  10.4802960923719
249  -8.56420639378078  10.9728910779555
250   -8.5166953906655  11.4769716542993
251  -8.34053230833007  11.9531601734117
252  -7.67230921301463  12.8070099998225
253  -6.96037416285495  13.6180560271767
254  -6.27284052812789  14.4473578797277
255  -5.63168625730694  15.3168174547095
256  -4.95784791089576  16.1704186288682
257  -4.16776349580339  16.9249658738292
258  -3.26094150813701  17.5336381798764
259  -2.25700266884353  17.9549960392314
260  -1.19728138922923  18.1871756135102
