// Id               X                Y
  1  -1.04916637423089  13.6352733964829
  2  0.0202102119609844  13.6463101900649
  3   1.06988819427291  13.4575281315716
  4   2.06533782597328  13.0671735262888
  5   2.96255072855523  12.4822514532429
  6   3.71414879922504   11.726869090535
  7   4.28191893474326  10.8363142170654
  8   4.82314824817107  9.94531218247253
  9   5.44163627183079  9.11283896833728
 10   6.11585665444773  8.33623717171814
 11   6.70902167794763  7.56178903025217
 12    6.9242820132564  7.05244189911265
 13   6.96749448884032  6.49402739411152
 14   6.74677262238151  5.98762804810125
 15   6.29256240959873  5.71796252967563
 16   5.79311867948636  5.77804115338705
 17   5.55865559789774  5.90238298506008
 18    5.3709681979245  6.05896112308274
 19   5.23051218399833  6.22044669258983
 20   5.13282667640851  6.36349728612429
 21   5.05448409581607  6.50366730019559
 22   4.98950874835598  6.64355084013999
 23   4.93507928538706  6.78367622256564
 24   4.88915332744037  6.92410437605642
 25   4.85037030627294    7.064957792599
 26   4.81725827042046  7.20633241240896
 27   4.78897063955224   7.3485175497934
 28   4.76428810022868  7.49176076790046
 29   4.74259917882787   7.6364562693329
 30   4.72290336180862  7.78296433517668
 31   4.70463091875524  7.93173567855055
 32   4.68695738050169  8.08322001600198
 33   4.66925923653043  8.23793790548371
 34    4.6507795756161  8.39647626390844
 35   4.63078250337613  8.55957169433589
 36   4.60840757079685  8.72821772168326
 37   4.58262926880719  8.90391948979562
 38   4.55205862663417  9.08916415070596
 39   4.51481996483454  9.28704870292097
 40   4.46939205485659  9.49653127852717
 41   4.41492350841116  9.71334412325983
 42   4.35062274336313  9.93429667255833
 43   4.27574512005278  10.1571725044364
 44    4.1896721906965  10.3802284508316
 45   4.09195129383624  10.6019627740889
 46   3.98230914781616  10.8210179568198
 47   3.86065051978819  11.0361419101418
 48    3.7270476510837  11.2461752767297
 49    3.5817237874034  11.4500501820987
 50   3.42503315021603   11.646793242128
 51   3.25743914635514  11.8355291365468
 52   3.07949224441662  12.0154828786641
 53   2.89180864477693  12.1859799328302
 54   2.69505060264805  12.3464439326867
 55    2.4899090203787  12.4963921167055
 56   2.27708870179322  12.6354288165868
 57   2.05729645583331   12.763237458341
 58   1.83123205092967  12.8795715910876
 59     1.599581861572  12.9842454588541
 60   1.36301492330324  13.0771245866694
 61   1.12218102945761  13.1581167760275
 62  0.877710464897811  13.2271638106965
 63  0.630214974496641  13.2842340765761
 64  0.380289597546985  13.3293162109446
 65  0.128515052267387   13.362413824416
 66  -0.124539582803018  13.3835412860527
 67  -0.37831407852507  13.3927205280114
 68  -0.632254281187608  13.3899788090685
 69  -0.885809423930639   13.375347374102
 70  -1.13842954766425    13.34886095634
 71  -1.38956302575144  13.3105580874752
 72  -1.63865417469891   13.260482203504
 73  -1.88514093955233  13.1986835570987
 74  -2.12845266656415  13.1252219664266
 75  -2.36800801500281  13.0401704419128
 76  -2.60321311238256  12.9436197329128
 77  -2.83346012007008  12.8356838218731
 78  -3.05812644480246  12.7165063606643
 79  -3.27657489904186  12.5862679899273
 80   -3.4881551690823  12.4451944078923
 81  -3.69220698223365  12.2935649650135
 82  -3.88806536175343  12.1317214644304
 83  -4.07506831276435  11.9600767587013
 84  -4.25256719212188  11.7791226645863
 85  -4.41993988329394  11.5894366832396
 86  -4.57660672986945  11.3916870256718
 87  -4.72204898438941  11.1866355179369
 88  -4.85582930729508   10.975138121057
 89  -4.97761360764108  10.7581430893143
 90  -5.08719325826827  10.5366872825721
 91  -5.18450645219878  10.3118919822249
 92  -5.26965720289087  10.0849610092136
 93  -5.34293022269353  9.85718660146369
 94  -5.40479958572603  9.62997380588978
 95  -5.45592852949893   9.4049056978136
 96  -5.49715679567351  9.18389773049401
 97  -5.52947328046248  8.96952431406974
 98  -5.55401060720583  8.76527282337714
 99  -5.57221956088611   8.5731970880903
100  -5.58575947122115  8.39108738002522
101  -5.59595346016235  8.21617055409426
102  -5.60381447233217  8.04657492194115
103  -5.61020160094998  7.88098063155362
104  -5.61590961325812   7.7183281187209
105  -5.62172381037052  7.55766062809223
106  -5.62846491992946  7.39802964832414
107  -5.63703785867263  7.23842569331243
108  -5.64849653263438  7.07771133247605
109  -5.66414435561095  6.91451618789702
110  -5.68572633476437   6.7469492437882
111   -5.7159667353126  6.57142432923838
112  -5.76130025882416  6.37581500554482
113  -5.82990751701661  6.15969271746845
114  -5.92778549456748  5.93810444695093
115   -6.0636311495498   5.7204857514218
116  -6.24747157279784  5.52000958721102
117   -6.6985328004886  5.27663936206166
118  -7.21522303117978  5.34797987124293
119  -7.59596118812245  5.72152890160521
120  -7.73152793176087  6.23953432242118
121  -7.65827706240882  6.76787907325342
122   -7.2107779969825  7.60020693123137
123  -6.65910056567264   8.3540587600671
124  -6.13624159947379  9.12355432019963
125  -5.68617110896239  9.94156044046839
126  -5.27639593493389   10.785145328064
127  -4.71383903251014  11.6584590165403
128  -3.96770082351778  12.4209587255666
129  -3.08282837179644   13.015487655736
130  -2.08042994977671  13.3696228088572
131  -0.746662328260569  14.1284617485237
132  0.379256252525821   14.107025629884
133   1.47769458768375  13.8720950971862
134    2.5101773246605  13.4388688784569
135   3.43527513241608   12.815679915999
136   4.21025333138998  12.0190214920636
137   4.81110146702822  11.0871695119486
138   5.39005528194233  10.1433968553016
139   6.03877532499886  9.24650182610982
140   6.72887893236468  8.37734886337291
141   7.29103912167619  7.41425372987725
142   7.40934048930949  6.70899435443408
143   7.25887084097856  6.00993230644469
144   6.83146446481829  5.43860782053194
145   6.27467286505322  5.00059459977155
146   6.05356011932938  4.29950080590707
147   5.87237748994414    4.135374487033
148    5.6711317008891    4.005745477731
149   5.45544084945768  3.90851569886991
150    5.2293640321132  3.84264518347806
151   5.00005881659223  3.80506314078094
152    4.7712106568729  3.79422765387126
153   4.54566562704441  3.80904435605431
154   4.32590357769064  3.84848096859739
155   4.11411965405137  3.91129659392448
156   3.91216257354264  3.99588169918013
157   3.72144433830556  4.10024560485101
158   3.54289199886805  4.22213536635598
159   3.37697968640283  4.35921071749858
160   3.22380900582498  4.50920221363341
161   3.08321073661638  4.67001216930401
162   2.95483363696408   4.8397620919023
163   2.83821894837829  5.01680082297794
164   2.73286111474459  5.19969293838237
165   2.63826787744925  5.38719683594511
166   2.55403651610182  5.57823938736961
167   2.47998964493439  5.77188831754117
168    2.4164219834467  5.96731076687411
169   2.36392817057591  6.16366378744994
170   2.32096839804354  6.36002268293508
171   2.28425946982508  6.55566212448587
172   2.25114857432137  6.75012086983578
173   2.21961149669427  6.94308075974826
174   2.18796685375678  7.13429048751352
175   2.15473511709832  7.32352269359156
176   2.11857816167012   7.5105449914399
177   2.07827533744446  7.69509773348922
178   2.03271681757694  7.87687638489493
179   1.98090554762904    8.055518073963
180   1.92196352863659  8.23059241810043
181   1.85514007938151  8.40159682247589
182   1.77982057138629  8.56795636544559
183   1.69553451516333  8.72902821023473
184   1.60196207884522  8.88411025603708
185   1.49893828174003  9.03245349421972
186   1.38645429336793  9.17327730266109
187   1.26465550268883  9.30578673367457
188   1.13383628732158  9.42919076245766
189  0.994431672558305  9.54272047847234
190  0.847006285314806  9.64564631103175
191  0.692241152255612  9.73729355164221
192  0.530918959653392  9.81705563263564
193  0.363908399771266  9.88440481784533
194  0.192148196219641  9.93890014773007
195  0.0166313433631746   9.9801926620672
196  -0.161609986444389  10.0080281004186
197  -0.341518526745284  10.0222474429118
198  -0.522024799236126  10.0227857753785
199  -0.702058775894721  10.0096700132241
200  -0.880560477636119  9.98301597904978
201  -1.05648981005088  9.94302520467226
202  -1.22883602247101  9.88998164649857
203   -1.3966271916855  9.82424830450011
204   -1.5589400797453  9.74626355787222
205  -1.71491061078561   9.6565369012939
206  -1.86374507176207  9.55564369630215
207  -2.00473198099264  9.44421854436306
208  -2.13725439830961  9.32294694051194
209  -2.26080228494706  9.19255497915456
210  -2.37498437978635  9.05379705686808
211  -2.47953896784325   8.9074417441327
212  -2.57434290437184  8.75425625823208
213  -2.65941834147424  8.59499022670753
214  -2.73493678202748  8.43035963948965
215  -2.80122033414308  8.26103200769142
216  -2.85874031864396  8.08761375629668
217  -2.90811365084157  7.91064078066117
218  -2.95009764919846  7.73057291948626
219  -2.98558411830517  7.54779287808698
220  -3.01559375312786  7.36260991371616
221  -3.04127221483197  7.17526840230995
222  -3.06388983491665  6.98596127704193
223  -3.08484822231027  6.79484832336917
224  -3.10569997871961  6.60207958449623
225  -3.12819435205451  6.40782510226674
226  -3.15437587664216  6.21231513191542
227  -3.18677512301081   6.0159028585698
228  -3.22851436639106  5.81917369106173
229  -3.28197116569195  5.62304849775414
230  -3.34735305387994   5.4286151565207
231  -3.42462610939993  5.23699937556987
232  -3.51422647459619  5.04946237460595
233  -3.61686733157867  4.86748449924233
234  -3.73336112660885  4.69281583238197
235  -3.86448302370893  4.52750272340266
236  -4.01082984811885  4.37387454756116
237  -4.17265768904742  4.23446416122736
238  -4.34971711053704  4.11184569067086
239   -4.5411389284526  4.00842063418335
240  -4.74541493334435  3.92625481758695
241  -4.96039838353796  3.86711066181924
242   -5.1827446506802  3.83292125525238
243  -5.40976167334783  3.82540491664644
244  -5.63940914337789  3.84660984111887
245  -5.86778524889649  3.90123266118372
246  -6.08890470433062  3.99546758294901
247  -6.50150048757427  4.59418603399278
248  -7.17396032059533  4.80482216494192
249  -7.76316060752839  5.20226907995672
250   -8.1095425214645  5.82692282934592
251  -8.16872596597317  6.54023562139829
252  -7.82130260041394  7.60017504146441
253  -7.23550041222803  8.54638643906846
254  -6.62796972025947  9.47755484166428
255  -6.05435071353373  10.4315577181726
256  -5.45226545006593  11.3739728001057
257  -4.76425525086181  12.2670955945889
258  -3.92217703856409   13.023569495679
259  -2.93654870841764  13.5818838441168
260  -1.85419200041289  13.9131671285197
